gen avg_1 best_1 worst_1 avg_trigger
0 8.028 4 15 0.472222222222
1 7.361 4 8 0.472222222222
2 7.889 4 7 0.388888888889
3 6.083 4 7 0.388888888889
4 6.194 4 7 0.388888888889
5 6.611 4 6 0.361111111111
6 6.944 4 6 0.222222222222
7 5.167 4 5 0.194444444444
8 5.25 4 5 0.166666666667
9 5.306 4 5 0.166666666667
10 5.361 4 5 0.166666666667
11 5.486 4 5 0.135135135135
12 5.568 4 5 0.108108108108
13 5.649 4 5 0.135135135135
14 5.838 4 5 0.0810810810811
15 4 4 4 0.0540540540541
16 4 4 4 0.0540540540541
17 4 4 4 0.027027027027
18 4 4 4 0.027027027027
19 4 4 4 0.027027027027
20 4 4 4 0.027027027027
21 4 4 4 0.027027027027
22 4 4 4 0.027027027027
23 4 4 4 0.0
24 5.946 4 5 0.0
25 5.784 4 5 0.027027027027
26 5.946 4 5 0.0
27 4 4 4 0.0
28 4 4 4 0.0
29 4 4 4 0.0
30 4 4 4 0.0
31 4 4 4 0.0
32 4 4 4 0.0
33 4 4 4 0.0
34 4 4 4 0.0
35 4 4 4 0.0
36 4 4 4 0.0
37 4 4 4 0.0
38 4 4 4 0.0
39 4 4 4 0.0
40 4 4 4 0.0
41 4 4 4 0.0
42 4 4 4 0.0
43 4 4 4 0.0
44 5.973 4 5 0.0
45 4 4 4 0.0
46 5.973 4 5 0.027027027027
47 4 4 4 0.027027027027
48 4 4 4 0.027027027027
49 4 4 4 0.027027027027
50 4 4 4 0.027027027027
51 4 4 4 0.027027027027
52 5.946 4 5 0.027027027027
53 4 4 4 0.027027027027
54 4 4 4 0.027027027027
55 4 4 4 0.027027027027
56 4 4 4 0.0
57 4 4 4 0.0
58 4 4 4 0.0
59 4 4 4 0.0
60 4 4 4 0.0
61 4 4 4 0.0
62 4 4 4 0.0
63 4 4 4 0.0
64 4 4 4 0.0
65 4 4 4 0.0
66 4 4 4 0.0
67 4 4 4 0.0
68 4 4 4 0.0
69 4 4 4 0.0
70 4 4 4 0.0
71 4 4 4 0.0
72 4 4 4 0.0
73 4 4 4 0.027027027027
74 4 4 4 0.0540540540541
75 4 4 4 0.0540540540541
76 4 4 4 0.0540540540541
77 4 4 4 0.0540540540541
78 4 4 4 0.0810810810811
79 4 4 4 0.0810810810811
80 4 4 4 0.108108108108
81 4 4 4 0.108108108108
82 4 4 4 0.108108108108
83 4 4 4 0.0810810810811
84 4 4 4 0.0540540540541
85 4 4 4 0.0540540540541
86 4 4 4 0.108108108108
87 4 4 4 0.108108108108
88 4 4 4 0.0810810810811
89 4 4 4 0.0810810810811
90 4 4 4 0.0540540540541
91 4 4 4 0.0540540540541
92 4 4 4 0.0540540540541
93 4 4 4 0.0540540540541
94 4 4 4 0.0540540540541
95 4 4 4 0.0540540540541
96 4 4 4 0.0
97 4 4 4 0.0
98 4 4 4 0.0
99 4 4 4 0.0
100 4 4 4 0.0
101 4 4 4 0.0
102 4 4 4 0.0
103 4 4 4 0.0
104 4 4 4 0.0
105 4 4 4 0.0
106 4 4 4 0.0
107 4 4 4 0.0
108 4 4 4 0.0
109 4 4 4 0.0
110 4 4 4 0.0
111 4 4 4 0.0
112 4 4 4 0.0
113 4 4 4 0.027027027027
114 4 4 4 0.027027027027
115 4 4 4 0.027027027027
116 4 4 4 0.027027027027
117 4 4 4 0.027027027027
118 4 4 4 0.027027027027
119 4 4 4 0.027027027027
120 4 4 4 0.027027027027
121 4 4 4 0.027027027027
122 4 4 4 0.027027027027
123 4 4 4 0.0
124 4 4 4 0.0
125 4 4 4 0.0
126 4 4 4 0.0
127 4 4 4 0.0
128 4 4 4 0.0
129 4 4 4 0.0
130 4 4 4 0.0
131 4 4 4 0.0
132 4 4 4 0.0
133 5.973 4 5 0.0
134 4 4 4 0.0
135 4 4 4 0.0
136 5.865 4 5 0.0810810810811
137 5.892 4 5 0.0540540540541
138 5.865 4 5 0.0540540540541
139 4 4 4 0.027027027027
140 4 4 4 0.027027027027
141 4 4 4 0.027027027027
142 4 4 4 0.027027027027
143 4 4 4 0.027027027027
144 4 4 4 0.027027027027
145 4 4 4 0.0810810810811
146 4 4 4 0.0810810810811
147 4 4 4 0.0810810810811
148 4 4 4 0.0810810810811
149 4 4 4 0.0810810810811
150 4 4 4 0.0810810810811
151 4 4 4 0.108108108108
152 4 4 4 0.108108108108
153 4 4 4 0.108108108108
154 4 4 4 0.108108108108
155 4 4 4 0.0540540540541
156 4 4 4 0.0810810810811
157 4 4 4 0.0810810810811
158 4 4 4 0.0810810810811
159 4 4 4 0.0540540540541
160 4 4 4 0.0540540540541
161 4 4 4 0.027027027027
162 4 4 4 0.027027027027
163 4 4 4 0.0540540540541
164 4 4 4 0.0540540540541
165 4 4 4 0.0540540540541
166 4 4 4 0.027027027027
167 4 4 4 0.027027027027
168 4 4 4 0.027027027027
169 4 4 4 0.0540540540541
170 4 4 4 0.0540540540541
171 4 4 4 0.0540540540541
172 4 4 4 0.0540540540541
173 4 4 4 0.0540540540541
174 4 4 4 0.108108108108
175 4 4 4 0.108108108108
176 4 4 4 0.108108108108
177 4 4 4 0.108108108108
178 4 4 4 0.108108108108
179 4 4 4 0.108108108108
180 4 4 4 0.135135135135
181 4 4 4 0.189189189189
182 4 4 4 0.216216216216
183 4 4 4 0.189189189189
184 4 4 4 0.135135135135
185 4 4 4 0.162162162162
186 4 4 4 0.162162162162
187 4 4 4 0.162162162162
188 4 4 4 0.162162162162
189 4 4 4 0.162162162162
190 4 4 4 0.135135135135
191 4 4 4 0.0810810810811
192 4 4 4 0.0540540540541
193 4 4 4 0.0810810810811
194 4 4 4 0.0810810810811
195 4 4 4 0.0540540540541
196 4 4 4 0.0810810810811
197 4 4 4 0.0810810810811
198 4 4 4 0.0810810810811
199 4 4 4 0.0810810810811
200 4 4 4 0.0810810810811
201 4 4 4 0.108108108108
202 4 4 4 0.135135135135
203 4 4 4 0.108108108108
204 4 4 4 0.108108108108
205 4 4 4 0.108108108108
206 4 4 4 0.0810810810811
207 4 4 4 0.108108108108
208 4 4 4 0.108108108108
209 5.973 4 5 0.0810810810811
210 4 4 4 0.108108108108
211 4 4 4 0.0810810810811
212 4 4 4 0.0540540540541
213 4 4 4 0.0540540540541
214 4 4 4 0.0540540540541
215 4 4 4 0.0810810810811
216 4 4 4 0.0810810810811
217 4 4 4 0.0810810810811
218 4 4 4 0.0810810810811
219 4 4 4 0.108108108108
220 4 4 4 0.0810810810811
221 4 4 4 0.0810810810811
222 4 4 4 0.108108108108
223 4 4 4 0.135135135135
224 4.028 3 4 0.194444444444
225 4.028 3 4 0.194444444444
226 4.028 3 4 0.194444444444
227 4.028 3 4 0.222222222222
228 4.056 3 4 0.222222222222
229 4.083 3 4 0.25
230 4.111 3 4 0.25
231 4.111 3 4 0.305555555556
232 4.139 3 4 0.277777777778
233 4.167 3 4 0.305555555556
234 4.189 3 4 0.27027027027
235 4.216 3 4 0.243243243243
236 4.216 3 4 0.27027027027
237 4.27 3 4 0.27027027027
238 4.27 3 4 0.27027027027
239 4.324 3 4 0.216216216216
240 4.324 3 4 0.216216216216
241 4.459 3 4 0.162162162162
242 4.595 3 4 0.162162162162
243 4.757 3 4 0.0810810810811
244 3 3 3 0.0
245 3 3 3 0.0
246 3 3 3 0.0
247 3 3 3 0.0
248 3 3 3 0.0
249 3 3 3 0.0
250 3 3 3 0.0
251 3 3 3 0.0
252 3 3 3 0.0
253 3 3 3 0.0
254 3 3 3 0.0
255 3 3 3 0.0
256 3 3 3 0.0
257 3 3 3 0.0
258 3 3 3 0.0
259 3 3 3 0.0
260 3 3 3 0.0
261 3 3 3 0.0
262 3 3 3 0.0
263 4.946 3 4 0.0
264 4.811 3 4 0.0
265 4.919 3 4 0.0
266 4.946 3 4 0.0
267 3 3 3 0.0
268 3 3 3 0.0
269 3 3 3 0.0
270 3 3 3 0.0
271 3 3 3 0.0
272 3 3 3 0.0
273 3 3 3 0.0
274 3 3 3 0.0
275 3 3 3 0.0
276 3 3 3 0.0
277 3 3 3 0.0
278 3 3 3 0.0
279 3 3 3 0.0
280 3 3 3 0.0
281 4.973 3 4 0.0
282 3 3 3 0.0
283 4.973 3 4 0.0
284 4.892 3 4 0.0
285 4.838 3 4 0.0
286 4.811 3 4 0.0
287 4.946 3 4 0.0
288 3 3 3 0.0
289 3 3 3 0.0
290 3 3 3 0.0
291 3 3 3 0.0
292 3 3 3 0.0
293 3 3 3 0.0
294 3 3 3 0.0
295 3 3 3 0.0
296 3 3 3 0.0
297 4.946 3 4 0.027027027027
298 3 3 3 0.0
299 4.973 3 4 0.0
