gen avg_1 best_1 worst_1 avg_trigger
0 992.028 996 985 0.472222222222
1 993.361 996 992 0.472222222222
2 993.889 996 993 0.388888888889
3 994.083 996 993 0.388888888889
4 994.194 996 993 0.388888888889
5 994.611 996 994 0.361111111111
6 994.944 996 994 0.222222222222
7 995.167 996 995 0.194444444444
8 995.25 996 995 0.166666666667
9 995.306 996 995 0.166666666667
10 995.361 996 995 0.166666666667
11 995.486 996 995 0.135135135135
12 995.568 996 995 0.108108108108
13 995.649 996 995 0.135135135135
14 995.838 996 995 0.0810810810811
15 996 996 996 0.0540540540541
16 996 996 996 0.0540540540541
17 996 996 996 0.027027027027
18 996 996 996 0.027027027027
19 996 996 996 0.027027027027
20 996 996 996 0.027027027027
21 996 996 996 0.027027027027
22 996 996 996 0.027027027027
23 996 996 996 0.0
24 995.946 996 995 0.0
25 995.784 996 995 0.027027027027
26 995.946 996 995 0.0
27 996 996 996 0.0
28 996 996 996 0.0
29 996 996 996 0.0
30 996 996 996 0.0
31 996 996 996 0.0
32 996 996 996 0.0
33 996 996 996 0.0
34 996 996 996 0.0
35 996 996 996 0.0
36 996 996 996 0.0
37 996 996 996 0.0
38 996 996 996 0.0
39 996 996 996 0.0
40 996 996 996 0.0
41 996 996 996 0.0
42 996 996 996 0.0
43 996 996 996 0.0
44 995.973 996 995 0.0
45 996 996 996 0.0
46 995.973 996 995 0.027027027027
47 996 996 996 0.027027027027
48 996 996 996 0.027027027027
49 996 996 996 0.027027027027
50 996 996 996 0.027027027027
51 996 996 996 0.027027027027
52 995.946 996 995 0.027027027027
53 996 996 996 0.027027027027
54 996 996 996 0.027027027027
55 996 996 996 0.027027027027
56 996 996 996 0.0
57 996 996 996 0.0
58 996 996 996 0.0
59 996 996 996 0.0
60 996 996 996 0.0
61 996 996 996 0.0
62 996 996 996 0.0
63 996 996 996 0.0
64 996 996 996 0.0
65 996 996 996 0.0
66 996 996 996 0.0
67 996 996 996 0.0
68 996 996 996 0.0
69 996 996 996 0.0
70 996 996 996 0.0
71 996 996 996 0.0
72 996 996 996 0.0
73 996 996 996 0.027027027027
74 996 996 996 0.0540540540541
75 996 996 996 0.0540540540541
76 996 996 996 0.0540540540541
77 996 996 996 0.0540540540541
78 996 996 996 0.0810810810811
79 996 996 996 0.0810810810811
80 996 996 996 0.108108108108
81 996 996 996 0.108108108108
82 996 996 996 0.108108108108
83 996 996 996 0.0810810810811
84 996 996 996 0.0540540540541
85 996 996 996 0.0540540540541
86 996 996 996 0.108108108108
87 996 996 996 0.108108108108
88 996 996 996 0.0810810810811
89 996 996 996 0.0810810810811
90 996 996 996 0.0540540540541
91 996 996 996 0.0540540540541
92 996 996 996 0.0540540540541
93 996 996 996 0.0540540540541
94 996 996 996 0.0540540540541
95 996 996 996 0.0540540540541
96 996 996 996 0.0
97 996 996 996 0.0
98 996 996 996 0.0
99 996 996 996 0.0
100 996 996 996 0.0
101 996 996 996 0.0
102 996 996 996 0.0
103 996 996 996 0.0
104 996 996 996 0.0
105 996 996 996 0.0
106 996 996 996 0.0
107 996 996 996 0.0
108 996 996 996 0.0
109 996 996 996 0.0
110 996 996 996 0.0
111 996 996 996 0.0
112 996 996 996 0.0
113 996 996 996 0.027027027027
114 996 996 996 0.027027027027
115 996 996 996 0.027027027027
116 996 996 996 0.027027027027
117 996 996 996 0.027027027027
118 996 996 996 0.027027027027
119 996 996 996 0.027027027027
120 996 996 996 0.027027027027
121 996 996 996 0.027027027027
122 996 996 996 0.027027027027
123 996 996 996 0.0
124 996 996 996 0.0
125 996 996 996 0.0
126 996 996 996 0.0
127 996 996 996 0.0
128 996 996 996 0.0
129 996 996 996 0.0
130 996 996 996 0.0
131 996 996 996 0.0
132 996 996 996 0.0
133 995.973 996 995 0.0
134 996 996 996 0.0
135 996 996 996 0.0
136 995.865 996 995 0.0810810810811
137 995.892 996 995 0.0540540540541
138 995.865 996 995 0.0540540540541
139 996 996 996 0.027027027027
140 996 996 996 0.027027027027
141 996 996 996 0.027027027027
142 996 996 996 0.027027027027
143 996 996 996 0.027027027027
144 996 996 996 0.027027027027
145 996 996 996 0.0810810810811
146 996 996 996 0.0810810810811
147 996 996 996 0.0810810810811
148 996 996 996 0.0810810810811
149 996 996 996 0.0810810810811
150 996 996 996 0.0810810810811
151 996 996 996 0.108108108108
152 996 996 996 0.108108108108
153 996 996 996 0.108108108108
154 996 996 996 0.108108108108
155 996 996 996 0.0540540540541
156 996 996 996 0.0810810810811
157 996 996 996 0.0810810810811
158 996 996 996 0.0810810810811
159 996 996 996 0.0540540540541
160 996 996 996 0.0540540540541
161 996 996 996 0.027027027027
162 996 996 996 0.027027027027
163 996 996 996 0.0540540540541
164 996 996 996 0.0540540540541
165 996 996 996 0.0540540540541
166 996 996 996 0.027027027027
167 996 996 996 0.027027027027
168 996 996 996 0.027027027027
169 996 996 996 0.0540540540541
170 996 996 996 0.0540540540541
171 996 996 996 0.0540540540541
172 996 996 996 0.0540540540541
173 996 996 996 0.0540540540541
174 996 996 996 0.108108108108
175 996 996 996 0.108108108108
176 996 996 996 0.108108108108
177 996 996 996 0.108108108108
178 996 996 996 0.108108108108
179 996 996 996 0.108108108108
180 996 996 996 0.135135135135
181 996 996 996 0.189189189189
182 996 996 996 0.216216216216
183 996 996 996 0.189189189189
184 996 996 996 0.135135135135
185 996 996 996 0.162162162162
186 996 996 996 0.162162162162
187 996 996 996 0.162162162162
188 996 996 996 0.162162162162
189 996 996 996 0.162162162162
190 996 996 996 0.135135135135
191 996 996 996 0.0810810810811
192 996 996 996 0.0540540540541
193 996 996 996 0.0810810810811
194 996 996 996 0.0810810810811
195 996 996 996 0.0540540540541
196 996 996 996 0.0810810810811
197 996 996 996 0.0810810810811
198 996 996 996 0.0810810810811
199 996 996 996 0.0810810810811
200 996 996 996 0.0810810810811
201 996 996 996 0.108108108108
202 996 996 996 0.135135135135
203 996 996 996 0.108108108108
204 996 996 996 0.108108108108
205 996 996 996 0.108108108108
206 996 996 996 0.0810810810811
207 996 996 996 0.108108108108
208 996 996 996 0.108108108108
209 995.973 996 995 0.0810810810811
210 996 996 996 0.108108108108
211 996 996 996 0.0810810810811
212 996 996 996 0.0540540540541
213 996 996 996 0.0540540540541
214 996 996 996 0.0540540540541
215 996 996 996 0.0810810810811
216 996 996 996 0.0810810810811
217 996 996 996 0.0810810810811
218 996 996 996 0.0810810810811
219 996 996 996 0.108108108108
220 996 996 996 0.0810810810811
221 996 996 996 0.0810810810811
222 996 996 996 0.108108108108
223 996 996 996 0.135135135135
224 996.028 997 996 0.194444444444
225 996.028 997 996 0.194444444444
226 996.028 997 996 0.194444444444
227 996.028 997 996 0.222222222222
228 996.056 997 996 0.222222222222
229 996.083 997 996 0.25
230 996.111 997 996 0.25
231 996.111 997 996 0.305555555556
232 996.139 997 996 0.277777777778
233 996.167 997 996 0.305555555556
234 996.189 997 996 0.27027027027
235 996.216 997 996 0.243243243243
236 996.216 997 996 0.27027027027
237 996.27 997 996 0.27027027027
238 996.27 997 996 0.27027027027
239 996.324 997 996 0.216216216216
240 996.324 997 996 0.216216216216
241 996.459 997 996 0.162162162162
242 996.595 997 996 0.162162162162
243 996.757 997 996 0.0810810810811
244 997 997 997 0.0
245 997 997 997 0.0
246 997 997 997 0.0
247 997 997 997 0.0
248 997 997 997 0.0
249 997 997 997 0.0
250 997 997 997 0.0
251 997 997 997 0.0
252 997 997 997 0.0
253 997 997 997 0.0
254 997 997 997 0.0
255 997 997 997 0.0
256 997 997 997 0.0
257 997 997 997 0.0
258 997 997 997 0.0
259 997 997 997 0.0
260 997 997 997 0.0
261 997 997 997 0.0
262 997 997 997 0.0
263 996.946 997 996 0.0
264 996.811 997 996 0.0
265 996.919 997 996 0.0
266 996.946 997 996 0.0
267 997 997 997 0.0
268 997 997 997 0.0
269 997 997 997 0.0
270 997 997 997 0.0
271 997 997 997 0.0
272 997 997 997 0.0
273 997 997 997 0.0
274 997 997 997 0.0
275 997 997 997 0.0
276 997 997 997 0.0
277 997 997 997 0.0
278 997 997 997 0.0
279 997 997 997 0.0
280 997 997 997 0.0
281 996.973 997 996 0.0
282 997 997 997 0.0
283 996.973 997 996 0.0
284 996.892 997 996 0.0
285 996.838 997 996 0.0
286 996.811 997 996 0.0
287 996.946 997 996 0.0
288 997 997 997 0.0
289 997 997 997 0.0
290 997 997 997 0.0
291 997 997 997 0.0
292 997 997 997 0.0
293 997 997 997 0.0
294 997 997 997 0.0
295 997 997 997 0.0
296 997 997 997 0.0
297 996.946 997 996 0.027027027027
298 997 997 997 0.0
299 996.973 997 996 0.0
