gen avg_1 best_1 worst_1 avg_2 best_2 worst_2 avg_trigger
0 0.237583 0.311321 0.195876 8.028 10 9 0.472222222222
1 0.255655 0.311321 0.232323 8.278 10 14 0.416666666667
2 0.265481 0.320755 0.24 8.25 9 7 0.472222222222
3 0.271246 0.320755 0.25 8.139 9 9 0.388888888889
4 0.278575 0.320755 0.257426 8.25 9 6 0.333333333333
5 0.286644 0.320755 0.264706 9.639 9 5 0.416666666667
6 0.288979 0.320755 0.27451 9.583 9 9 0.416666666667
7 0.294085 0.320755 0.27451 9.194 8 7 0.305555555556
8 0.297776 0.336449 0.281553 9.472 8 8 0.333333333333
9 0.301728 0.336449 0.288462 9 8 16 0.333333333333
10 0.301806 0.336449 0.288462 9.528 8 9 0.388888888889
11 0.309912 0.336449 0.295238 10.722 8 7 0.305555555556
12 0.31299 0.336449 0.298077 10.306 8 8 0.444444444444
13 0.320383 0.342593 0.304762 11.972 8 9 0.388888888889
14 0.325367 0.342593 0.314286 10 6 8 0.5
15 0.327554 0.342593 0.320755 10.861 5 13 0.361111111111
16 0.331985 0.361111 0.320755 9.556 7 8 0.388888888889
17 0.335034 0.361111 0.320755 10.917 7 5 0.5
18 0.337192 0.361111 0.327103 9.389 7 8 0.472222222222
19 0.339696 0.361111 0.333333 9.889 7 10 0.5
20 0.341147 0.361111 0.336449 8.472 7 8 0.583333333333
21 0.341916 0.361111 0.336449 8.528 7 8 0.555555555556
22 0.344912 0.361111 0.336449 8.889 7 7 0.472222222222
23 0.347122 0.366972 0.342593 8.917 6 8 0.444444444444
24 0.348058 0.366972 0.342593 7.25 6 7 0.305555555556
25 0.348995 0.366972 0.342593 7.139 6 6 0.333333333333
26 0.34951 0.366972 0.342593 7.028 6 6 0.388888888889
27 0.35132 0.366972 0.342593 8.611 6 5 0.5
28 0.352428 0.366972 0.345794 8.639 6 8 0.5
29 0.353098 0.366972 0.351852 8.972 6 9 0.638888888889
30 0.353098 0.366972 0.351852 7.194 6 8 0.694444444444
31 0.354683 0.372727 0.351852 7.417 6 8 0.611111111111
32 0.356845 0.381818 0.351852 7.611 6 8 0.583333333333
33 0.358173 0.381818 0.351852 7.611 5 6 0.527777777778
34 0.360596 0.381818 0.351852 7.361 5 6 0.5
35 0.362932 0.381818 0.351852 7.139 5 6 0.416666666667
36 0.364864 0.381818 0.357798 7.194 5 8 0.361111111111
37 0.369538 0.387387 0.357798 7.556 6 7 0.388888888889
38 0.372752 0.387387 0.366972 7.806 5 8 0.361111111111
39 0.373865 0.387387 0.366972 6.111 5 6 0.305555555556
40 0.376044 0.401786 0.366972 6 8 5 0.305555555556
41 0.376933 0.401786 0.366972 7.889 8 5 0.361111111111
42 0.3775 0.401786 0.369369 7.917 8 5 0.333333333333
43 0.378 0.401786 0.372727 7.917 8 6 0.388888888889
44 0.37866 0.401786 0.372727 7.889 8 6 0.416666666667
45 0.380618 0.415929 0.372727 7.75 8 6 0.5
46 0.381685 0.415929 0.372727 7.806 8 6 0.527777777778
47 0.382808 0.415929 0.372727 7.806 8 6 0.555555555556
48 0.385087 0.415929 0.372727 7.639 8 5 0.638888888889
49 0.385749 0.415929 0.372727 7.444 8 5 0.666666666667
50 0.385697 0.415929 0.378378 7.528 8 8 0.583333333333
51 0.386504 0.415929 0.381818 7.778 8 8 0.527777777778
52 0.38712 0.415929 0.381818 7.806 8 8 0.527777777778
53 0.386461 0.415929 0.363636 7.778 8 6 0.527777777778
54 0.387585 0.415929 0.381818 7.944 8 8 0.555555555556
55 0.388179 0.415929 0.381818 6.054 8 7 0.540540540541
56 0.389531 0.415929 0.387387 6.324 8 6 0.513513513514
57 0.389772 0.415929 0.387387 6.324 8 6 0.459459459459
58 0.390383 0.415929 0.387387 6.417 6 6 0.388888888889
59 0.390383 0.415929 0.387387 6.5 6 6 0.277777777778
60 0.391791 0.415929 0.387387 6.361 6 5 0.25
61 0.395488 0.415929 0.387387 6.056 6 5 0.305555555556
62 0.397739 0.415929 0.387387 7.861 6 4 0.361111111111
63 0.400762 0.415929 0.392857 7.389 6 5 0.583333333333
64 0.406736 0.415929 0.392857 8.5 6 5 0.916666666667
65 0.409152 0.415929 0.401786 8.694 6 8 0.916666666667
66 0.41141 0.415929 0.401786 7.111 4 8 0.888888888889
67 0.415088 0.421053 0.40708 8.944 8 8 0.944444444444
68 0.416072 0.421053 0.415929 7.139 8 8 0.916666666667
69 0.416214 0.421053 0.415929 7.556 8 8 0.861111111111
70 0.416214 0.421053 0.415929 7.917 8 8 0.805555555556
71 0.416356 0.421053 0.415929 6.139 8 7 0.777777777778
72 0.416641 0.421053 0.415929 6.333 5 6 0.666666666667
73 0.416783 0.421053 0.415929 6.306 5 6 0.638888888889
74 0.416783 0.421053 0.415929 6.5 5 6 0.555555555556
75 0.416925 0.421053 0.415929 6.722 4 6 0.416666666667
76 0.417495 0.421053 0.415929 6.806 4 5 0.305555555556
77 0.417495 0.421053 0.415929 6.972 4 5 0.25
78 0.417495 0.421053 0.415929 5 4 5 0.222222222222
79 0.417352 0.421053 0.415929 5.056 4 5 0.166666666667
80 0.417779 0.421053 0.415929 6.972 4 5 0.194444444444
81 0.41782 0.421053 0.415929 6.972 4 5 0.222222222222
82 0.417064 0.439655 0.39823 5.028 5 6 0.194444444444
83 0.418233 0.439655 0.40708 5.25 5 6 0.222222222222
84 0.418898 0.439655 0.415929 5.222 5 5 0.194444444444
85 0.418939 0.439655 0.415929 5.111 5 4 0.25
86 0.418408 0.439655 0.40708 5.111 5 5 0.25
87 0.41708 0.439655 0.396396 6.806 5 10 0.333333333333
88 0.417917 0.439655 0.40708 6.889 5 5 0.305555555556
89 0.41974 0.439655 0.415929 6.972 5 5 0.277777777778
90 0.420591 0.439655 0.415929 6.806 5 4 0.361111111111
91 0.422286 0.439655 0.415929 6.472 5 4 0.388888888889
92 0.42464 0.439655 0.417391 6.162 5 5 0.405405405405
93 0.424997 0.439655 0.421053 7.676 5 8 0.459459459459
94 0.42537 0.439655 0.421053 6.162 5 8 0.351351351351
95 0.426722 0.439655 0.421053 6.514 5 7 0.27027027027
96 0.428683 0.439655 0.421053 6.595 5 4 0.135135135135
97 0.431139 0.444444 0.426087 6.333 8 6 0.0555555555556
98 0.431863 0.444444 0.429825 6.306 8 5 0.0277777777778
99 0.432481 0.444444 0.429825 6.083 8 4 0.0833333333333
100 0.433026 0.444444 0.429825 7.861 8 4 0.111111111111
101 0.434126 0.444444 0.431034 6.222 8 7 0.222222222222
102 0.434574 0.444444 0.431034 6.528 8 7 0.25
103 0.436379 0.452991 0.431034 6.806 6 7 0.333333333333
104 0.43717 0.452991 0.431034 5.056 6 5 0.388888888889
105 0.43823 0.452991 0.434783 5.139 6 6 0.527777777778
106 0.439281 0.452991 0.434783 5.306 6 6 0.388888888889
107 0.441267 0.452991 0.434783 6.972 6 4 0.472222222222
108 0.442281 0.452991 0.439655 5.028 6 5 0.555555555556
109 0.442547 0.452991 0.439655 5.111 6 4 0.555555555556
110 0.442813 0.452991 0.439655 5.083 6 4 0.5
111 0.442946 0.452991 0.439655 5.083 6 4 0.5
112 0.444057 0.457627 0.439655 6.917 6 4 0.444444444444
113 0.444695 0.457627 0.439655 6.778 6 4 0.361111111111
114 0.446179 0.457627 0.439655 6.333 6 4 0.333333333333
115 0.447398 0.457627 0.444444 7.694 6 12 0.388888888889
116 0.447979 0.457627 0.444444 6.972 6 6 0.416666666667
117 0.448192 0.457627 0.444444 5.056 6 5 0.305555555556
118 0.448429 0.457627 0.444444 5.056 6 5 0.305555555556
119 0.449117 0.457627 0.444444 5.056 6 5 0.277777777778
120 0.44933 0.457627 0.444444 5 6 5 0.25
121 0.450255 0.457627 0.444444 6.944 6 4 0.305555555556
122 0.450639 0.457627 0.444444 6.757 6 4 0.351351351351
123 0.451715 0.457627 0.448276 6.811 6 6 0.378378378378
124 0.452605 0.457627 0.448276 6.568 6 4 0.486486486486
125 0.453367 0.457627 0.452991 6.189 6 8 0.621621621622
126 0.453367 0.457627 0.452991 6.27 6 8 0.621621621622
127 0.453618 0.457627 0.452991 6.541 6 6 0.540540540541
128 0.453868 0.457627 0.452991 6.568 6 6 0.432432432432
129 0.453994 0.457627 0.452991 6.595 6 6 0.351351351351
130 0.454119 0.457627 0.452991 6.703 6 5 0.216216216216
131 0.45415 0.457627 0.452991 6.778 5 4 0.166666666667
132 0.454515 0.466102 0.452991 6.778 4 4 0.166666666667
133 0.454772 0.466102 0.452991 6.583 4 4 0.194444444444
134 0.454772 0.466102 0.452991 6.583 4 4 0.194444444444
135 0.455265 0.466102 0.452991 6.528 4 4 0.166666666667
136 0.455523 0.466102 0.452991 6.25 4 4 0.166666666667
137 0.455134 0.466102 0.448276 6.278 4 4 0.138888888889
138 0.456138 0.470588 0.452991 6.278 5 9 0.111111111111
139 0.455027 0.470588 0.439655 6.194 5 5 0.166666666667
140 0.453786 0.470588 0.439655 7.889 5 5 0.222222222222
141 0.454178 0.470588 0.439655 7.583 5 4 0.222222222222
142 0.454076 0.470588 0.439655 7.417 5 4 0.25
143 0.456588 0.470588 0.449153 7 5 7 0.361111111111
144 0.458059 0.470588 0.452991 7.139 5 5 0.361111111111
145 0.45857 0.470588 0.452991 8.611 5 4 0.444444444444
146 0.4597 0.470588 0.457627 8.056 5 10 0.583333333333
147 0.459953 0.470588 0.457627 7 5 9 0.527777777778
148 0.460364 0.470588 0.457627 7.135 5 9 0.567567567568
149 0.460734 0.470588 0.457627 7.514 5 7 0.540540540541
150 0.461453 0.470588 0.457627 7.514 5 6 0.486486486486
151 0.462874 0.470588 0.457627 7.135 5 5 0.459459459459
152 0.463838 0.470588 0.457627 8.757 5 4 0.540540540541
153 0.465451 0.475 0.462185 9.944 8 8 0.666666666667
154 0.466151 0.475 0.462185 8.25 8 8 0.527777777778
155 0.467676 0.475 0.462185 9.889 8 6 0.611111111111
156 0.468469 0.475 0.462185 9.444 8 6 0.722222222222
157 0.470366 0.475 0.466102 10.944 8 10 0.833333333333
158 0.471078 0.475 0.470588 9.25 6 10 0.805555555556
159 0.471201 0.475 0.470588 9.5 6 10 0.777777777778
160 0.471201 0.475 0.470588 9.611 6 10 0.75
161 0.471201 0.475 0.470588 9.694 6 10 0.75
162 0.471324 0.475 0.470588 9.944 6 10 0.722222222222
163 0.471201 0.475 0.470588 8.417 6 10 0.611111111111
164 0.471569 0.475 0.470588 8.806 6 9 0.583333333333
165 0.471936 0.475 0.470588 7.25 6 8 0.527777777778
166 0.472059 0.475 0.470588 7.389 6 7 0.5
167 0.472658 0.483333 0.470588 7.583 6 6 0.5
168 0.472889 0.483333 0.470588 7.611 6 6 0.472222222222
169 0.472889 0.483333 0.470588 7.611 6 9 0.5
170 0.473366 0.483333 0.470588 7.722 6 6 0.527777777778
171 0.473611 0.483333 0.470588 7.75 6 6 0.555555555556
172 0.473843 0.483333 0.470588 7.806 6 6 0.527777777778
173 0.474197 0.483333 0.470588 7.861 6 6 0.555555555556
174 0.474195 0.483333 0.470588 7.889 6 8 0.555555555556
175 0.472638 0.483333 0.457627 6 6 6 0.555555555556
176 0.474531 0.483333 0.466102 6.083 6 6 0.527777777778
177 0.474063 0.483333 0.466102 6.135 6 6 0.540540540541
178 0.473855 0.483333 0.466102 6.108 6 6 0.594594594595
179 0.475011 0.483333 0.470588 6.189 6 6 0.540540540541
180 0.475356 0.483333 0.470588 6.027 6 6 0.486486486486
181 0.476628 0.483333 0.470588 6.081 6 6 0.486486486486
182 0.47733 0.483333 0.470588 6.162 6 6 0.513513513514
183 0.478378 0.483333 0.475 6.216 6 6 0.432432432432
184 0.47927 0.483333 0.475 6.162 6 5 0.324324324324
185 0.480171 0.483333 0.475 7.784 6 5 0.243243243243
186 0.481522 0.483333 0.475 7.297 6 5 0.135135135135
187 0.483333 0.483333 0.483333 7.27 6 11 0.0
188 0.483333 0.483333 0.483333 7.568 6 7 0.0
189 0.483333 0.483333 0.483333 7.703 6 7 0.0
190 0.483333 0.483333 0.483333 7.838 6 7 0.0
191 0.483452 0.487603 0.483333 7.889 6 7 0.0
192 0.483571 0.487603 0.483333 7.972 6 7 0.0
193 0.483571 0.487603 0.483333 6 6 6 0.0
194 0.483571 0.487603 0.483333 6 6 6 0.0
195 0.483689 0.487603 0.483333 6 6 6 0.0
196 0.483808 0.487603 0.483333 6 6 6 0.0
197 0.483687 0.487603 0.478992 7.944 6 8 0.0
198 0.483808 0.487603 0.483333 6 6 6 0.0
199 0.483808 0.487603 0.483333 6.028 6 6 0.0
200 0.483926 0.487603 0.483333 6.028 6 6 0.0
201 0.48391 0.487603 0.483333 7.973 6 8 0.0
202 0.483795 0.487603 0.483333 7.973 6 8 0.0
203 0.483795 0.487603 0.483333 6.054 6 6 0.0
204 0.483795 0.487603 0.483333 6.054 6 6 0.0
205 0.483795 0.487603 0.483333 6.054 6 6 0.0
206 0.483795 0.487603 0.483333 6.108 6 6 0.0
207 0.48391 0.487603 0.483333 6.162 6 6 0.0
208 0.484026 0.487603 0.483333 6.162 6 6 0.0
209 0.484257 0.487603 0.483333 6.162 6 6 0.0
210 0.484141 0.487603 0.483333 6.216 6 6 0.0
211 0.484141 0.487603 0.483333 6.243 6 6 0.0
212 0.484372 0.487603 0.483333 6.351 6 6 0.0
213 0.484603 0.487603 0.483333 6.378 6 6 0.0
214 0.484949 0.487603 0.483333 6.405 6 6 0.0
215 0.484875 0.487603 0.483333 6.5 5 6 0.0
216 0.485231 0.487603 0.483333 6.556 5 6 0.0
217 0.48535 0.487603 0.483333 6.528 5 6 0.0277777777778
218 0.485468 0.487603 0.483333 6.528 5 5 0.0277777777778
219 0.485587 0.487603 0.483333 6.528 5 5 0.0277777777778
220 0.486534 0.491803 0.483333 6.278 6 5 0.0555555555556
221 0.487008 0.491803 0.483333 6.194 6 5 0.0833333333333
222 0.487127 0.491803 0.483333 6.167 6 5 0.0833333333333
223 0.487364 0.491803 0.483333 6.139 6 5 0.0833333333333
224 0.48772 0.491803 0.487603 7.944 6 10 0.111111111111
225 0.487837 0.491803 0.487603 6.083 6 6 0.0833333333333
226 0.487837 0.491803 0.487603 6.111 6 6 0.0833333333333
227 0.487953 0.491803 0.487603 6.111 6 6 0.0555555555556
228 0.487953 0.491803 0.487603 6.139 6 6 0.0555555555556
229 0.487953 0.491803 0.487603 6.111 6 6 0.0555555555556
230 0.487953 0.491803 0.487603 6.194 5 6 0.0833333333333
231 0.487953 0.491803 0.487603 6.25 5 6 0.0833333333333
232 0.487953 0.491803 0.487603 6.361 5 6 0.0833333333333
233 0.487953 0.491803 0.487603 6.417 5 6 0.111111111111
234 0.487953 0.491803 0.487603 6.528 5 6 0.138888888889
235 0.487953 0.491803 0.487603 6.639 5 6 0.138888888889
236 0.487953 0.491803 0.487603 6.694 5 6 0.138888888889
237 0.487837 0.491803 0.487603 6.778 5 6 0.138888888889
238 0.487953 0.491803 0.487603 6.806 5 6 0.138888888889
239 0.487842 0.491803 0.483607 6.944 5 5 0.222222222222
240 0.486814 0.491803 0.475 5.081 5 5 0.27027027027
241 0.487493 0.491803 0.475 5.108 5 5 0.216216216216
242 0.487955 0.495935 0.483333 5.111 5 5 0.25
243 0.486308 0.495935 0.462185 5.083 5 4 0.277777777778
244 0.488188 0.495935 0.483333 5.222 5 5 0.222222222222
245 0.488072 0.495935 0.483333 5.25 5 4 0.194444444444
246 0.488535 0.495935 0.487603 5.417 5 5 0.194444444444
247 0.488651 0.495935 0.487603 5.5 5 5 0.194444444444
248 0.488768 0.495935 0.487603 5.611 5 5 0.25
249 0.489001 0.495935 0.487603 5.694 5 4 0.194444444444
250 0.489468 0.495935 0.487603 5.556 5 4 0.138888888889
251 0.490398 0.495935 0.487603 5.361 5 4 0.111111111111
252 0.49089 0.495935 0.487603 5.243 5 4 0.0540540540541
253 0.491571 0.495935 0.487603 5.054 5 4 0.0810810810811
254 0.492025 0.495935 0.487603 6.919 5 4 0.108108108108
255 0.492138 0.495935 0.491803 5 5 5 0.027027027027
256 0.492138 0.495935 0.491803 5 5 5 0.027027027027
257 0.492148 0.495935 0.491803 5.028 4 5 0.0277777777778
258 0.492262 0.495935 0.491803 5.083 4 5 0.0277777777778
259 0.492492 0.495935 0.491803 5.083 4 5 0.0277777777778
260 0.492492 0.495935 0.491803 5.083 4 5 0.0277777777778
261 0.491799 0.495935 0.479339 5.028 4 5 0.0555555555556
262 0.492138 0.495935 0.483333 5.028 4 5 0.0833333333333
263 0.491555 0.495935 0.479339 5.056 4 5 0.0555555555556
264 0.491207 0.495935 0.479339 5.083 4 5 0.138888888889
265 0.489814 0.495935 0.471074 5.111 4 4 0.138888888889
266 0.492482 0.495935 0.487603 5.139 4 5 0.111111111111
267 0.49303 0.495935 0.487603 5.108 4 4 0.108108108108
268 0.493478 0.495935 0.491803 5.189 4 5 0.0810810810811
269 0.493702 0.495935 0.491803 5.27 4 5 0.0810810810811
270 0.49426 0.495935 0.491803 5.324 4 5 0.135135135135
271 0.49426 0.495935 0.491803 5.378 4 5 0.135135135135
272 0.494707 0.495935 0.491803 5.486 4 5 0.108108108108
273 0.495823 0.495935 0.491803 5.297 4 4 0.135135135135
274 0.495935 0.495935 0.495935 5.541 4 5 0.189189189189
275 0.495935 0.495935 0.495935 5.757 4 5 0.108108108108
276 0.495935 0.495935 0.495935 5.919 4 5 0.027027027027
277 0.495935 0.495935 0.495935 4 4 4 0.0
278 0.495935 0.495935 0.495935 4 4 4 0.0
279 0.495935 0.495935 0.495935 4 4 4 0.0
280 0.495935 0.495935 0.495935 4 4 4 0.0
281 0.495935 0.495935 0.495935 4 4 4 0.0
282 0.495935 0.495935 0.495935 4 4 4 0.0
283 0.495935 0.495935 0.495935 4 4 4 0.0
284 0.495935 0.495935 0.495935 4 4 4 0.0
285 0.495823 0.495935 0.491803 5.865 4 4 0.0
286 0.495823 0.495935 0.491803 5.811 4 4 0.027027027027
287 0.495823 0.495935 0.491803 5.811 4 4 0.027027027027
288 0.495935 0.495935 0.495935 5.811 4 6 0.027027027027
289 0.495935 0.495935 0.495935 5.919 4 5 0.027027027027
290 0.495935 0.495935 0.495935 5.919 4 5 0.027027027027
291 0.495935 0.495935 0.495935 5.973 4 5 0.0
292 0.495935 0.495935 0.495935 4 4 4 0.0
293 0.495935 0.495935 0.495935 4 4 4 0.0
294 0.495935 0.495935 0.495935 4 4 4 0.0
295 0.495935 0.495935 0.495935 5.946 4 5 0.027027027027
296 0.495488 0.495935 0.491803 5.865 4 5 0.027027027027
297 0.495935 0.495935 0.495935 5.919 4 5 0.0540540540541
298 0.495935 0.495935 0.495935 4 4 4 0.0
299 0.495935 0.495935 0.495935 4 4 4 0.0
