gen avg_1 best_1 worst_1 avg_2 best_2 worst_2 avg_trigger
0 0.237583 0.311321 0.195876 992.028 990 991 0.472222222222
1 0.255655 0.311321 0.232323 992.278 990 986 0.416666666667
2 0.265481 0.320755 0.24 992.25 991 993 0.472222222222
3 0.271246 0.320755 0.25 992.139 991 991 0.388888888889
4 0.278575 0.320755 0.257426 992.25 991 994 0.333333333333
5 0.286644 0.320755 0.264706 991.639 991 995 0.416666666667
6 0.288979 0.320755 0.27451 991.583 991 991 0.416666666667
7 0.294085 0.320755 0.27451 991.194 992 993 0.305555555556
8 0.297776 0.336449 0.281553 991.472 992 992 0.333333333333
9 0.301728 0.336449 0.288462 991 992 984 0.333333333333
10 0.301806 0.336449 0.288462 991.528 992 991 0.388888888889
11 0.309912 0.336449 0.295238 990.722 992 993 0.305555555556
12 0.31299 0.336449 0.298077 990.306 992 992 0.444444444444
13 0.320383 0.342593 0.304762 989.972 992 991 0.388888888889
14 0.325367 0.342593 0.314286 990 994 992 0.5
15 0.327554 0.342593 0.320755 990.861 995 987 0.361111111111
16 0.331985 0.361111 0.320755 991.556 993 992 0.388888888889
17 0.335034 0.361111 0.320755 990.917 993 995 0.5
18 0.337192 0.361111 0.327103 991.389 993 992 0.472222222222
19 0.339696 0.361111 0.333333 991.889 993 990 0.5
20 0.341147 0.361111 0.336449 992.472 993 992 0.583333333333
21 0.341916 0.361111 0.336449 992.528 993 992 0.555555555556
22 0.344912 0.361111 0.336449 992.889 993 993 0.472222222222
23 0.347122 0.366972 0.342593 992.917 994 992 0.444444444444
24 0.348058 0.366972 0.342593 993.25 994 993 0.305555555556
25 0.348995 0.366972 0.342593 993.139 994 994 0.333333333333
26 0.34951 0.366972 0.342593 993.028 994 994 0.388888888889
27 0.35132 0.366972 0.342593 992.611 994 995 0.5
28 0.352428 0.366972 0.345794 992.639 994 992 0.5
29 0.353098 0.366972 0.351852 992.972 994 991 0.638888888889
30 0.353098 0.366972 0.351852 993.194 994 992 0.694444444444
31 0.354683 0.372727 0.351852 993.417 994 992 0.611111111111
32 0.356845 0.381818 0.351852 993.611 994 992 0.583333333333
33 0.358173 0.381818 0.351852 993.611 995 994 0.527777777778
34 0.360596 0.381818 0.351852 993.361 995 994 0.5
35 0.362932 0.381818 0.351852 993.139 995 994 0.416666666667
36 0.364864 0.381818 0.357798 993.194 995 992 0.361111111111
37 0.369538 0.387387 0.357798 993.556 994 993 0.388888888889
38 0.372752 0.387387 0.366972 993.806 995 992 0.361111111111
39 0.373865 0.387387 0.366972 994.111 995 994 0.305555555556
40 0.376044 0.401786 0.366972 994 992 995 0.305555555556
41 0.376933 0.401786 0.366972 993.889 992 995 0.361111111111
42 0.3775 0.401786 0.369369 993.917 992 995 0.333333333333
43 0.378 0.401786 0.372727 993.917 992 994 0.388888888889
44 0.37866 0.401786 0.372727 993.889 992 994 0.416666666667
45 0.380618 0.415929 0.372727 993.75 992 994 0.5
46 0.381685 0.415929 0.372727 993.806 992 994 0.527777777778
47 0.382808 0.415929 0.372727 993.806 992 994 0.555555555556
48 0.385087 0.415929 0.372727 993.639 992 995 0.638888888889
49 0.385749 0.415929 0.372727 993.444 992 995 0.666666666667
50 0.385697 0.415929 0.378378 993.528 992 992 0.583333333333
51 0.386504 0.415929 0.381818 993.778 992 992 0.527777777778
52 0.38712 0.415929 0.381818 993.806 992 992 0.527777777778
53 0.386461 0.415929 0.363636 993.778 992 994 0.527777777778
54 0.387585 0.415929 0.381818 993.944 992 992 0.555555555556
55 0.388179 0.415929 0.381818 994.054 992 993 0.540540540541
56 0.389531 0.415929 0.387387 994.324 992 994 0.513513513514
57 0.389772 0.415929 0.387387 994.324 992 994 0.459459459459
58 0.390383 0.415929 0.387387 994.417 994 994 0.388888888889
59 0.390383 0.415929 0.387387 994.5 994 994 0.277777777778
60 0.391791 0.415929 0.387387 994.361 994 995 0.25
61 0.395488 0.415929 0.387387 994.056 994 995 0.305555555556
62 0.397739 0.415929 0.387387 993.861 994 996 0.361111111111
63 0.400762 0.415929 0.392857 993.389 994 995 0.583333333333
64 0.406736 0.415929 0.392857 992.5 994 995 0.916666666667
65 0.409152 0.415929 0.401786 992.694 994 992 0.916666666667
66 0.41141 0.415929 0.401786 993.111 996 992 0.888888888889
67 0.415088 0.421053 0.40708 992.944 992 992 0.944444444444
68 0.416072 0.421053 0.415929 993.139 992 992 0.916666666667
69 0.416214 0.421053 0.415929 993.556 992 992 0.861111111111
70 0.416214 0.421053 0.415929 993.917 992 992 0.805555555556
71 0.416356 0.421053 0.415929 994.139 992 993 0.777777777778
72 0.416641 0.421053 0.415929 994.333 995 994 0.666666666667
73 0.416783 0.421053 0.415929 994.306 995 994 0.638888888889
74 0.416783 0.421053 0.415929 994.5 995 994 0.555555555556
75 0.416925 0.421053 0.415929 994.722 996 994 0.416666666667
76 0.417495 0.421053 0.415929 994.806 996 995 0.305555555556
77 0.417495 0.421053 0.415929 994.972 996 995 0.25
78 0.417495 0.421053 0.415929 995 996 995 0.222222222222
79 0.417352 0.421053 0.415929 995.056 996 995 0.166666666667
80 0.417779 0.421053 0.415929 994.972 996 995 0.194444444444
81 0.41782 0.421053 0.415929 994.972 996 995 0.222222222222
82 0.417064 0.439655 0.39823 995.028 995 994 0.194444444444
83 0.418233 0.439655 0.40708 995.25 995 994 0.222222222222
84 0.418898 0.439655 0.415929 995.222 995 995 0.194444444444
85 0.418939 0.439655 0.415929 995.111 995 996 0.25
86 0.418408 0.439655 0.40708 995.111 995 995 0.25
87 0.41708 0.439655 0.396396 994.806 995 990 0.333333333333
88 0.417917 0.439655 0.40708 994.889 995 995 0.305555555556
89 0.41974 0.439655 0.415929 994.972 995 995 0.277777777778
90 0.420591 0.439655 0.415929 994.806 995 996 0.361111111111
91 0.422286 0.439655 0.415929 994.472 995 996 0.388888888889
92 0.42464 0.439655 0.417391 994.162 995 995 0.405405405405
93 0.424997 0.439655 0.421053 993.676 995 992 0.459459459459
94 0.42537 0.439655 0.421053 994.162 995 992 0.351351351351
95 0.426722 0.439655 0.421053 994.514 995 993 0.27027027027
96 0.428683 0.439655 0.421053 994.595 995 996 0.135135135135
97 0.431139 0.444444 0.426087 994.333 992 994 0.0555555555556
98 0.431863 0.444444 0.429825 994.306 992 995 0.0277777777778
99 0.432481 0.444444 0.429825 994.083 992 996 0.0833333333333
100 0.433026 0.444444 0.429825 993.861 992 996 0.111111111111
101 0.434126 0.444444 0.431034 994.222 992 993 0.222222222222
102 0.434574 0.444444 0.431034 994.528 992 993 0.25
103 0.436379 0.452991 0.431034 994.806 994 993 0.333333333333
104 0.43717 0.452991 0.431034 995.056 994 995 0.388888888889
105 0.43823 0.452991 0.434783 995.139 994 994 0.527777777778
106 0.439281 0.452991 0.434783 995.306 994 994 0.388888888889
107 0.441267 0.452991 0.434783 994.972 994 996 0.472222222222
108 0.442281 0.452991 0.439655 995.028 994 995 0.555555555556
109 0.442547 0.452991 0.439655 995.111 994 996 0.555555555556
110 0.442813 0.452991 0.439655 995.083 994 996 0.5
111 0.442946 0.452991 0.439655 995.083 994 996 0.5
112 0.444057 0.457627 0.439655 994.917 994 996 0.444444444444
113 0.444695 0.457627 0.439655 994.778 994 996 0.361111111111
114 0.446179 0.457627 0.439655 994.333 994 996 0.333333333333
115 0.447398 0.457627 0.444444 993.694 994 988 0.388888888889
116 0.447979 0.457627 0.444444 994.972 994 994 0.416666666667
117 0.448192 0.457627 0.444444 995.056 994 995 0.305555555556
118 0.448429 0.457627 0.444444 995.056 994 995 0.305555555556
119 0.449117 0.457627 0.444444 995.056 994 995 0.277777777778
120 0.44933 0.457627 0.444444 995 994 995 0.25
121 0.450255 0.457627 0.444444 994.944 994 996 0.305555555556
122 0.450639 0.457627 0.444444 994.757 994 996 0.351351351351
123 0.451715 0.457627 0.448276 994.811 994 994 0.378378378378
124 0.452605 0.457627 0.448276 994.568 994 996 0.486486486486
125 0.453367 0.457627 0.452991 994.189 994 992 0.621621621622
126 0.453367 0.457627 0.452991 994.27 994 992 0.621621621622
127 0.453618 0.457627 0.452991 994.541 994 994 0.540540540541
128 0.453868 0.457627 0.452991 994.568 994 994 0.432432432432
129 0.453994 0.457627 0.452991 994.595 994 994 0.351351351351
130 0.454119 0.457627 0.452991 994.703 994 995 0.216216216216
131 0.45415 0.457627 0.452991 994.778 995 996 0.166666666667
132 0.454515 0.466102 0.452991 994.778 996 996 0.166666666667
133 0.454772 0.466102 0.452991 994.583 996 996 0.194444444444
134 0.454772 0.466102 0.452991 994.583 996 996 0.194444444444
135 0.455265 0.466102 0.452991 994.528 996 996 0.166666666667
136 0.455523 0.466102 0.452991 994.25 996 996 0.166666666667
137 0.455134 0.466102 0.448276 994.278 996 996 0.138888888889
138 0.456138 0.470588 0.452991 994.278 995 991 0.111111111111
139 0.455027 0.470588 0.439655 994.194 995 995 0.166666666667
140 0.453786 0.470588 0.439655 993.889 995 995 0.222222222222
141 0.454178 0.470588 0.439655 993.583 995 996 0.222222222222
142 0.454076 0.470588 0.439655 993.417 995 996 0.25
143 0.456588 0.470588 0.449153 993 995 993 0.361111111111
144 0.458059 0.470588 0.452991 993.139 995 995 0.361111111111
145 0.45857 0.470588 0.452991 992.611 995 996 0.444444444444
146 0.4597 0.470588 0.457627 992.056 995 990 0.583333333333
147 0.459953 0.470588 0.457627 993 995 991 0.527777777778
148 0.460364 0.470588 0.457627 993.135 995 991 0.567567567568
149 0.460734 0.470588 0.457627 993.514 995 993 0.540540540541
150 0.461453 0.470588 0.457627 993.514 995 994 0.486486486486
151 0.462874 0.470588 0.457627 993.135 995 995 0.459459459459
152 0.463838 0.470588 0.457627 992.757 995 996 0.540540540541
153 0.465451 0.475 0.462185 991.944 992 992 0.666666666667
154 0.466151 0.475 0.462185 992.25 992 992 0.527777777778
155 0.467676 0.475 0.462185 991.889 992 994 0.611111111111
156 0.468469 0.475 0.462185 991.444 992 994 0.722222222222
157 0.470366 0.475 0.466102 990.944 992 990 0.833333333333
158 0.471078 0.475 0.470588 991.25 994 990 0.805555555556
159 0.471201 0.475 0.470588 991.5 994 990 0.777777777778
160 0.471201 0.475 0.470588 991.611 994 990 0.75
161 0.471201 0.475 0.470588 991.694 994 990 0.75
162 0.471324 0.475 0.470588 991.944 994 990 0.722222222222
163 0.471201 0.475 0.470588 992.417 994 990 0.611111111111
164 0.471569 0.475 0.470588 992.806 994 991 0.583333333333
165 0.471936 0.475 0.470588 993.25 994 992 0.527777777778
166 0.472059 0.475 0.470588 993.389 994 993 0.5
167 0.472658 0.483333 0.470588 993.583 994 994 0.5
168 0.472889 0.483333 0.470588 993.611 994 994 0.472222222222
169 0.472889 0.483333 0.470588 993.611 994 991 0.5
170 0.473366 0.483333 0.470588 993.722 994 994 0.527777777778
171 0.473611 0.483333 0.470588 993.75 994 994 0.555555555556
172 0.473843 0.483333 0.470588 993.806 994 994 0.527777777778
173 0.474197 0.483333 0.470588 993.861 994 994 0.555555555556
174 0.474195 0.483333 0.470588 993.889 994 992 0.555555555556
175 0.472638 0.483333 0.457627 994 994 994 0.555555555556
176 0.474531 0.483333 0.466102 994.083 994 994 0.527777777778
177 0.474063 0.483333 0.466102 994.135 994 994 0.540540540541
178 0.473855 0.483333 0.466102 994.108 994 994 0.594594594595
179 0.475011 0.483333 0.470588 994.189 994 994 0.540540540541
180 0.475356 0.483333 0.470588 994.027 994 994 0.486486486486
181 0.476628 0.483333 0.470588 994.081 994 994 0.486486486486
182 0.47733 0.483333 0.470588 994.162 994 994 0.513513513514
183 0.478378 0.483333 0.475 994.216 994 994 0.432432432432
184 0.47927 0.483333 0.475 994.162 994 995 0.324324324324
185 0.480171 0.483333 0.475 993.784 994 995 0.243243243243
186 0.481522 0.483333 0.475 993.297 994 995 0.135135135135
187 0.483333 0.483333 0.483333 993.27 994 989 0.0
188 0.483333 0.483333 0.483333 993.568 994 993 0.0
189 0.483333 0.483333 0.483333 993.703 994 993 0.0
190 0.483333 0.483333 0.483333 993.838 994 993 0.0
191 0.483452 0.487603 0.483333 993.889 994 993 0.0
192 0.483571 0.487603 0.483333 993.972 994 993 0.0
193 0.483571 0.487603 0.483333 994 994 994 0.0
194 0.483571 0.487603 0.483333 994 994 994 0.0
195 0.483689 0.487603 0.483333 994 994 994 0.0
196 0.483808 0.487603 0.483333 994 994 994 0.0
197 0.483687 0.487603 0.478992 993.944 994 992 0.0
198 0.483808 0.487603 0.483333 994 994 994 0.0
199 0.483808 0.487603 0.483333 994.028 994 994 0.0
200 0.483926 0.487603 0.483333 994.028 994 994 0.0
201 0.48391 0.487603 0.483333 993.973 994 992 0.0
202 0.483795 0.487603 0.483333 993.973 994 992 0.0
203 0.483795 0.487603 0.483333 994.054 994 994 0.0
204 0.483795 0.487603 0.483333 994.054 994 994 0.0
205 0.483795 0.487603 0.483333 994.054 994 994 0.0
206 0.483795 0.487603 0.483333 994.108 994 994 0.0
207 0.48391 0.487603 0.483333 994.162 994 994 0.0
208 0.484026 0.487603 0.483333 994.162 994 994 0.0
209 0.484257 0.487603 0.483333 994.162 994 994 0.0
210 0.484141 0.487603 0.483333 994.216 994 994 0.0
211 0.484141 0.487603 0.483333 994.243 994 994 0.0
212 0.484372 0.487603 0.483333 994.351 994 994 0.0
213 0.484603 0.487603 0.483333 994.378 994 994 0.0
214 0.484949 0.487603 0.483333 994.405 994 994 0.0
215 0.484875 0.487603 0.483333 994.5 995 994 0.0
216 0.485231 0.487603 0.483333 994.556 995 994 0.0
217 0.48535 0.487603 0.483333 994.528 995 994 0.0277777777778
218 0.485468 0.487603 0.483333 994.528 995 995 0.0277777777778
219 0.485587 0.487603 0.483333 994.528 995 995 0.0277777777778
220 0.486534 0.491803 0.483333 994.278 994 995 0.0555555555556
221 0.487008 0.491803 0.483333 994.194 994 995 0.0833333333333
222 0.487127 0.491803 0.483333 994.167 994 995 0.0833333333333
223 0.487364 0.491803 0.483333 994.139 994 995 0.0833333333333
224 0.48772 0.491803 0.487603 993.944 994 990 0.111111111111
225 0.487837 0.491803 0.487603 994.083 994 994 0.0833333333333
226 0.487837 0.491803 0.487603 994.111 994 994 0.0833333333333
227 0.487953 0.491803 0.487603 994.111 994 994 0.0555555555556
228 0.487953 0.491803 0.487603 994.139 994 994 0.0555555555556
229 0.487953 0.491803 0.487603 994.111 994 994 0.0555555555556
230 0.487953 0.491803 0.487603 994.194 995 994 0.0833333333333
231 0.487953 0.491803 0.487603 994.25 995 994 0.0833333333333
232 0.487953 0.491803 0.487603 994.361 995 994 0.0833333333333
233 0.487953 0.491803 0.487603 994.417 995 994 0.111111111111
234 0.487953 0.491803 0.487603 994.528 995 994 0.138888888889
235 0.487953 0.491803 0.487603 994.639 995 994 0.138888888889
236 0.487953 0.491803 0.487603 994.694 995 994 0.138888888889
237 0.487837 0.491803 0.487603 994.778 995 994 0.138888888889
238 0.487953 0.491803 0.487603 994.806 995 994 0.138888888889
239 0.487842 0.491803 0.483607 994.944 995 995 0.222222222222
240 0.486814 0.491803 0.475 995.081 995 995 0.27027027027
241 0.487493 0.491803 0.475 995.108 995 995 0.216216216216
242 0.487955 0.495935 0.483333 995.111 995 995 0.25
243 0.486308 0.495935 0.462185 995.083 995 996 0.277777777778
244 0.488188 0.495935 0.483333 995.222 995 995 0.222222222222
245 0.488072 0.495935 0.483333 995.25 995 996 0.194444444444
246 0.488535 0.495935 0.487603 995.417 995 995 0.194444444444
247 0.488651 0.495935 0.487603 995.5 995 995 0.194444444444
248 0.488768 0.495935 0.487603 995.611 995 995 0.25
249 0.489001 0.495935 0.487603 995.694 995 996 0.194444444444
250 0.489468 0.495935 0.487603 995.556 995 996 0.138888888889
251 0.490398 0.495935 0.487603 995.361 995 996 0.111111111111
252 0.49089 0.495935 0.487603 995.243 995 996 0.0540540540541
253 0.491571 0.495935 0.487603 995.054 995 996 0.0810810810811
254 0.492025 0.495935 0.487603 994.919 995 996 0.108108108108
255 0.492138 0.495935 0.491803 995 995 995 0.027027027027
256 0.492138 0.495935 0.491803 995 995 995 0.027027027027
257 0.492148 0.495935 0.491803 995.028 996 995 0.0277777777778
258 0.492262 0.495935 0.491803 995.083 996 995 0.0277777777778
259 0.492492 0.495935 0.491803 995.083 996 995 0.0277777777778
260 0.492492 0.495935 0.491803 995.083 996 995 0.0277777777778
261 0.491799 0.495935 0.479339 995.028 996 995 0.0555555555556
262 0.492138 0.495935 0.483333 995.028 996 995 0.0833333333333
263 0.491555 0.495935 0.479339 995.056 996 995 0.0555555555556
264 0.491207 0.495935 0.479339 995.083 996 995 0.138888888889
265 0.489814 0.495935 0.471074 995.111 996 996 0.138888888889
266 0.492482 0.495935 0.487603 995.139 996 995 0.111111111111
267 0.49303 0.495935 0.487603 995.108 996 996 0.108108108108
268 0.493478 0.495935 0.491803 995.189 996 995 0.0810810810811
269 0.493702 0.495935 0.491803 995.27 996 995 0.0810810810811
270 0.49426 0.495935 0.491803 995.324 996 995 0.135135135135
271 0.49426 0.495935 0.491803 995.378 996 995 0.135135135135
272 0.494707 0.495935 0.491803 995.486 996 995 0.108108108108
273 0.495823 0.495935 0.491803 995.297 996 996 0.135135135135
274 0.495935 0.495935 0.495935 995.541 996 995 0.189189189189
275 0.495935 0.495935 0.495935 995.757 996 995 0.108108108108
276 0.495935 0.495935 0.495935 995.919 996 995 0.027027027027
277 0.495935 0.495935 0.495935 996 996 996 0.0
278 0.495935 0.495935 0.495935 996 996 996 0.0
279 0.495935 0.495935 0.495935 996 996 996 0.0
280 0.495935 0.495935 0.495935 996 996 996 0.0
281 0.495935 0.495935 0.495935 996 996 996 0.0
282 0.495935 0.495935 0.495935 996 996 996 0.0
283 0.495935 0.495935 0.495935 996 996 996 0.0
284 0.495935 0.495935 0.495935 996 996 996 0.0
285 0.495823 0.495935 0.491803 995.865 996 996 0.0
286 0.495823 0.495935 0.491803 995.811 996 996 0.027027027027
287 0.495823 0.495935 0.491803 995.811 996 996 0.027027027027
288 0.495935 0.495935 0.495935 995.811 996 994 0.027027027027
289 0.495935 0.495935 0.495935 995.919 996 995 0.027027027027
290 0.495935 0.495935 0.495935 995.919 996 995 0.027027027027
291 0.495935 0.495935 0.495935 995.973 996 995 0.0
292 0.495935 0.495935 0.495935 996 996 996 0.0
293 0.495935 0.495935 0.495935 996 996 996 0.0
294 0.495935 0.495935 0.495935 996 996 996 0.0
295 0.495935 0.495935 0.495935 995.946 996 995 0.027027027027
296 0.495488 0.495935 0.491803 995.865 996 995 0.027027027027
297 0.495935 0.495935 0.495935 995.919 996 995 0.0540540540541
298 0.495935 0.495935 0.495935 996 996 996 0.0
299 0.495935 0.495935 0.495935 996 996 996 0.0
