0 9.0 5.0 18.0 256.28 254 252 0.444444444444
1 7.028 5.0 9.0 255.56 254 254 0.333333333333
2 6.361 5.0 8.0 257.19 254 248 0.25
3 6.083 5.0 7.0 257.36 254 254 0.194444444444
4 5.806 5.0 6.0 258.69 249 264 0.194444444444
5 5.778 5.0 6.0 257.78 249 262 0.166666666667
6 5.722 5.0 6.0 257.11 249 260 0.166666666667
7 5.667 5.0 6.0 255.94 249 259 0.194444444444
8 5.639 5.0 6.0 255.36 249 258 0.194444444444
9 5.556 5.0 6.0 254.89 249 257 0.194444444444
10 5.5 5.0 6.0 254.31 249 256 0.222222222222
11 5.528 5.0 6.0 254.36 249 256 0.277777777778
12 5.472 5.0 6.0 254.03 249 254 0.25
13 5.417 5.0 6.0 253.72 248 254 0.25
14 5.278 5.0 6.0 253.86 248 252 0.222222222222
15 5.222 5.0 6.0 253.89 248 251 0.25
16 5.167 5.0 6.0 254.08 248 250 0.277777777778
17 5.139 5.0 6.0 254.75 248 250 0.305555555556
18 5.056 5.0 6.0 255.28 248 248 0.305555555556
19 5.0 5.0 5.0 254.44 248 259 0.222222222222
20 5.0 5.0 5.0 252.81 247 256 0.222222222222
21 5.0 5.0 5.0 251.75 246 254 0.138888888889
22 5.0 5.0 5.0 251.03 246 253 0.111111111111
23 5.0 5.0 5.0 250.69 246 253 0.0555555555556
24 5.0 5.0 5.0 249.69 246 252 0.0555555555556
25 5.0 5.0 5.0 249.03 246 251 0.0
26 5.0 5.0 5.0 248.42 246 250 0.0
27 5.0 5.0 5.0 248.14 246 250 0.0
28 5.0 5.0 5.0 247.56 244 249 0.0
29 5.0 5.0 5.0 247.28 244 249 0.0
30 5.0 5.0 5.0 246.97 244 249 0.0
31 5.0 5.0 5.0 246.75 244 248 0.0
32 5.0 5.0 5.0 246.67 244 248 0.0
33 5.0 5.0 5.0 246.56 244 248 0.0
34 5.0 5.0 5.0 246.58 244 248 0.0
35 5.0 5.0 5.0 246.5 244 248 0.0
36 5.0 5.0 5.0 246.19 244 247 0.0
37 5.0 5.0 5.0 246.19 244 247 0.0
38 5.0 5.0 5.0 246.43 244 250 0.0
39 5.0 5.0 5.0 246.22 244 248 0.0
40 5.027 5.0 6.0 246.43 244 251 0.0
41 5.0 5.0 5.0 246.78 244 254 0.027027027027
42 5.0 5.0 5.0 246.16 244 247 0.0
43 5.0 5.0 5.0 245.94 243 247 0.0
44 5.0 5.0 5.0 245.53 243 247 0.0
45 5.0 5.0 5.0 245.14 243 246 0.0
46 5.0 5.0 5.0 244.81 242 246 0.0
47 5.0 5.0 5.0 244.56 242 245 0.0
48 5.0 5.0 5.0 244.25 241 245 0.0
49 5.0 5.0 5.0 244.14 241 245 0.0
50 5.0 5.0 5.0 243.72 241 245 0.0
51 5.0 5.0 5.0 243.39 241 245 0.0
52 5.0 5.0 5.0 243.19 241 244 0.0
53 5.0 5.0 5.0 243.11 241 244 0.0
54 5.0 5.0 5.0 242.83 240 244 0.0
55 5.0 5.0 5.0 242.58 240 244 0.0
56 5.0 5.0 5.0 242.61 240 244 0.0
57 5.0 5.0 5.0 242.56 240 244 0.0
58 5.0 5.0 5.0 242.53 240 244 0.0
59 5.0 5.0 5.0 242.28 239 244 0.0277777777778
60 5.0 5.0 5.0 242.31 239 244 0.0833333333333
61 5.0 5.0 5.0 242.08 239 244 0.111111111111
62 5.0 5.0 5.0 242.0 239 243 0.111111111111
63 5.0 5.0 5.0 241.94 239 243 0.111111111111
64 5.0 5.0 5.0 242.17 239 245 0.166666666667
65 5.0 5.0 5.0 241.83 239 244 0.194444444444
66 5.0 5.0 5.0 241.28 238 243 0.222222222222
67 5.0 5.0 5.0 240.94 237 243 0.25
68 5.0 5.0 5.0 240.58 237 242 0.305555555556
69 5.0 5.0 5.0 240.42 237 242 0.305555555556
70 5.0 5.0 5.0 239.97 237 241 0.25
71 5.0 5.0 5.0 239.92 237 241 0.277777777778
72 5.0 5.0 5.0 239.61 237 241 0.25
73 5.0 5.0 5.0 239.31 237 241 0.25
74 5.0 5.0 5.0 239.08 236 240 0.25
75 5.0 5.0 5.0 238.92 236 240 0.222222222222
76 5.0 5.0 5.0 238.83 236 240 0.25
77 5.0 5.0 5.0 238.64 236 240 0.222222222222
78 5.0 5.0 5.0 238.56 236 240 0.222222222222
79 5.0 5.0 5.0 238.11 236 240 0.138888888889
80 5.0 5.0 5.0 237.86 235 239 0.194444444444
81 5.0 5.0 5.0 237.83 235 239 0.194444444444
82 5.0 5.0 5.0 237.86 235 239 0.194444444444
83 5.0 5.0 5.0 237.58 235 239 0.166666666667
84 5.0 5.0 5.0 237.33 235 239 0.166666666667
85 5.0 5.0 5.0 237.06 235 238 0.277777777778
86 5.0 5.0 5.0 236.72 234 238 0.277777777778
87 5.0 5.0 5.0 236.42 234 237 0.333333333333
88 5.0 5.0 5.0 236.31 234 237 0.361111111111
89 5.0 5.0 5.0 236.17 234 237 0.388888888889
90 5.0 5.0 5.0 236.06 234 237 0.361111111111
91 5.0 5.0 5.0 235.97 234 237 0.361111111111
92 5.0 5.0 5.0 235.64 233 237 0.277777777778
93 5.0 5.0 5.0 235.47 233 237 0.305555555556
94 5.0 5.0 5.0 235.39 233 236 0.277777777778
95 5.0 5.0 5.0 235.14 233 236 0.166666666667
96 5.0 5.0 5.0 234.92 233 236 0.138888888889
97 5.0 5.0 5.0 234.89 233 236 0.111111111111
98 5.0 5.0 5.0 234.75 233 236 0.111111111111
99 5.0 5.0 5.0 234.72 233 235 0.0833333333333
100 5.0 5.0 5.0 234.61 233 235 0.111111111111
101 5.0 5.0 5.0 234.44 233 235 0.111111111111
102 5.0 5.0 5.0 234.3 233 235 0.135135135135
103 5.0 5.0 5.0 234.3 233 235 0.189189189189
104 5.0 5.0 5.0 234.24 233 235 0.216216216216
105 5.0 5.0 5.0 234.16 233 235 0.216216216216
106 5.0 5.0 5.0 234.16 233 235 0.243243243243
107 5.0 5.0 5.0 234.0 233 235 0.216216216216
108 5.0 5.0 5.0 233.68 233 234 0.216216216216
109 5.0 5.0 5.0 233.58 232 234 0.25
110 5.0 5.0 5.0 233.58 232 234 0.222222222222
111 5.0 5.0 5.0 233.58 232 234 0.25
112 5.0 5.0 5.0 233.47 231 234 0.25
113 5.0 5.0 5.0 233.33 231 234 0.25
114 5.0 5.0 5.0 233.22 231 234 0.222222222222
115 5.0 5.0 5.0 233.17 231 234 0.222222222222
116 5.0 5.0 5.0 233.03 231 234 0.25
117 5.0 5.0 5.0 232.86 231 234 0.277777777778
118 5.0 5.0 5.0 232.81 231 234 0.25
119 5.0 5.0 5.0 232.89 231 234 0.25
120 5.0 5.0 5.0 232.75 231 234 0.277777777778
121 5.0 5.0 5.0 232.72 231 234 0.277777777778
122 5.0 5.0 5.0 232.65 231 234 0.27027027027
123 5.0 5.0 5.0 232.65 231 234 0.27027027027
124 5.0 5.0 5.0 232.7 231 234 0.297297297297
125 5.0 5.0 5.0 232.57 231 234 0.297297297297
126 5.0 5.0 5.0 232.46 231 233 0.324324324324
127 5.0 5.0 5.0 232.51 231 235 0.351351351351
128 5.0 5.0 5.0 232.41 231 234 0.324324324324
129 5.0 5.0 5.0 232.27 231 233 0.351351351351
130 5.0 5.0 5.0 232.3 231 234 0.351351351351
131 5.0 5.0 5.0 232.27 231 233 0.351351351351
132 5.0 5.0 5.0 232.3 231 233 0.351351351351
133 5.0 5.0 5.0 232.19 229 233 0.361111111111
134 5.0 5.0 5.0 232.06 229 233 0.361111111111
135 5.0 5.0 5.0 232.06 229 233 0.361111111111
136 5.0 5.0 5.0 232.17 229 233 0.361111111111
137 5.0 5.0 5.0 232.06 229 233 0.305555555556
138 5.0 5.0 5.0 232.03 229 234 0.305555555556
139 5.0 5.0 5.0 232.03 229 233 0.305555555556
140 5.0 5.0 5.0 231.94 229 233 0.305555555556
141 5.0 5.0 5.0 231.86 229 233 0.305555555556
142 5.0 5.0 5.0 231.75 229 233 0.333333333333
143 5.0 5.0 5.0 232.0 229 236 0.351351351351
144 5.0 5.0 5.0 231.78 229 233 0.351351351351
145 5.0 5.0 5.0 231.56 228 233 0.388888888889
146 5.0 5.0 5.0 231.31 228 233 0.388888888889
147 5.0 5.0 5.0 230.97 228 232 0.416666666667
148 5.0 5.0 5.0 230.83 228 232 0.361111111111
149 5.0 5.0 5.0 230.67 228 232 0.25
150 5.0 5.0 5.0 230.39 227 232 0.166666666667
151 5.0 5.0 5.0 230.31 227 231 0.138888888889
152 5.0 5.0 5.0 230.14 227 231 0.166666666667
153 5.0 5.0 5.0 229.94 227 231 0.222222222222
154 5.0 5.0 5.0 229.89 227 231 0.194444444444
155 5.0 5.0 5.0 230.03 227 232 0.194444444444
156 5.0 5.0 5.0 230.0 227 231 0.194444444444
157 5.0 5.0 5.0 230.03 227 232 0.166666666667
158 5.0 5.0 5.0 230.03 227 234 0.166666666667
159 5.0 5.0 5.0 229.75 227 231 0.166666666667
160 5.0 5.0 5.0 229.76 227 231 0.135135135135
161 5.0 5.0 5.0 229.68 227 231 0.135135135135
162 5.0 5.0 5.0 229.84 227 231 0.135135135135
163 5.0 5.0 5.0 229.84 227 231 0.135135135135
164 5.0 5.0 5.0 229.73 227 231 0.162162162162
165 5.0 5.0 5.0 229.46 227 231 0.108108108108
166 5.0 5.0 5.0 229.28 226 230 0.0833333333333
167 5.0 5.0 5.0 229.19 226 230 0.0833333333333
168 5.0 5.0 5.0 229.14 226 230 0.0833333333333
169 5.0 5.0 5.0 229.14 226 230 0.0833333333333
170 5.0 5.0 5.0 229.06 226 230 0.0833333333333
171 5.0 5.0 5.0 229.03 226 230 0.0833333333333
172 5.0 5.0 5.0 228.94 226 230 0.0833333333333
173 5.0 5.0 5.0 228.86 226 230 0.0277777777778
174 5.0 5.0 5.0 228.69 226 230 0.0
175 5.0 5.0 5.0 228.92 226 235 0.0
176 5.0 5.0 5.0 228.32 226 229 0.0
177 5.0 5.0 5.0 228.25 225 229 0.0
178 5.0 5.0 5.0 228.06 225 229 0.0
179 5.0 5.0 5.0 228.0 225 229 0.0
180 5.0 5.0 5.0 227.86 225 229 0.0
181 5.0 5.0 5.0 227.78 225 229 0.0
182 5.0 5.0 5.0 227.5 225 229 0.0
183 5.0 5.0 5.0 227.39 225 229 0.0
184 5.0 5.0 5.0 227.28 225 228 0.0
185 5.0 5.0 5.0 227.28 225 228 0.0
186 5.0 5.0 5.0 227.22 225 228 0.0
187 5.0 5.0 5.0 227.32 225 230 0.0
188 5.0 5.0 5.0 227.27 225 229 0.0
189 5.0 5.0 5.0 226.86 225 228 0.0
190 5.0 5.0 5.0 226.7 225 228 0.0
191 5.0 5.0 5.0 226.27 225 228 0.0
192 5.0 5.0 5.0 225.89 225 227 0.0
193 5.0 5.0 5.0 225.81 225 227 0.0
194 5.0 5.0 5.0 225.68 225 226 0.0
195 5.0 5.0 5.0 225.65 225 226 0.0
196 5.0 5.0 5.0 225.64 224 226 0.0
197 5.0 5.0 5.0 225.5 224 226 0.0
198 5.0 5.0 5.0 225.47 224 226 0.0
199 5.0 5.0 5.0 225.42 224 226 0.0
200 5.0 5.0 5.0 225.33 224 226 0.0
201 5.0 5.0 5.0 225.22 224 226 0.0
202 5.0 5.0 5.0 225.19 224 226 0.0
203 5.0 5.0 5.0 225.08 224 226 0.0
204 5.0 5.0 5.0 224.97 224 226 0.0
205 5.0 5.0 5.0 224.92 224 225 0.0
206 5.0 5.0 5.0 224.92 224 225 0.0
207 5.0 5.0 5.0 225.05 224 227 0.0
208 5.0 5.0 5.0 224.97 224 226 0.0
209 5.0 5.0 5.0 224.95 224 226 0.0
210 5.0 5.0 5.0 224.92 224 225 0.0
211 5.0 5.0 5.0 225.11 224 228 0.0
212 5.0 5.0 5.0 225.03 224 226 0.0
213 5.0 5.0 5.0 224.89 224 225 0.0
214 5.0 5.0 5.0 224.89 224 225 0.0
215 5.0 5.0 5.0 224.92 224 225 0.0
216 5.0 5.0 5.0 224.92 224 225 0.0
217 5.0 5.0 5.0 224.92 224 225 0.0
218 5.0 5.0 5.0 224.89 224 225 0.0
219 5.0 5.0 5.0 224.86 224 225 0.0
220 5.0 5.0 5.0 224.84 224 225 0.0
221 5.0 5.0 5.0 224.81 224 225 0.0
222 5.0 5.0 5.0 224.81 223 225 0.0
223 5.0 5.0 5.0 224.89 223 226 0.0
224 5.0 5.0 5.0 224.97 223 227 0.0
225 5.0 5.0 5.0 224.89 223 226 0.0
226 5.0 5.0 5.0 224.83 223 226 0.0
227 5.0 5.0 5.0 224.83 223 226 0.0
228 5.0 5.0 5.0 224.78 223 226 0.0
229 5.0 5.0 5.0 224.78 223 226 0.0
230 5.0 5.0 5.0 224.56 223 225 0.0
231 5.0 5.0 5.0 224.42 223 225 0.0
232 5.0 5.0 5.0 224.41 223 225 0.0
233 5.0 5.0 5.0 224.38 223 225 0.0
234 5.0 5.0 5.0 224.24 223 225 0.0
235 5.0 5.0 5.0 224.08 223 225 0.0
236 5.0 5.0 5.0 223.89 223 224 0.0
237 5.0 5.0 5.0 223.86 223 224 0.0
238 5.0 5.0 5.0 223.86 223 224 0.0
239 5.0 5.0 5.0 223.84 223 224 0.0
240 5.0 5.0 5.0 223.86 223 224 0.0
241 5.0 5.0 5.0 223.84 223 224 0.0
242 5.0 5.0 5.0 223.78 223 224 0.0
243 5.0 5.0 5.0 223.76 223 224 0.0
244 5.0 5.0 5.0 223.7 223 224 0.0
245 5.0 5.0 5.0 223.61 222 224 0.0
246 5.0 5.0 5.0 223.44 222 224 0.0
247 5.0 5.0 5.0 223.47 222 224 0.0
248 5.0 5.0 5.0 223.42 222 224 0.0
249 5.0 5.0 5.0 223.33 222 224 0.0
250 5.0 5.0 5.0 223.14 222 224 0.0
251 5.0 5.0 5.0 223.11 222 224 0.0
252 5.0 5.0 5.0 222.97 222 224 0.0
253 5.0 5.0 5.0 222.92 222 223 0.0
254 5.0 5.0 5.0 222.86 222 223 0.0
255 5.0 5.0 5.0 222.81 222 223 0.0
256 5.0 5.0 5.0 222.76 222 223 0.0
257 5.0 5.0 5.0 222.7 222 223 0.0
258 5.0 5.0 5.0 222.62 222 223 0.0
259 5.0 5.0 5.0 222.57 222 223 0.0
260 5.0 5.0 5.0 222.57 222 224 0.0
261 5.0 5.0 5.0 222.49 222 223 0.0
262 5.0 5.0 5.0 222.38 222 223 0.0
263 5.0 5.0 5.0 222.32 222 223 0.0
264 5.0 5.0 5.0 222.27 222 223 0.0
265 5.0 5.0 5.0 222.24 222 223 0.0
266 5.0 5.0 5.0 222.22 222 223 0.0
267 5.0 5.0 5.0 222.24 222 223 0.0
268 5.0 5.0 5.0 222.16 222 223 0.0
269 5.0 5.0 5.0 222.03 222 223 0.0
270 5.0 5.0 5.0 222.05 222 223 0.0
271 5.0 5.0 5.0 222.0 222 222 0.0
272 5.0 5.0 5.0 222.0 222 222 0.0
273 5.0 5.0 5.0 222.0 222 222 0.0
274 5.0 5.0 5.0 222.0 222 222 0.0
275 5.0 5.0 5.0 222.03 222 223 0.0
276 5.0 5.0 5.0 222.05 222 223 0.0
277 5.0 5.0 5.0 222.0 222 222 0.0
278 5.0 5.0 5.0 222.05 222 223 0.0
279 5.0 5.0 5.0 222.16 222 223 0.0
280 5.0 5.0 5.0 222.11 222 223 0.0
281 5.0 5.0 5.0 222.11 222 223 0.0
282 5.0 5.0 5.0 222.14 222 223 0.0
283 5.0 5.0 5.0 222.16 222 223 0.0
284 5.0 5.0 5.0 222.19 221 223 0.0
285 5.0 5.0 5.0 222.25 221 223 0.0
286 5.0 5.0 5.0 222.22 221 223 0.0
287 5.0 5.0 5.0 222.19 221 223 0.0
288 5.0 5.0 5.0 222.17 221 223 0.0
289 5.0 5.0 5.0 222.06 221 223 0.0
290 5.0 5.0 5.0 222.03 221 223 0.0
291 5.0 5.0 5.0 222.03 221 223 0.0
292 5.0 5.0 5.0 222.14 221 224 0.0
293 5.0 5.0 5.0 221.94 221 222 0.0
294 5.0 5.0 5.0 221.95 221 222 0.0
295 5.0 5.0 5.0 221.95 221 222 0.0
296 5.0 5.0 5.0 221.95 221 222 0.0
297 5.0 5.0 5.0 221.95 221 222 0.0
298 5.0 5.0 5.0 221.95 221 222 0.0
299 5.0 5.0 5.0 221.95 221 222 0.0
