gen avg_1 best_1 worst_1 avg_2 best_2 worst_2 avg_trigger
0 991 995 982 9743.72 9746 9748 0.444444444444
1 992.972 995 991 9744.44 9746 9746 0.333333333333
2 993.639 995 992 9742.81 9746 9752 0.25
3 993.917 995 993 9742.64 9746 9746 0.194444444444
4 994.194 995 994 9741.31 9751 9736 0.194444444444
5 994.222 995 994 9742.22 9751 9738 0.166666666667
6 994.278 995 994 9742.89 9751 9740 0.166666666667
7 994.333 995 994 9744.06 9751 9741 0.194444444444
8 994.361 995 994 9744.64 9751 9742 0.194444444444
9 994.444 995 994 9745.11 9751 9743 0.194444444444
10 994.5 995 994 9745.69 9751 9744 0.222222222222
11 994.472 995 994 9745.64 9751 9744 0.277777777778
12 994.528 995 994 9745.97 9751 9746 0.25
13 994.583 995 994 9746.28 9752 9746 0.25
14 994.722 995 994 9746.14 9752 9748 0.222222222222
15 994.778 995 994 9746.11 9752 9749 0.25
16 994.833 995 994 9745.92 9752 9750 0.277777777778
17 994.861 995 994 9745.25 9752 9750 0.305555555556
18 994.944 995 994 9744.72 9752 9752 0.305555555556
19 995 995 995 9745.56 9752 9741 0.222222222222
20 995 995 995 9747.19 9753 9744 0.222222222222
21 995 995 995 9748.25 9754 9746 0.138888888889
22 995 995 995 9748.97 9754 9747 0.111111111111
23 995 995 995 9749.31 9754 9747 0.0555555555556
24 995 995 995 9750.31 9754 9748 0.0555555555556
25 995 995 995 9750.97 9754 9749 0.0
26 995 995 995 9751.58 9754 9750 0.0
27 995 995 995 9751.86 9754 9750 0.0
28 995 995 995 9752.44 9756 9751 0.0
29 995 995 995 9752.72 9756 9751 0.0
30 995 995 995 9753.03 9756 9751 0.0
31 995 995 995 9753.25 9756 9752 0.0
32 995 995 995 9753.33 9756 9752 0.0
33 995 995 995 9753.44 9756 9752 0.0
34 995 995 995 9753.42 9756 9752 0.0
35 995 995 995 9753.5 9756 9752 0.0
36 995 995 995 9753.81 9756 9753 0.0
37 995 995 995 9753.81 9756 9753 0.0
38 995 995 995 9753.57 9756 9750 0.0
39 995 995 995 9753.78 9756 9752 0.0
40 994.973 995 994 9753.57 9756 9749 0.0
41 995 995 995 9753.22 9756 9746 0.027027027027
42 995 995 995 9753.84 9756 9753 0.0
43 995 995 995 9754.06 9757 9753 0.0
44 995 995 995 9754.47 9757 9753 0.0
45 995 995 995 9754.86 9757 9754 0.0
46 995 995 995 9755.19 9758 9754 0.0
47 995 995 995 9755.44 9758 9755 0.0
48 995 995 995 9755.75 9759 9755 0.0
49 995 995 995 9755.86 9759 9755 0.0
50 995 995 995 9756.28 9759 9755 0.0
51 995 995 995 9756.61 9759 9755 0.0
52 995 995 995 9756.81 9759 9756 0.0
53 995 995 995 9756.89 9759 9756 0.0
54 995 995 995 9757.17 9760 9756 0.0
55 995 995 995 9757.42 9760 9756 0.0
56 995 995 995 9757.39 9760 9756 0.0
57 995 995 995 9757.44 9760 9756 0.0
58 995 995 995 9757.47 9760 9756 0.0
59 995 995 995 9757.72 9761 9756 0.0277777777778
60 995 995 995 9757.69 9761 9756 0.0833333333333
61 995 995 995 9757.92 9761 9756 0.111111111111
62 995 995 995 9758 9761 9757 0.111111111111
63 995 995 995 9758.06 9761 9757 0.111111111111
64 995 995 995 9757.83 9761 9755 0.166666666667
65 995 995 995 9758.17 9761 9756 0.194444444444
66 995 995 995 9758.72 9762 9757 0.222222222222
67 995 995 995 9759.06 9763 9757 0.25
68 995 995 995 9759.42 9763 9758 0.305555555556
69 995 995 995 9759.58 9763 9758 0.305555555556
70 995 995 995 9760.03 9763 9759 0.25
71 995 995 995 9760.08 9763 9759 0.277777777778
72 995 995 995 9760.39 9763 9759 0.25
73 995 995 995 9760.69 9763 9759 0.25
74 995 995 995 9760.92 9764 9760 0.25
75 995 995 995 9761.08 9764 9760 0.222222222222
76 995 995 995 9761.17 9764 9760 0.25
77 995 995 995 9761.36 9764 9760 0.222222222222
78 995 995 995 9761.44 9764 9760 0.222222222222
79 995 995 995 9761.89 9764 9760 0.138888888889
80 995 995 995 9762.14 9765 9761 0.194444444444
81 995 995 995 9762.17 9765 9761 0.194444444444
82 995 995 995 9762.14 9765 9761 0.194444444444
83 995 995 995 9762.42 9765 9761 0.166666666667
84 995 995 995 9762.67 9765 9761 0.166666666667
85 995 995 995 9762.94 9765 9762 0.277777777778
86 995 995 995 9763.28 9766 9762 0.277777777778
87 995 995 995 9763.58 9766 9763 0.333333333333
88 995 995 995 9763.69 9766 9763 0.361111111111
89 995 995 995 9763.83 9766 9763 0.388888888889
90 995 995 995 9763.94 9766 9763 0.361111111111
91 995 995 995 9764.03 9766 9763 0.361111111111
92 995 995 995 9764.36 9767 9763 0.277777777778
93 995 995 995 9764.53 9767 9763 0.305555555556
94 995 995 995 9764.61 9767 9764 0.277777777778
95 995 995 995 9764.86 9767 9764 0.166666666667
96 995 995 995 9765.08 9767 9764 0.138888888889
97 995 995 995 9765.11 9767 9764 0.111111111111
98 995 995 995 9765.25 9767 9764 0.111111111111
99 995 995 995 9765.28 9767 9765 0.0833333333333
100 995 995 995 9765.39 9767 9765 0.111111111111
101 995 995 995 9765.56 9767 9765 0.111111111111
102 995 995 995 9765.7 9767 9765 0.135135135135
103 995 995 995 9765.7 9767 9765 0.189189189189
104 995 995 995 9765.76 9767 9765 0.216216216216
105 995 995 995 9765.84 9767 9765 0.216216216216
106 995 995 995 9765.84 9767 9765 0.243243243243
107 995 995 995 9766 9767 9765 0.216216216216
108 995 995 995 9766.32 9767 9766 0.216216216216
109 995 995 995 9766.42 9768 9766 0.25
110 995 995 995 9766.42 9768 9766 0.222222222222
111 995 995 995 9766.42 9768 9766 0.25
112 995 995 995 9766.53 9769 9766 0.25
113 995 995 995 9766.67 9769 9766 0.25
114 995 995 995 9766.78 9769 9766 0.222222222222
115 995 995 995 9766.83 9769 9766 0.222222222222
116 995 995 995 9766.97 9769 9766 0.25
117 995 995 995 9767.14 9769 9766 0.277777777778
118 995 995 995 9767.19 9769 9766 0.25
119 995 995 995 9767.11 9769 9766 0.25
120 995 995 995 9767.25 9769 9766 0.277777777778
121 995 995 995 9767.28 9769 9766 0.277777777778
122 995 995 995 9767.35 9769 9766 0.27027027027
123 995 995 995 9767.35 9769 9766 0.27027027027
124 995 995 995 9767.3 9769 9766 0.297297297297
125 995 995 995 9767.43 9769 9766 0.297297297297
126 995 995 995 9767.54 9769 9767 0.324324324324
127 995 995 995 9767.49 9769 9765 0.351351351351
128 995 995 995 9767.59 9769 9766 0.324324324324
129 995 995 995 9767.73 9769 9767 0.351351351351
130 995 995 995 9767.7 9769 9766 0.351351351351
131 995 995 995 9767.73 9769 9767 0.351351351351
132 995 995 995 9767.7 9769 9767 0.351351351351
133 995 995 995 9767.81 9771 9767 0.361111111111
134 995 995 995 9767.94 9771 9767 0.361111111111
135 995 995 995 9767.94 9771 9767 0.361111111111
136 995 995 995 9767.83 9771 9767 0.361111111111
137 995 995 995 9767.94 9771 9767 0.305555555556
138 995 995 995 9767.97 9771 9766 0.305555555556
139 995 995 995 9767.97 9771 9767 0.305555555556
140 995 995 995 9768.06 9771 9767 0.305555555556
141 995 995 995 9768.14 9771 9767 0.305555555556
142 995 995 995 9768.25 9771 9767 0.333333333333
143 995 995 995 9768 9771 9764 0.351351351351
144 995 995 995 9768.22 9771 9767 0.351351351351
145 995 995 995 9768.44 9772 9767 0.388888888889
146 995 995 995 9768.69 9772 9767 0.388888888889
147 995 995 995 9769.03 9772 9768 0.416666666667
148 995 995 995 9769.17 9772 9768 0.361111111111
149 995 995 995 9769.33 9772 9768 0.25
150 995 995 995 9769.61 9773 9768 0.166666666667
151 995 995 995 9769.69 9773 9769 0.138888888889
152 995 995 995 9769.86 9773 9769 0.166666666667
153 995 995 995 9770.06 9773 9769 0.222222222222
154 995 995 995 9770.11 9773 9769 0.194444444444
155 995 995 995 9769.97 9773 9768 0.194444444444
156 995 995 995 9770 9773 9769 0.194444444444
157 995 995 995 9769.97 9773 9768 0.166666666667
158 995 995 995 9769.97 9773 9766 0.166666666667
159 995 995 995 9770.25 9773 9769 0.166666666667
160 995 995 995 9770.24 9773 9769 0.135135135135
161 995 995 995 9770.32 9773 9769 0.135135135135
162 995 995 995 9770.16 9773 9769 0.135135135135
163 995 995 995 9770.16 9773 9769 0.135135135135
164 995 995 995 9770.27 9773 9769 0.162162162162
165 995 995 995 9770.54 9773 9769 0.108108108108
166 995 995 995 9770.72 9774 9770 0.0833333333333
167 995 995 995 9770.81 9774 9770 0.0833333333333
168 995 995 995 9770.86 9774 9770 0.0833333333333
169 995 995 995 9770.86 9774 9770 0.0833333333333
170 995 995 995 9770.94 9774 9770 0.0833333333333
171 995 995 995 9770.97 9774 9770 0.0833333333333
172 995 995 995 9771.06 9774 9770 0.0833333333333
173 995 995 995 9771.14 9774 9770 0.0277777777778
174 995 995 995 9771.31 9774 9770 0.0
175 995 995 995 9771.08 9774 9765 0.0
176 995 995 995 9771.68 9774 9771 0.0
177 995 995 995 9771.75 9775 9771 0.0
178 995 995 995 9771.94 9775 9771 0.0
179 995 995 995 9772 9775 9771 0.0
180 995 995 995 9772.14 9775 9771 0.0
181 995 995 995 9772.22 9775 9771 0.0
182 995 995 995 9772.5 9775 9771 0.0
183 995 995 995 9772.61 9775 9771 0.0
184 995 995 995 9772.72 9775 9772 0.0
185 995 995 995 9772.72 9775 9772 0.0
186 995 995 995 9772.78 9775 9772 0.0
187 995 995 995 9772.68 9775 9770 0.0
188 995 995 995 9772.73 9775 9771 0.0
189 995 995 995 9773.14 9775 9772 0.0
190 995 995 995 9773.3 9775 9772 0.0
191 995 995 995 9773.73 9775 9772 0.0
192 995 995 995 9774.11 9775 9773 0.0
193 995 995 995 9774.19 9775 9773 0.0
194 995 995 995 9774.32 9775 9774 0.0
195 995 995 995 9774.35 9775 9774 0.0
196 995 995 995 9774.36 9776 9774 0.0
197 995 995 995 9774.5 9776 9774 0.0
198 995 995 995 9774.53 9776 9774 0.0
199 995 995 995 9774.58 9776 9774 0.0
200 995 995 995 9774.67 9776 9774 0.0
201 995 995 995 9774.78 9776 9774 0.0
202 995 995 995 9774.81 9776 9774 0.0
203 995 995 995 9774.92 9776 9774 0.0
204 995 995 995 9775.03 9776 9774 0.0
205 995 995 995 9775.08 9776 9775 0.0
206 995 995 995 9775.08 9776 9775 0.0
207 995 995 995 9774.95 9776 9773 0.0
208 995 995 995 9775.03 9776 9774 0.0
209 995 995 995 9775.05 9776 9774 0.0
210 995 995 995 9775.08 9776 9775 0.0
211 995 995 995 9774.89 9776 9772 0.0
212 995 995 995 9774.97 9776 9774 0.0
213 995 995 995 9775.11 9776 9775 0.0
214 995 995 995 9775.11 9776 9775 0.0
215 995 995 995 9775.08 9776 9775 0.0
216 995 995 995 9775.08 9776 9775 0.0
217 995 995 995 9775.08 9776 9775 0.0
218 995 995 995 9775.11 9776 9775 0.0
219 995 995 995 9775.14 9776 9775 0.0
220 995 995 995 9775.16 9776 9775 0.0
221 995 995 995 9775.19 9776 9775 0.0
222 995 995 995 9775.19 9777 9775 0.0
223 995 995 995 9775.11 9777 9774 0.0
224 995 995 995 9775.03 9777 9773 0.0
225 995 995 995 9775.11 9777 9774 0.0
226 995 995 995 9775.17 9777 9774 0.0
227 995 995 995 9775.17 9777 9774 0.0
228 995 995 995 9775.22 9777 9774 0.0
229 995 995 995 9775.22 9777 9774 0.0
230 995 995 995 9775.44 9777 9775 0.0
231 995 995 995 9775.58 9777 9775 0.0
232 995 995 995 9775.59 9777 9775 0.0
233 995 995 995 9775.62 9777 9775 0.0
234 995 995 995 9775.76 9777 9775 0.0
235 995 995 995 9775.92 9777 9775 0.0
236 995 995 995 9776.11 9777 9776 0.0
237 995 995 995 9776.14 9777 9776 0.0
238 995 995 995 9776.14 9777 9776 0.0
239 995 995 995 9776.16 9777 9776 0.0
240 995 995 995 9776.14 9777 9776 0.0
241 995 995 995 9776.16 9777 9776 0.0
242 995 995 995 9776.22 9777 9776 0.0
243 995 995 995 9776.24 9777 9776 0.0
244 995 995 995 9776.3 9777 9776 0.0
245 995 995 995 9776.39 9778 9776 0.0
246 995 995 995 9776.56 9778 9776 0.0
247 995 995 995 9776.53 9778 9776 0.0
248 995 995 995 9776.58 9778 9776 0.0
249 995 995 995 9776.67 9778 9776 0.0
250 995 995 995 9776.86 9778 9776 0.0
251 995 995 995 9776.89 9778 9776 0.0
252 995 995 995 9777.03 9778 9776 0.0
253 995 995 995 9777.08 9778 9777 0.0
254 995 995 995 9777.14 9778 9777 0.0
255 995 995 995 9777.19 9778 9777 0.0
256 995 995 995 9777.24 9778 9777 0.0
257 995 995 995 9777.3 9778 9777 0.0
258 995 995 995 9777.38 9778 9777 0.0
259 995 995 995 9777.43 9778 9777 0.0
260 995 995 995 9777.43 9778 9776 0.0
261 995 995 995 9777.51 9778 9777 0.0
262 995 995 995 9777.62 9778 9777 0.0
263 995 995 995 9777.68 9778 9777 0.0
264 995 995 995 9777.73 9778 9777 0.0
265 995 995 995 9777.76 9778 9777 0.0
266 995 995 995 9777.78 9778 9777 0.0
267 995 995 995 9777.76 9778 9777 0.0
268 995 995 995 9777.84 9778 9777 0.0
269 995 995 995 9777.97 9778 9777 0.0
270 995 995 995 9777.95 9778 9777 0.0
271 995 995 995 9778 9778 9778 0.0
272 995 995 995 9778 9778 9778 0.0
273 995 995 995 9778 9778 9778 0.0
274 995 995 995 9778 9778 9778 0.0
275 995 995 995 9777.97 9778 9777 0.0
276 995 995 995 9777.95 9778 9777 0.0
277 995 995 995 9778 9778 9778 0.0
278 995 995 995 9777.95 9778 9777 0.0
279 995 995 995 9777.84 9778 9777 0.0
280 995 995 995 9777.89 9778 9777 0.0
281 995 995 995 9777.89 9778 9777 0.0
282 995 995 995 9777.86 9778 9777 0.0
283 995 995 995 9777.84 9778 9777 0.0
284 995 995 995 9777.81 9779 9777 0.0
285 995 995 995 9777.75 9779 9777 0.0
286 995 995 995 9777.78 9779 9777 0.0
287 995 995 995 9777.81 9779 9777 0.0
288 995 995 995 9777.83 9779 9777 0.0
289 995 995 995 9777.94 9779 9777 0.0
290 995 995 995 9777.97 9779 9777 0.0
291 995 995 995 9777.97 9779 9777 0.0
292 995 995 995 9777.86 9779 9776 0.0
293 995 995 995 9778.06 9779 9778 0.0
294 995 995 995 9778.05 9779 9778 0.0
295 995 995 995 9778.05 9779 9778 0.0
296 995 995 995 9778.05 9779 9778 0.0
297 995 995 995 9778.05 9779 9778 0.0
298 995 995 995 9778.05 9779 9778 0.0
299 995 995 995 9778.05 9779 9778 0.0
