iAA.s 994 9854 0
iJ.s 990 9863 0
iV.s 992 9853 1
iAJ.s 992 9855 1
iAV.s 992 9854 1
iBD.s 993 9858 0
iBP.s 996 9854 0
iBV.s 994 9857 0
iCH.s 993 9855 1
iCN.s 992 9850 0
iCZ.s 994 9853 0
iDJ.s 993 9861 1
iDV.s 993 9853 0
iED.s 993 9853 1
iEP.s 991 9859 1
iEV.s 995 9861 0
iFH.s 993 9856 0
iFN.s 993 9853 1
iFZ.s 992 9851 0
iGJ.s 995 9853 0
iGV.s 992 9852 0
iHD.s 990 9856 1
iHP.s 994 9861 0
iHV.s 995 9856 1
iIH.s 995 9851 0
iIN.s 993 9852 1
iIZ.s 993 9860 1
iJJ.s 994 9849 1
iJV.s 995 9853 0
iKD.s 995 9855 1
iKP.s 994 9857 1
iKV.s 994 9852 0
iLH.s 992 9857 0
iLN.s 994 9856 1
iLZ.s 992 9861 0
iMJ.s 994 9856 0
iMW.s 995 9859 0
iND.s 995 9861 1
iNP.s 995 9861 0
iNW.s 995 9860 0
iOI.s 996 9853 0
iON.s 996 9846 0
iOZ.s 995 9857 0
iPJ.s 994 9848 0
iPV.s 995 9862 0
iQE.s 995 9844 0
iQQ.s 995 9861 0
iQV.s 996 9845 0
iRH.s 996 9854 0
iRN.s 995 9849 0
iSA.s 996 9855 0
iSJ.s 994 9853 0
iSV.s 996 9849 0
iTD.s 996 9852 0
iTQ.s 996 9855 0
iTV.s 996 9859 0
iUI.s 996 9849 0
iUN.s 996 9851 0
iUZ.s 994 9855 0
iVJ.s 996 9854 0
iVV.s 996 9853 0
iWD.s 996 9854 1
iWP.s 996 9854 0
iWV.s 996 9856 0
iXH.s 995 9860 0
iXN.s 995 9856 0
iXZ.s 992 9856 0
iYJ.s 994 9857 0
iYV.s 993 9854 0
iZD.s 996 9854 1
iZP.s 996 9855 1
i2H.s 996 9856 0
iZV.s 994 9860 1
i2N.s 995 9858 1
i2Z.s 994 9858 1
i3J.s 995 9859 1
i3V.s 996 9859 0
i4D.s 996 9859 0
i4P.s 996 9856 0
i4V.s 993 9859 0
i5I.s 995 9859 0
i5N.s 996 9857 0
i6A.s 996 9857 1
i6J.s 995 9859 1
i6V.s 995 9858 0
i7D.s 995 9860 0
i7P.s 996 9858 0
i7V.s 995 9860 0
iAAH.s 996 9859 0
iAAN.s 996 9861 1
iABA.s 995 9859 0
iABJ.s 996 9854 0
iABV.s 992 9863 0
iACD.s 996 9862 1
iACP.s 994 9860 1
iACV.s 996 9860 0
iADH.s 996 9862 0
iADN.s 996 9860 0
iADZ.s 993 9860 0
iAEJ.s 993 9860 1
iAEV.s 993 9860 0
iAFD.s 995 9859 0
iAFP.s 995 9859 0
iAFV.s 995 9862 1
iAGH.s 994 9860 0
iAGN.s 996 9861 0
iAHA.s 993 9853 1
iAHJ.s 992 9857 0
iAHV.s 994 9866 0
iAID.s 996 9861 0
iAIP.s 992 9859 0
iAIV.s 993 9856 0
iAJH.s 993 9861 0
iAJN.s 992 9858 0
iAJZ.s 995 9861 0
iAKJ.s 995 9857 1
iAKW.s 996 9862 0
iALD.s 994 9859 0
iALP.s 992 9861 0
iALV.s 995 9860 0
iAMH.s 995 9860 0
iAMN.s 992 9864 0
iAMZ.s 996 9862 0
iANJ.s 992 9861 0
iANV.s 993 9859 1
iAOD.s 993 9850 0
iAOP.s 995 9857 0
iAOV.s 995 9862 0
iAPH.s 996 9861 0
iAPN.s 996 9860 0
iAPZ.s 996 9859 0
iAQJ.s 996 9860 0
iAQV.s 996 9862 0
iARD.s 996 9862 0
iARQ.s 996 9862 0
iARV.s 996 9862 0
iASH.s 996 9864 0
iASN.s 996 9862 0
iASZ.s 996 9862 0
iATJ.s 996 9861 0
iATV.s 996 9861 0
iAUD.s 995 9863 0
iAUP.s 993 9861 0
iAUV.s 996 9862 1
iAVH.s 993 9865 0
iAVN.s 990 9865 0
iAVZ.s 995 9862 0
iAWJ.s 996 9862 0
iAWV.s 994 9865 1
iAXD.s 993 9863 0
iAXQ.s 995 9859 0
iAXV.s 994 9857 0
iAYH.s 996 9856 0
iAYN.s 996 9863 0
iAYZ.s 995 9864 1
iAZJ.s 996 9863 0
iAZV.s 995 9859 0
iA2H.s 996 9864 0
iA2T.s 995 9866 1
iA2V.s 996 9862 0
iA3I.s 992 9863 0
iA3N.s 992 9863 0
iA3Z.s 995 9866 0
iA4J.s 994 9866 0
iA4V.s 996 9864 0
iA5D.s 996 9863 0
iA5P.s 992 9865 0
iA5W.s 996 9863 0
iA6I.s 993 9860 1
iA6N.s 995 9865 0
iA6Z.s 992 9866 1
iA7J.s 992 9865 1
iA7V.s 994 9862 0
iBAD.s 996 9864 0
iBAP.s 996 9865 0
iBAW.s 996 9862 0
iBBI.s 995 9864 0
iBBN.s 993 9862 1
iBBZ.s 994 9861 1
iBCJ.s 991 9866 0
iBCV.s 993 9864 0
iBDD.s 991 9864 1
iBDP.s 993 9864 0
iBDV.s 992 9866 0
iBEH.s 996 9863 0
iBEO.s 995 9864 0
iBFA.s 996 9864 0
iBFJ.s 996 9865 0
iBFV.s 996 9867 0
iBGD.s 996 9864 0
iBGP.s 994 9861 0
iBGV.s 995 9862 0
iBHH.s 996 9863 0
iBHN.s 994 9867 0
iBHZ.s 996 9867 0
iBIJ.s 996 9865 0
iBIV.s 996 9866 0
iBJD.s 996 9865 0
iBJP.s 996 9867 0
iBJV.s 993 9867 0
iBKH.s 996 9865 0
iBKN.s 996 9865 0
iBKZ.s 996 9866 0
iBLJ.s 996 9864 0
iBLV.s 996 9866 0
iBMD.s 996 9867 0
iBMQ.s 996 9864 0
iBMW.s 996 9865 0
iBNI.s 996 9865 0
iBNO.s 996 9865 0
iBOA.s 996 9866 0
iBOJ.s 992 9864 0
iBOV.s 994 9867 0
iBPD.s 996 9867 0
iBPQ.s 996 9864 0
iBPW.s 996 9867 0
iBQI.s 996 9866 0
iBQN.s 996 9867 0
iBQZ.s 996 9867 0
iBRJ.s 996 9868 0
iBRV.s 996 9866 0
iBSD.s 996 9868 0
iBSP.s 996 9865 0
iBSV.s 996 9868 0
iBTH.s 993 9868 0
iBTN.s 992 9868 0
iBTZ.s 996 9867 0
iBUJ.s 995 9864 0
iBUV.s 994 9870 0
iBVE.s 996 9864 0
iBVQ.s 996 9867 0
iBVV.s 996 9866 0
iBWH.s 996 9866 0
iBWN.s 996 9868 0
iBWZ.s 996 9867 0
iBXL.s 996 9866 0
iBXX.s 996 9864 0
iBYD.s 985 9869 0
iBYP.s 996 9867 0
iBYV.s 994 9868 0
iBZH.s 993 9863 0
iBZ5.s 996 9868 0
iBZV.s 996 9867 0
iB2J.s 994 9866 0
iB2V.s 996 9867 0
iB3E.s 992 9868 0
iB3Q.s 995 9866 0
iB3V.s 994 9868 0
iB4H.s 993 9868 0
iB4N.s 996 9866 0
iB5A.s 996 9867 0
iB5J.s 996 9869 0
iB5V.s 995 9866 0
iB6D.s 995 9865 0
iB6P.s 994 9868 0
iB6V.s 996 9869 0
iB7H.s 994 9868 0
iB7N.s 992 9868 0
iB7Z.s 991 9870 0
iCAJ.s 996 9869 0
iCAV.s 996 9867 0
iCBD.s 996 9868 0
iCBP.s 996 9868 0
iCBV.s 992 9864 0
iCCH.s 994 9868 0
iCCN.s 996 9865 0
iCCZ.s 995 9870 0
iCDK.s 994 9868 0
iCDW.s 996 9869 0
iCED.s 996 9869 0
iCEP.s 995 9869 0
iCEV.s 996 9869 0
iCFH.s 996 9867 0
iCFN.s 996 9867 0
iCFZ.s 991 9869 0
iCGJ.s 996 9868 0
iCGV.s 993 9869 0
iCHD.s 995 9868 0
iCHQ.s 996 9868 0
iCHV.s 994 9861 0
iCIH.s 993 9872 0
iCIN.s 996 9867 0
iCIZ.s 994 9868 0
iCJJ.s 992 9870 0
iCJV.s 996 9869 0
iCKD.s 994 9869 0
iCKP.s 996 9867 0
iCKV.s 996 9864 0
iCLI.s 996 9866 0
iCLN.s 992 9871 0
iCLZ.s 996 9868 0
iCMJ.s 996 9868 0
iCMV.s 996 9869 0
iCND.s 996 9868 0
iCNP.s 992 9864 0
iCNV.s 993 9871 0
iCOH.s 994 9860 0
iCON.s 995 9869 0
iCOZ.s 995 9868 0
iCPJ.s 995 9869 0
iCPV.s 992 9868 1
iCQD.s 996 9869 0
iCQP.s 996 9869 0
iCQV.s 996 9864 0
iCRH.s 994 9869 1
iCRN.s 994 9870 0
iCRZ.s 995 9868 0
iCSJ.s 992 9869 1
iCSV.s 991 9873 0
iCTD.s 992 9871 0
iCTP.s 996 9869 0
iCTV.s 995 9869 0
iCUH.s 996 9870 0
iCUO.s 996 9870 0
iCVA.s 996 9870 0
iCVJ.s 996 9868 0
iCVV.s 996 9871 0
iCWE.s 992 9869 0
iCWQ.s 992 9870 0
iCWV.s 996 9869 0
iCXH.s 995 9872 0
iCXN.s 996 9868 0
iCXZ.s 992 9869 0
iCYK.s 992 9863 0
iCYW.s 992 9871 0
iCZD.s 996 9869 0
iCZP.s 992 9864 1
iC2H.s 996 9865 0
iCZW.s 996 9869 0
iC2N.s 996 9870 0
iC2Z.s 995 9867 0
iC3J.s 996 9866 0
iC3V.s 996 9866 0
iC4D.s 996 9869 0
iC4P.s 994 9866 0
iC4V.s 992 9867 0
iC5H.s 991 9864 0
iC5N.s 995 9866 0
iC5Z.s 994 9866 0
iC6K.s 995 9867 0
iC6W.s 995 9867 0
iC7E.s 993 9864 0
iC7Q.s 992 9866 0
iC7V.s 995 9867 0
iDAH.s 992 9868 0
iDAN.s 994 9870 0
iDAZ.s 992 9870 0
iDBJ.s 996 9867 0
iDBW.s 991 9863 0
iDCD.s 992 9867 0
iDCP.s 996 9870 0
iDCV.s 994 9866 0
iDDH.s 994 9869 0
iDDN.s 994 9870 0
iDDZ.s 994 9866 0
iDEJ.s 996 9869 0
iDEV.s 995 9866 0
iDFD.s 991 9870 0
iDFP.s 993 9865 0
iDFV.s 995 9867 0
iDGH.s 994 9872 0
iDGN.s 996 9869 0
iDGZ.s 993 9868 0
iDHJ.s 995 9871 0
iDHV.s 996 9870 0
iDID.s 996 9868 0
iDIP.s 996 9870 0
iDIV.s 996 9870 0
iDJI.s 995 9870 0
iDJP.s 996 9871 0
iDKC.s 994 9869 0
iDKJ.s 996 9870 0
iDKV.s 996 9870 0
iDLE.s 996 9870 0
iDLQ.s 996 9870 0
iDLV.s 996 9870 0
iDMH.s 995 9871 0
iDMO.s 996 9871 0
iDNA.s 996 9871 0
iDNJ.s 994 9871 0
iDNV.s 996 9870 0
iDOE.s 996 9871 0
iDOQ.s 996 9868 0
iDOV.s 996 9870 0
iDPJ.s 996 9871 0
iDPN.s 996 9871 0
iDPZ.s 996 9870 0
iDQJ.s 996 9871 0
iDQV.s 996 9871 0
iDRD.s 996 9870 0
iDRQ.s 996 9870 0
iDRV.s 996 9871 0
iDSH.s 996 9871 0
iDSN.s 996 9871 0
iDSZ.s 996 9870 0
iDTK.s 991 9871 0
iDTW.s 996 9871 0
iDUD.s 996 9871 0
iDUP.s 996 9871 0
iDUW.s 996 9871 0
iDVJ.s 996 9871 0
iDVN.s 996 9871 0
iDVZ.s 996 9870 0
iDWK.s 996 9871 0
iDWW.s 996 9870 0
iDXE.s 996 9871 0
iDXR.s 996 9871 0
iDXV.s 996 9871 0
iDYI.s 996 9870 0
iDYO.s 996 9871 0
iDZB.s 996 9871 0
iDZK.s 996 9871 0
iDZW.s 995 9872 0
iD2H.s 994 9870 0
iDZ4.s 996 9871 0
iD2V.s 995 9872 0
iD3H.s 996 9870 0
iD3N.s 996 9871 0
iD4B.s 996 9872 0
iD4J.s 996 9871 0
iD4V.s 996 9871 0
iD5E.s 996 9872 0
iD5R.s 996 9872 0
iD5V.s 996 9871 0
iD6I.s 992 9872 0
iD6N.s 996 9872 0
iD6Z.s 996 9872 0
iD7J.s 996 9872 0
iD7V.s 996 9871 0
iEAD.s 996 9872 0
iEAP.s 996 9872 0
iEAV.s 996 9872 0
iEBH.s 996 9871 0
iEBN.s 996 9872 0
iEBZ.s 996 9872 0
iECJ.s 994 9873 0
iECV.s 996 9872 0
iEDD.s 996 9870 0
iEDP.s 996 9871 0
iEDV.s 991 9872 0
iEEI.s 996 9871 0
iEEN.s 994 9871 0
iEEZ.s 996 9872 0
iEFJ.s 995 9873 0
iEFV.s 996 9872 0
iEGD.s 996 9870 0
iEGP.s 996 9872 0
iEGV.s 996 9870 0
iEHH.s 996 9872 0
iEHN.s 996 9871 0
iEHZ.s 996 9872 0
iEIJ.s 995 9873 0
iEIV.s 991 9869 1
iEJD.s 996 9869 0
iEJQ.s 994 9872 0
iEJV.s 992 9868 0
iEKI.s 996 9871 0
iEKN.s 995 9867 0
iEKZ.s 996 9868 0
iELJ.s 991 9870 0
iELV.s 996 9872 0
iEMD.s 996 9872 0
iEMP.s 996 9871 0
iEMV.s 995 9860 0
iENH.s 996 9872 0
iENN.s 996 9871 0
iENZ.s 992 9874 0
iEOJ.s 996 9869 0
iEOV.s 994 9870 0
iEPD.s 996 9872 0
iEPP.s 992 9874 0
iEPV.s 995 9868 0
iEQH.s 996 9871 0
iEQN.s 995 9872 0
iEQZ.s 996 9871 0
iERJ.s 996 9871 0
iERW.s 991 9872 0
iESD.s 996 9872 0
iESP.s 991 9872 0
iESV.s 996 9869 0
iETH.s 996 9871 0
iETN.s 992 9872 0
iETZ.s 995 9872 0
iEUJ.s 992 9870 0
iEUV.s 996 9872 0
iEVD.s 995 9872 0
iEVP.s 995 9865 0
iEVV.s 993 9870 0
iEWH.s 996 9872 0
iEWO.s 992 9873 0
iEXA.s 996 9867 0
iEXJ.s 994 9866 0
iEXV.s 996 9872 0
iEYD.s 996 9868 0
iEYP.s 996 9870 0
iEYV.s 996 9872 0
iEZH.s 992 9869 0
iEZ5.s 991 9868 0
iEZV.s 996 9870 0
iE2J.s 994 9873 0
iE2V.s 996 9869 0
iE3D.s 994 9871 0
iE3P.s 992 9870 0
iE3W.s 996 9872 0
iE4K.s 996 9870 0
iE4N.s 994 9866 0
iE4Z.s 994 9873 0
iE5J.s 996 9870 0
iE5V.s 996 9871 0
iE6D.s 996 9872 0
iE6Q.s 994 9873 0
iE6V.s 994 9873 0
iE7H.s 996 9871 0
iE7N.s 990 9872 0
iE7Z.s 996 9871 0
iFAJ.s 995 9870 0
iFAV.s 995 9872 0
iFBE.s 996 9872 0
iFBR.s 992 9872 0
iFBV.s 996 9871 0
iFCJ.s 996 9869 0
iFCP.s 994 9869 0
iFDB.s 992 9874 0
iFDJ.s 995 9868 0
iFDV.s 996 9871 0
iFEE.s 996 9872 0
iFEQ.s 996 9872 0
iFEV.s 996 9872 0
iFFH.s 996 9872 0
iFFO.s 996 9870 0
iFGA.s 996 9872 0
iFGJ.s 996 9870 0
iFGX.s 994 9866 0
iFHD.s 996 9872 0
iFHP.s 996 9872 0
iFHV.s 995 9873 0
iFIH.s 993 9871 0
iFIN.s 996 9872 0
iFIZ.s 995 9872 0
iFJJ.s 996 9872 0
iFJV.s 996 9872 0
iFKD.s 996 9871 0
iFKP.s 996 9872 0
iFKV.s 996 9872 0
iFLH.s 996 9868 0
iFLN.s 996 9872 0
iFMA.s 996 9871 0
iFMJ.s 996 9871 0
iFMV.s 996 9872 0
iFND.s 991 9871 0
iFNP.s 992 9870 0
iFNV.s 995 9868 0
iFOH.s 996 9872 0
iFON.s 992 9871 0
iFOZ.s 991 9873 0
iFPJ.s 992 9871 0
iFPV.s 996 9872 0
iFQD.s 992 9875 0
iFQP.s 995 9873 0
iFQV.s 996 9870 0
iFRH.s 995 9869 0
iFRN.s 992 9873 0
iFRZ.s 996 9872 0
iFSJ.s 994 9871 0
iFSV.s 985 9873 0
iFTD.s 996 9869 0
iFTP.s 995 9871 0
iFTV.s 994 9872 0
iFUH.s 996 9870 0
iFUN.s 992 9873 0
iFVA.s 995 9872 0
iFVJ.s 994 9870 0
iFVV.s 996 9870 0
iFWD.s 996 9869 0
iFWP.s 996 9872 0
iFWV.s 996 9872 0
iFXH.s 995 9872 0
iFXN.s 996 9871 0
iFXZ.s 996 9871 0
iFYK.s 996 9872 0
iFYX.s 996 9872 0
iFZD.s 996 9872 0
iFZP.s 994 9870 0
iF2H.s 996 9868 0
iFZV.s 994 9873 0
iF2N.s 995 9872 0
iF2Z.s 996 9871 0
iF3J.s 993 9869 0
iF3V.s 992 9871 0
iF4D.s 995 9869 0
iF4Q.s 996 9871 0
iF4V.s 995 9868 0
iF5H.s 992 9868 0
iF5N.s 995 9866 0
iF5Z.s 995 9870 0
iF6J.s 995 9872 0
iF6V.s 995 9870 0
iF7D.s 992 9874 0
iF7Q.s 995 9871 0
iF7V.s 996 9871 0
iGAH.s 996 9872 0
iGAN.s 996 9865 0
iGBA.s 996 9872 0
