iAB.s 992 9854 1
iK.s 992 9849 1
iW.s 993 9859 1
iAK.s 993 9849 0
iAW.s 995 9855 0
iBE.s 994 9854 0
iBQ.s 994 9857 0
iBW.s 993 9855 0
iCI.s 994 9852 0
iCO.s 996 9851 0
iDA.s 992 9857 0
iDK.s 994 9853 1
iDW.s 994 9856 1
iEE.s 992 9862 0
iEQ.s 994 9853 1
iEW.s 992 9857 0
iFI.s 995 9854 0
iFO.s 995 9855 1
iGA.s 994 9857 0
iGK.s 995 9852 0
iGW.s 990 9862 0
iHE.s 992 9857 0
iHQ.s 994 9855 0
iHW.s 992 9853 1
iII.s 993 9854 0
iIO.s 995 9855 0
iJA.s 993 9849 1
iJK.s 995 9856 0
iJW.s 993 9855 1
iKE.s 993 9864 0
iKQ.s 992 9854 1
iKW.s 993 9857 1
iLI.s 995 9853 0
iLO.s 996 9851 0
iMA.s 994 9860 1
iMK.s 993 9861 0
iMX.s 995 9858 0
iNE.s 995 9856 1
iNQ.s 992 9862 1
iNX.s 995 9860 0
iOJ.s 993 9857 0
iOO.s 996 9846 0
iPA.s 992 9861 0
iPK.s 995 9860 0
iPW.s 994 9865 0
iQF.s 994 9856 0
iQR.s 995 9861 0
iQW.s 995 9862 0
iRI.s 996 9851 1
iRO.s 993 9849 0
iSB.s 996 9853 0
iSK.s 996 9853 0
iSW.s 996 9849 0
iTF.s 993 9857 0
iTR.s 996 9849 0
iTW.s 992 9857 0
iUJ.s 995 9855 0
iUO.s 994 9855 0
iVA.s 996 9854 0
iVK.s 996 9853 0
iVW.s 996 9854 0
iWE.s 996 9853 1
iWQ.s 996 9856 1
iWW.s 996 9854 0
iXI.s 995 9855 0
iXO.s 993 9854 0
iYA.s 994 9855 1
iYK.s 996 9855 0
iYW.s 996 9856 1
iZE.s 992 9857 0
iZQ.s 991 9861 0
i2I.s 996 9857 0
iZW.s 993 9859 0
i2O.s 995 9853 1
i3A.s 996 9856 0
i3K.s 996 9860 0
i3W.s 995 9859 0
i4E.s 996 9857 0
i4Q.s 994 9860 0
i4W.s 996 9855 1
i5J.s 996 9855 0
i5O.s 996 9858 0
i6B.s 996 9853 0
i6K.s 996 9859 0
i6W.s 996 9858 0
i7E.s 993 9860 1
i7Q.s 993 9854 1
i7W.s 995 9860 0
iAAI.s 996 9859 0
iAAO.s 993 9855 0
iABB.s 996 9857 0
iABK.s 996 9862 0
iABW.s 993 9860 1
iACE.s 995 9858 1
iACQ.s 996 9862 0
iACW.s 996 9859 0
iADI.s 996 9861 0
iADO.s 996 9858 0
iAEA.s 992 9864 0
iAEK.s 994 9861 0
iAEW.s 993 9860 0
iAFE.s 995 9861 0
iAFQ.s 995 9859 0
iAFW.s 996 9857 0
iAGI.s 996 9857 0
iAGO.s 995 9860 0
iAHB.s 996 9856 0
iAHK.s 996 9861 0
iAHW.s 993 9861 0
iAIE.s 993 9862 0
iAIQ.s 995 9860 0
iAIW.s 996 9858 0
iAJI.s 992 9857 0
iAJO.s 994 9862 0
iAKA.s 993 9858 1
iAKK.s 996 9856 0
iAKX.s 995 9856 1
iALE.s 996 9863 0
iALQ.s 993 9865 0
iALW.s 987 9857 1
iAMI.s 992 9862 1
iAMO.s 995 9858 0
iANA.s 996 9859 0
iANK.s 995 9856 0
iANW.s 995 9863 0
iAOE.s 991 9862 0
iAOQ.s 991 9863 0
iAOW.s 996 9861 0
iAPI.s 996 9861 0
iAPO.s 996 9861 0
iAQA.s 991 9864 0
iAQK.s 996 9862 0
iAQW.s 991 9862 0
iARE.s 996 9860 0
iARR.s 996 9862 0
iARW.s 996 9861 0
iASI.s 993 9863 0
iASO.s 996 9862 0
iATA.s 996 9863 0
iATK.s 996 9863 0
iATW.s 993 9862 0
iAUE.s 995 9863 1
iAUQ.s 996 9862 0
iAUW.s 992 9865 0
iAVI.s 994 9862 1
iAVO.s 989 9864 0
iAWA.s 994 9864 1
iAWK.s 993 9864 0
iAWW.s 993 9863 1
iAXE.s 996 9865 0
iAXR.s 993 9862 1
iAXW.s 996 9863 0
iAYI.s 995 9861 0
iAYO.s 995 9862 0
iAZA.s 996 9863 0
iAZK.s 995 9860 0
iAZW.s 992 9861 1
iA2I.s 993 9864 0
iAZ4.s 996 9862 0
iA2W.s 996 9864 0
iA3J.s 996 9861 0
iA3O.s 995 9860 0
iA4A.s 992 9866 0
iA4K.s 994 9864 0
iA4W.s 991 9864 1
iA5E.s 996 9865 0
iA5Q.s 995 9867 0
iA5X.s 996 9864 0
iA6J.s 995 9865 0
iA6O.s 994 9857 0
iA7A.s 995 9864 0
iA7K.s 995 9867 0
iA7W.s 992 9865 0
iBAE.s 992 9864 0
iBAQ.s 993 9865 0
iBAX.s 995 9863 0
iBBJ.s 993 9861 1
iBBO.s 992 9870 0
iBCA.s 993 9864 0
iBCK.s 996 9862 0
iBCW.s 992 9863 0
iBDE.s 995 9868 0
iBDQ.s 996 9864 0
iBDW.s 994 9869 0
iBEI.s 996 9866 0
iBEP.s 992 9866 0
iBFB.s 996 9866 0
iBFK.s 996 9865 0
iBFW.s 994 9863 0
iBGE.s 995 9867 0
iBGQ.s 995 9865 0
iBGW.s 996 9867 0
iBHI.s 996 9866 0
iBHO.s 992 9866 1
iBIA.s 991 9866 0
iBIK.s 993 9864 0
iBIW.s 995 9865 0
iBJE.s 996 9866 0
iBJQ.s 996 9864 0
iBJW.s 996 9866 0
iBKI.s 995 9865 0
iBKO.s 996 9865 0
iBLA.s 993 9866 0
iBLK.s 996 9865 0
iBLW.s 996 9866 0
iBME.s 996 9865 0
iBMR.s 995 9867 0
iBMX.s 996 9865 0
iBNJ.s 996 9867 0
iBNP.s 996 9866 0
iBOB.s 996 9866 0
iBOK.s 996 9866 0
iBOW.s 994 9865 0
iBPE.s 992 9867 0
iBPR.s 996 9867 0
iBPX.s 996 9867 0
iBQJ.s 996 9865 0
iBQO.s 996 9863 0
iBRA.s 996 9866 0
iBRK.s 996 9865 0
iBRW.s 996 9866 0
iBSE.s 991 9867 0
iBSQ.s 995 9868 0
iBSW.s 996 9867 0
iBTI.s 991 9866 1
iBTO.s 996 9866 0
iBUA.s 996 9867 0
iBUK.s 994 9869 0
iBUW.s 996 9867 0
iBVF.s 996 9868 0
iBVR.s 996 9865 0
iBVW.s 996 9867 0
iBWI.s 996 9868 0
iBWO.s 996 9867 0
iBXA.s 994 9867 0
iBXM.s 996 9866 0
iBXY.s 993 9871 0
iBYE.s 993 9860 0
iBYQ.s 996 9868 0
iBYW.s 996 9867 0
iBZI.s 993 9870 0
iBZ6.s 992 9870 1
iBZW.s 992 9868 1
iB2K.s 996 9868 0
iB2W.s 996 9867 0
iB3F.s 996 9868 0
iB3R.s 996 9867 0
iB3W.s 992 9866 0
iB4I.s 996 9868 0
iB4O.s 996 9868 0
iB5B.s 996 9869 0
iB5K.s 996 9866 0
iB5W.s 996 9869 0
iB6E.s 996 9869 0
iB6Q.s 993 9866 0
iB6W.s 991 9867 0
iB7I.s 993 9869 0
iB7O.s 995 9865 0
iCAA.s 992 9864 0
iCAK.s 996 9868 0
iCAW.s 992 9870 0
iCBE.s 996 9869 0
iCBQ.s 994 9868 0
iCBW.s 992 9868 0
iCCI.s 996 9868 0
iCCO.s 996 9868 0
iCDA.s 996 9869 0
iCDL.s 996 9868 0
iCDX.s 995 9869 0
iCEE.s 995 9864 0
iCEQ.s 996 9868 0
iCEW.s 996 9868 0
iCFI.s 995 9868 0
iCFO.s 996 9864 0
iCGA.s 992 9873 0
iCGK.s 996 9863 0
iCGW.s 993 9872 0
iCHE.s 986 9866 0
iCHR.s 994 9866 0
iCHW.s 994 9866 0
iCII.s 995 9870 0
iCIO.s 995 9869 0
iCJA.s 996 9869 0
iCJK.s 993 9869 0
iCJW.s 993 9865 0
iCKE.s 996 9868 0
iCKQ.s 996 9868 0
iCKW.s 994 9868 0
iCLJ.s 996 9871 0
iCLO.s 996 9866 0
iCMA.s 991 9870 0
iCMK.s 994 9870 0
iCMW.s 996 9868 0
iCNE.s 996 9867 0
iCNQ.s 993 9873 0
iCNW.s 994 9867 1
iCOI.s 996 9867 0
iCOO.s 996 9868 0
iCPA.s 996 9869 0
iCPK.s 996 9869 0
iCPW.s 995 9869 0
iCQE.s 995 9868 1
iCQQ.s 996 9869 0
iCQW.s 996 9867 0
iCRI.s 996 9870 0
iCRO.s 996 9871 0
iCSA.s 994 9869 0
iCSK.s 996 9868 0
iCSW.s 991 9871 0
iCTE.s 996 9864 0
iCTR.s 996 9871 0
iCTW.s 996 9869 0
iCUI.s 992 9871 0
iCUP.s 994 9870 0
iCVB.s 996 9870 0
iCVK.s 991 9869 0
iCVW.s 996 9869 0
iCWF.s 991 9869 0
iCWR.s 996 9868 0
iCWW.s 991 9868 0
iCXJ.s 991 9868 0
iCXO.s 995 9870 0
iCYA.s 996 9871 0
iCYL.s 996 9870 0
iCYX.s 994 9864 0
iCZE.s 996 9866 0
iCZQ.s 994 9861 0
iC2J.s 996 9868 0
iCZX.s 994 9866 0
iC2O.s 995 9872 0
iC3A.s 996 9866 0
iC3K.s 996 9870 0
iC3W.s 992 9870 0
iC4E.s 994 9862 0
iC4Q.s 993 9861 0
iC4W.s 996 9868 0
iC5I.s 996 9870 0
iC5O.s 996 9867 0
iC6A.s 994 9869 0
iC6L.s 995 9869 0
iC6X.s 993 9868 0
iC7F.s 992 9869 1
iC7R.s 996 9870 0
iC7W.s 989 9867 0
iDAI.s 996 9869 0
iDAO.s 991 9868 1
iDBA.s 992 9867 0
iDBL.s 994 9863 0
iDBX.s 994 9870 0
iDCE.s 994 9866 1
iDCQ.s 996 9871 0
iDCW.s 992 9872 0
iDDI.s 994 9865 0
iDDO.s 991 9868 1
iDEA.s 992 9864 0
iDEK.s 993 9865 0
iDEW.s 995 9869 0
iDFE.s 996 9866 0
iDFQ.s 995 9869 0
iDFW.s 992 9870 1
iDGI.s 993 9862 0
iDGO.s 996 9869 0
iDHA.s 991 9870 0
iDHK.s 996 9871 0
iDHW.s 996 9870 0
iDIE.s 996 9868 0
iDIQ.s 995 9867 0
iDIW.s 996 9867 0
iDJJ.s 992 9865 1
iDJQ.s 996 9870 0
iDKD.s 996 9870 0
iDKK.s 996 9870 0
iDKW.s 996 9871 0
iDLF.s 994 9872 0
iDLR.s 996 9871 0
iDLW.s 996 9867 0
iDMI.s 991 9872 0
iDMP.s 996 9871 0
iDNB.s 996 9871 0
iDNK.s 996 9870 0
iDNW.s 993 9872 0
iDOF.s 996 9870 0
iDOR.s 996 9871 0
iDOW.s 996 9871 0
iDPK.s 996 9871 0
iDPO.s 991 9872 0
iDQA.s 996 9871 0
iDQK.s 996 9870 0
iDQW.s 996 9869 0
iDRE.s 996 9871 0
iDRR.s 996 9871 0
iDRW.s 996 9871 0
iDSI.s 996 9870 0
iDSO.s 991 9871 1
iDTA.s 996 9871 0
iDTL.s 994 9872 0
iDTX.s 996 9870 0
iDUE.s 996 9871 0
iDUQ.s 996 9871 0
iDUX.s 996 9871 0
iDVK.s 996 9870 0
iDVO.s 996 9870 0
iDWA.s 996 9871 0
iDWL.s 995 9871 0
iDWX.s 991 9872 0
iDXF.s 996 9871 0
iDXS.s 996 9871 0
iDXW.s 996 9871 0
iDYJ.s 996 9870 0
iDYP.s 996 9871 0
iDZC.s 996 9870 0
iDZL.s 996 9871 0
iDZX.s 994 9871 0
iD2I.s 996 9871 0
iDZ6.s 996 9871 0
iD2W.s 996 9871 0
iD3I.s 996 9871 0
iD3O.s 996 9870 0
iD4C.s 996 9872 0
iD4K.s 996 9872 0
iD4W.s 994 9872 0
iD5F.s 996 9872 0
iD5S.s 996 9871 0
iD5W.s 996 9872 0
iD6J.s 996 9872 0
iD6O.s 996 9871 0
iD7A.s 996 9868 0
iD7K.s 995 9872 0
iD7W.s 996 9868 0
iEAE.s 996 9872 0
iEAQ.s 996 9872 0
iEAW.s 996 9870 0
iEBI.s 996 9872 0
iEBO.s 996 9872 0
iECA.s 996 9872 0
iECK.s 996 9872 0
iECW.s 995 9871 0
iEDE.s 996 9872 0
iEDQ.s 996 9872 0
iEDW.s 996 9872 0
iEEJ.s 992 9873 0
iEEO.s 996 9869 0
iEFA.s 995 9869 0
iEFK.s 996 9870 0
iEFW.s 996 9871 0
iEGE.s 996 9871 0
iEGQ.s 996 9871 0
iEGW.s 996 9872 0
iEHI.s 996 9870 0
iEHO.s 996 9872 0
iEIA.s 995 9870 0
iEIK.s 992 9873 0
iEIW.s 995 9871 0
iEJE.s 996 9871 0
iEJR.s 996 9871 0
iEJW.s 996 9872 0
iEKJ.s 992 9871 0
iEKO.s 995 9871 0
iELA.s 996 9872 0
iELK.s 995 9869 0
iELW.s 996 9871 0
iEME.s 994 9871 0
iEMQ.s 995 9873 0
iEMW.s 995 9872 0
iENI.s 995 9870 0
iENO.s 987 9871 0
iEOA.s 995 9865 0
iEOK.s 994 9872 0
iEOW.s 992 9871 0
iEPE.s 996 9870 0
iEPQ.s 996 9870 0
iEPW.s 996 9871 0
iEQI.s 991 9873 0
iEQO.s 991 9871 0
iERA.s 995 9872 0
iERK.s 992 9872 0
iERX.s 987 9874 1
iESE.s 996 9871 0
iESQ.s 996 9868 0
iESW.s 996 9872 0
iETI.s 996 9870 0
iETO.s 995 9871 0
iEUA.s 996 9871 0
iEUK.s 996 9871 0
iEUW.s 995 9872 0
iEVE.s 993 9870 0
iEVQ.s 996 9871 0
iEVW.s 996 9870 0
iEWI.s 996 9870 0
iEWP.s 992 9872 0
iEXB.s 993 9870 0
iEXK.s 993 9867 0
iEXW.s 992 9874 1
iEYE.s 995 9873 0
iEYQ.s 996 9872 0
iEYW.s 994 9869 0
iEZI.s 996 9871 0
iEZ6.s 992 9872 0
iEZW.s 996 9868 0
iE2K.s 994 9870 0
iE2W.s 994 9871 0
iE3E.s 996 9871 0
iE3Q.s 991 9870 1
iE3X.s 992 9872 0
iE4L.s 996 9870 0
iE4O.s 991 9870 0
iE5A.s 996 9868 0
iE5K.s 992 9872 0
iE5W.s 994 9872 0
iE6E.s 995 9871 0
iE6R.s 996 9871 0
iE6W.s 996 9872 0
iE7I.s 996 9872 0
iE7O.s 996 9871 0
iFAA.s 994 9872 0
iFAK.s 995 9873 0
iFAW.s 996 9870 0
iFBF.s 996 9871 0
iFBS.s 996 9871 0
iFBW.s 995 9867 0
iFCK.s 995 9871 0
iFCQ.s 992 9873 0
iFDC.s 992 9873 0
iFDK.s 991 9871 0
iFDW.s 996 9870 0
iFEF.s 996 9869 0
iFER.s 996 9872 0
iFEW.s 996 9870 0
iFFI.s 996 9872 0
iFFP.s 995 9872 0
iFGB.s 996 9871 0
iFGK.s 996 9869 0
iFGY.s 996 9871 0
iFHE.s 996 9871 0
iFHQ.s 996 9870 0
iFHW.s 992 9873 0
iFII.s 996 9872 0
iFIO.s 996 9872 0
iFJA.s 992 9873 0
iFJK.s 996 9868 0
iFJW.s 992 9872 0
iFKE.s 995 9871 0
iFKQ.s 996 9872 0
iFKW.s 995 9871 0
iFLI.s 992 9873 0
iFLO.s 995 9872 0
iFMB.s 994 9868 0
iFMK.s 992 9871 0
iFMW.s 995 9870 0
iFNE.s 992 9872 0
iFNQ.s 992 9871 0
iFNW.s 994 9869 0
iFOI.s 995 9870 0
iFOO.s 995 9872 0
iFPA.s 995 9871 0
iFPK.s 995 9867 0
iFPW.s 995 9867 0
iFQE.s 995 9867 0
iFQQ.s 991 9872 0
iFQW.s 993 9869 0
iFRI.s 992 9867 0
iFRO.s 991 9871 0
iFSA.s 996 9872 0
iFSK.s 994 9872 0
iFSW.s 987 9864 1
iFTE.s 995 9872 0
iFTQ.s 996 9872 0
iFTW.s 995 9872 0
iFUI.s 996 9870 0
iFUO.s 993 9870 0
iFVB.s 996 9872 0
iFVK.s 996 9872 0
iFVW.s 996 9871 0
iFWE.s 996 9872 0
iFWQ.s 994 9871 0
iFWW.s 996 9870 0
iFXI.s 996 9872 0
iFXO.s 996 9870 0
iFYA.s 992 9867 0
iFYL.s 996 9871 0
iFYY.s 996 9872 0
iFZE.s 994 9872 0
iFZQ.s 995 9872 0
iF2I.s 996 9872 0
iFZW.s 994 9868 0
iF2O.s 995 9869 0
iF3A.s 996 9869 0
iF3K.s 994 9871 0
iF3W.s 995 9872 0
iF4F.s 996 9870 0
iF4R.s 992 9873 0
iF4W.s 996 9870 0
iF5I.s 992 9868 0
iF5O.s 996 9871 0
iF6A.s 994 9870 0
iF6K.s 996 9869 0
iF6W.s 995 9873 0
iF7E.s 996 9869 0
iF7R.s 996 9871 0
iF7W.s 996 9868 0
iGAI.s 994 9871 0
iGAO.s 993 9873 0
iGBB.s 996 9871 0
