i2.s 990 9852 0
iC.s 993 9851 1
iO.s 992 9855 0
iA2.s 993 9856 0
iAO.s 994 9860 0
iA4.s 994 9862 0
iBI.s 993 9860 1
iB2.s 993 9859 0
iCA.s 992 9865 0
iC2.s 993 9859 0
iCS.s 991 9857 0
iD2.s 995 9847 0
iDO.s 994 9857 0
iD4.s 994 9855 0
iEI.s 994 9857 0
iE2.s 995 9850 0
iFA.s 993 9858 0
iF2.s 995 9859 1
iFS.s 995 9852 0
iG2.s 994 9856 1
iGO.s 993 9854 1
iG4.s 995 9854 0
iHI.s 993 9850 0
iH2.s 994 9854 0
iIA.s 993 9855 0
iI2.s 995 9857 0
iIS.s 995 9853 0
iJ2.s 994 9856 0
iJO.s 990 9859 0
iJ4.s 994 9854 0
iKI.s 994 9855 0
iK2.s 995 9854 1
iLA.s 995 9855 1
iL2.s 992 9863 0
iLS.s 993 9859 0
iM2.s 995 9858 0
iMO.s 995 9855 1
iM4.s 995 9859 0
iNI.s 996 9846 0
iN2.s 995 9858 0
iOB.s 994 9860 0
iO2.s 992 9864 0
iOS.s 994 9862 0
iP2.s 995 9861 0
iPO.s 995 9862 1
iP4.s 993 9859 0
iQJ.s 993 9859 0
iQ2.s 995 9862 1
iRA.s 995 9861 1
iR2.s 996 9846 0
iRT.s 996 9852 0
iS2.s 994 9856 0
iSO.s 994 9851 0
iS4.s 996 9855 0
iTJ.s 996 9849 1
iT2.s 996 9852 0
iUB.s 996 9854 0
iU2.s 996 9850 1
iUS.s 996 9852 0
iV2.s 996 9853 0
iVO.s 989 9859 0
iV4.s 996 9852 0
iWI.s 995 9859 0
iW2.s 994 9855 0
iXA.s 994 9858 0
iX2.s 996 9854 0
iXS.s 995 9854 1
iY2.s 994 9854 0
iYO.s 996 9858 1
iY4.s 996 9859 0
iZI.s 996 9854 0
i2A.s 991 9856 0
iZ2.s 995 9858 1
i22.s 995 9858 0
i2S.s 992 9858 0
i32.s 994 9860 1
i3O.s 996 9857 0
i34.s 996 9859 0
i4I.s 995 9859 0
i42.s 996 9859 1
i5B.s 996 9861 0
i52.s 996 9855 0
i5S.s 993 9859 1
i62.s 995 9859 0
i6O.s 996 9860 0
i64.s 996 9858 0
i7I.s 996 9859 0
i72.s 996 9859 0
iAAA.s 996 9860 0
iAA2.s 995 9859 0
iAAS.s 992 9859 0
iAB2.s 995 9861 0
iABO.s 996 9860 0
iAB4.s 995 9861 0
iACI.s 996 9855 1
iAC2.s 993 9863 0
iADA.s 996 9862 0
iAD2.s 996 9859 0
iADS.s 995 9862 0
iAE2.s 994 9855 0
iAEO.s 994 9865 0
iAE4.s 995 9858 0
iAFI.s 992 9860 0
iAF2.s 995 9856 0
iAGA.s 993 9864 0
iAG2.s 994 9859 0
iAGS.s 996 9862 0
iAH2.s 995 9859 0
iAHO.s 995 9863 1
iAH4.s 996 9862 0
iAII.s 996 9855 0
iAI2.s 995 9861 0
iAJA.s 996 9858 0
iAJ2.s 995 9864 0
iAJS.s 992 9862 0
iAK2.s 996 9861 0
iAKO.s 989 9864 0
iAK4.s 996 9863 0
iALI.s 995 9858 1
iAL2.s 996 9862 0
iAMA.s 990 9862 1
iAM2.s 988 9864 0
iAMS.s 996 9860 0
iAN2.s 992 9861 0
iANO.s 994 9861 0
iAN4.s 995 9859 1
iAOI.s 995 9863 0
iAO2.s 994 9863 0
iAPA.s 996 9863 0
iAP2.s 992 9863 0
iAPS.s 996 9863 0
iAQ2.s 995 9865 0
iAQO.s 996 9861 0
iAQ4.s 996 9857 0
iARI.s 992 9863 0
iAR2.s 996 9860 0
iASA.s 993 9860 0
iAS2.s 995 9864 0
iASS.s 996 9861 0
iAT2.s 995 9860 0
iATO.s 996 9864 0
iAT4.s 996 9866 0
iAUI.s 991 9863 0
iAU2.s 996 9863 0
iAVA.s 995 9864 0
iAV2.s 995 9864 0
iAVS.s 996 9864 0
iAW2.s 996 9862 0
iAWO.s 996 9861 0
iAW4.s 992 9864 0
iAXJ.s 996 9865 0
iAX2.s 996 9861 0
iAYA.s 992 9856 1
iAY2.s 995 9855 0
iAYS.s 992 9859 0
iAZ2.s 995 9865 0
iAZO.s 992 9858 1
iA2A.s 995 9867 0
iA2M.s 996 9864 0
iA22.s 996 9864 0
iA3B.s 992 9865 0
iA32.s 996 9865 0
iA3S.s 995 9865 0
iA42.s 995 9865 0
iA4O.s 995 9864 0
iA44.s 996 9864 0
iA5I.s 991 9862 0
iA52.s 996 9863 0
iA6B.s 996 9865 0
iA62.s 995 9862 1
iA6S.s 995 9863 1
iA72.s 993 9862 0
iA7O.s 995 9865 0
iA74.s 996 9865 0
iBAI.s 995 9866 0
iBA2.s 996 9863 0
iBBB.s 996 9866 0
iBB2.s 996 9864 0
iBBS.s 996 9863 0
iBC2.s 996 9866 0
iBCO.s 992 9860 0
iBC4.s 992 9860 0
iBDI.s 996 9865 0
iBD2.s 995 9859 0
iBEA.s 993 9866 1
iBE2.s 996 9863 0
iBET.s 995 9865 0
iBF2.s 995 9864 0
iBFO.s 996 9861 0
iBF4.s 993 9863 0
iBGI.s 996 9862 0
iBG2.s 992 9868 0
iBHA.s 996 9864 0
iBH2.s 994 9866 0
iBHS.s 996 9864 0
iBI2.s 993 9866 0
iBIO.s 995 9864 0
iBI4.s 995 9866 0
iBJI.s 996 9861 0
iBJ2.s 995 9867 0
iBKA.s 996 9864 0
iBK2.s 995 9866 0
iBKS.s 992 9867 0
iBL2.s 996 9866 0
iBLO.s 996 9867 0
iBL4.s 996 9866 0
iBMJ.s 996 9864 0
iBM2.s 996 9867 0
iBNB.s 996 9866 0
iBN2.s 996 9868 0
iBNT.s 996 9863 0
iBO2.s 996 9866 0
iBOO.s 996 9865 1
iBO4.s 996 9865 0
iBPI.s 996 9867 0
iBP2.s 996 9861 0
iBQB.s 996 9866 0
iBQ2.s 996 9868 0
iBQS.s 991 9867 0
iBR2.s 996 9867 0
iBRO.s 996 9866 0
iBR4.s 996 9867 0
iBSI.s 996 9864 0
iBS2.s 995 9869 0
iBTA.s 995 9869 0
iBT2.s 992 9868 0
iBTS.s 996 9866 0
iBU2.s 995 9867 0
iBUO.s 996 9867 0
iBU4.s 996 9866 0
iBVJ.s 993 9867 0
iBV2.s 996 9866 0
iBWA.s 994 9867 0
iBW2.s 996 9868 0
iBWS.s 996 9868 0
iBX3.s 996 9869 0
iBXQ.s 994 9869 0
iBX4.s 996 9869 0
iBYI.s 996 9866 0
iBY2.s 993 9865 0
iBZA.s 996 9860 0
iB2A.s 996 9868 0
iBZO.s 996 9869 0
iB22.s 996 9867 0
iB2O.s 996 9868 0
iB24.s 996 9867 0
iB3J.s 993 9867 0
iB32.s 996 9866 0
iB4A.s 996 9869 0
iB42.s 996 9867 0
iB4S.s 992 9868 0
iB52.s 994 9871 0
iB5O.s 995 9868 0
iB54.s 993 9866 0
iB6I.s 994 9870 0
iB62.s 995 9866 0
iB7A.s 994 9864 0
iB72.s 996 9868 0
iB7S.s 993 9868 0
iCA2.s 996 9868 0
iCAO.s 995 9865 0
iCA4.s 994 9864 0
iCBI.s 996 9867 0
iCB2.s 996 9868 0
iCCA.s 996 9868 0
iCC2.s 996 9868 0
iCCS.s 995 9869 0
iCD2.s 996 9869 0
iCDP.s 995 9869 0
iCD4.s 996 9867 0
iCEI.s 993 9869 0
iCE2.s 994 9865 0
iCFA.s 996 9868 0
iCF2.s 996 9868 0
iCFS.s 996 9864 0
iCG2.s 995 9869 0
iCGO.s 992 9869 0
iCG4.s 993 9871 0
iCHI.s 993 9868 0
iCH2.s 996 9868 0
iCIA.s 992 9870 0
iCI2.s 995 9868 0
iCIS.s 995 9869 0
iCJ2.s 996 9869 0
iCJO.s 996 9868 0
iCJ4.s 996 9867 0
iCKI.s 996 9871 0
iCK2.s 992 9869 0
iCLA.s 995 9866 0
iCL2.s 996 9869 0
iCLS.s 996 9868 0
iCM2.s 995 9869 0
iCMO.s 994 9870 0
iCM4.s 996 9870 0
iCNI.s 996 9871 0
iCN2.s 996 9864 0
iCOA.s 992 9870 0
iCO2.s 991 9870 0
iCOS.s 994 9868 0
iCP2.s 992 9870 0
iCPO.s 996 9870 0
iCP4.s 996 9869 0
iCQI.s 994 9870 0
iCQ2.s 996 9868 0
iCRA.s 991 9868 0
iCR2.s 994 9872 0
iCRS.s 996 9869 0
iCS2.s 994 9866 0
iCSO.s 996 9870 0
iCS4.s 992 9870 0
iCTI.s 995 9869 0
iCT2.s 996 9869 0
iCUA.s 995 9867 0
iCU2.s 996 9867 0
iCUT.s 996 9869 0
iCV2.s 994 9873 0
iCVO.s 994 9869 1
iCV4.s 994 9870 0
iCWJ.s 996 9871 0
iCW2.s 995 9869 0
iCXA.s 995 9870 0
iCX2.s 995 9869 0
iCXS.s 996 9869 0
iCY2.s 996 9869 0
iCYP.s 996 9871 0
iCY4.s 992 9869 0
iCZI.s 993 9869 0
iC2A.s 992 9871 0
iCZ3.s 994 9867 1
iC22.s 994 9869 0
iC2S.s 995 9867 0
iC32.s 996 9866 0
iC3O.s 992 9867 1
iC34.s 996 9870 0
iC4I.s 994 9868 0
iC42.s 995 9865 0
iC5A.s 993 9870 0
iC52.s 991 9870 0
iC5S.s 992 9871 0
iC63.s 996 9869 0
iC6P.s 996 9866 0
iC64.s 992 9867 0
iC7J.s 996 9871 0
iC72.s 992 9866 0
iDAA.s 996 9870 0
iDA2.s 996 9867 0
iDAS.s 992 9870 0
iDB2.s 996 9869 0
iDBP.s 996 9870 0
iDB4.s 996 9870 0
iDCI.s 992 9867 0
iDC2.s 995 9871 0
iDDA.s 995 9867 1
iDD2.s 995 9865 0
iDDS.s 995 9858 0
iDE2.s 994 9869 0
iDEO.s 992 9871 0
iDE4.s 996 9869 0
iDFI.s 993 9871 0
iDF2.s 994 9865 0
iDGA.s 996 9869 0
iDG2.s 996 9868 0
iDGS.s 992 9869 1
iDH2.s 996 9868 0
iDHO.s 996 9870 0
iDH4.s 996 9867 0
iDII.s 995 9871 0
iDI2.s 996 9871 0
iDJA.s 996 9871 0
iDJ2.s 996 9871 0
iDJV.s 996 9870 0
iDK2.s 996 9871 0
iDKO.s 995 9870 0
iDK4.s 996 9871 0
iDLJ.s 996 9870 0
iDL2.s 996 9870 0
iDMA.s 996 9871 0
iDM2.s 995 9869 0
iDMT.s 995 9872 0
iDN2.s 991 9872 0
iDNO.s 995 9872 0
iDN5.s 996 9870 0
iDOJ.s 992 9874 0
iDO2.s 995 9872 0
iDPA.s 996 9870 0
iDP2.s 996 9871 0
iDPS.s 996 9870 0
iDQ2.s 996 9871 0
iDQO.s 996 9871 0
iDQ4.s 996 9871 0
iDRI.s 996 9871 0
iDR2.s 996 9871 0
iDSA.s 996 9871 0
iDS2.s 992 9872 0
iDSS.s 996 9871 0
iDT2.s 992 9871 0
iDTP.s 996 9871 0
iDT4.s 996 9871 0
iDUI.s 996 9870 0
iDU2.s 996 9870 0
iDVC.s 996 9872 0
iDV2.s 996 9871 0
iDVS.s 996 9871 0
iDW2.s 996 9871 0
iDWP.s 996 9871 0
iDW4.s 996 9872 0
iDXJ.s 995 9870 0
iDX2.s 995 9871 0
iDYA.s 996 9871 0
iDY2.s 996 9871 0
iDYT.s 996 9871 0
iDZ3.s 996 9871 0
iDZP.s 996 9872 0
iD2A.s 992 9872 0
iD2M.s 996 9871 0
iD22.s 996 9871 0
iD3A.s 996 9871 0
iD32.s 996 9871 0
iD3T.s 996 9872 0
iD42.s 996 9872 0
iD4O.s 996 9870 0
iD45.s 996 9872 0
iD5K.s 996 9870 0
iD52.s 996 9872 0
iD6B.s 996 9872 0
iD62.s 996 9872 0
iD6S.s 995 9872 0
iD72.s 996 9872 0
iD7O.s 996 9872 0
iD74.s 991 9873 0
iEAI.s 996 9872 0
iEA2.s 996 9872 0
iEBA.s 996 9872 0
iEB2.s 996 9870 0
iEBS.s 996 9870 0
iEC2.s 996 9872 0
iECO.s 996 9872 0
iEC4.s 996 9870 0
iEDI.s 992 9871 0
iED2.s 996 9871 0
iEEA.s 995 9870 0
iEE2.s 995 9871 0
iEES.s 996 9871 0
iEF2.s 996 9872 0
iEFO.s 995 9873 0
iEF4.s 996 9870 0
iEGI.s 996 9868 0
iEG2.s 996 9870 0
iEHA.s 996 9871 0
iEH2.s 994 9871 0
iEHS.s 996 9872 0
iEI2.s 996 9872 0
iEIO.s 996 9871 0
iEI4.s 996 9872 0
iEJI.s 996 9872 0
iEJ2.s 996 9871 0
iEKA.s 996 9870 0
iEK2.s 991 9867 0
iEKS.s 992 9871 0
iEL2.s 992 9867 0
iELO.s 996 9871 0
iEL4.s 995 9872 0
iEMI.s 992 9863 0
iEM2.s 992 9870 0
iENA.s 992 9870 0
iEN2.s 996 9870 0
iENS.s 991 9872 0
iEO2.s 991 9869 0
iEOO.s 996 9868 0
iEO4.s 991 9871 0
iEPI.s 996 9870 0
iEP2.s 995 9867 0
iEQA.s 995 9868 0
iEQ2.s 996 9872 0
iEQS.s 995 9872 0
iER2.s 996 9871 0
iERO.s 996 9872 0
iER4.s 996 9868 0
iESI.s 996 9870 0
iES2.s 992 9871 0
iETA.s 996 9872 0
iET2.s 996 9872 0
iETS.s 996 9872 0
iEU2.s 996 9870 0
iEUO.s 995 9866 0
iEU4.s 995 9872 0
iEVI.s 996 9869 0
iEV2.s 996 9868 0
iEWA.s 996 9868 0
iEW2.s 996 9868 0
iEWT.s 996 9869 0
iEX2.s 995 9870 0
iEXO.s 996 9871 0
iEX4.s 996 9871 0
iEYI.s 996 9867 0
iEY2.s 996 9870 0
iEZA.s 991 9872 0
iE2A.s 994 9869 0
iEZO.s 992 9871 0
iE22.s 992 9868 0
iE2O.s 993 9868 0
iE24.s 996 9872 0
iE3I.s 996 9868 0
iE32.s 996 9871 0
iE4B.s 992 9870 0
iE42.s 994 9871 0
iE4S.s 992 9868 0
iE52.s 993 9872 0
iE5O.s 996 9869 0
iE54.s 996 9871 0
iE6I.s 993 9870 0
iE62.s 996 9870 0
iE7A.s 996 9872 0
iE72.s 996 9870 0
iE7S.s 996 9872 0
iFA2.s 995 9873 0
iFAO.s 992 9871 0
iFA4.s 996 9871 0
iFBJ.s 996 9870 0
iFB2.s 995 9872 0
iFCA.s 996 9871 0
iFC2.s 996 9872 0
iFCU.s 996 9871 0
iFD2.s 995 9870 0
iFDO.s 996 9868 0
iFD4.s 996 9871 0
iFEJ.s 992 9873 0
iFE2.s 996 9868 0
iFFA.s 996 9871 0
iFF2.s 993 9870 0
iFFT.s 994 9870 0
iFG2.s 996 9872 0
iFGO.s 996 9870 0
iFG4.s 996 9871 0
iFHI.s 996 9871 0
iFH2.s 996 9872 0
iFIA.s 993 9869 0
iFI2.s 991 9873 0
iFIS.s 996 9870 0
iFJ2.s 995 9870 0
iFJO.s 996 9872 0
iFJ4.s 996 9872 0
iFKI.s 996 9872 0
iFK2.s 996 9872 0
iFLA.s 995 9867 0
iFL2.s 992 9871 0
iFLS.s 996 9872 0
iFM2.s 992 9872 0
iFMO.s 995 9870 0
iFM4.s 993 9872 0
iFNI.s 992 9873 0
iFN2.s 987 9871 1
iFOA.s 996 9872 0
iFO2.s 992 9872 0
iFOS.s 996 9872 0
iFP2.s 996 9872 0
iFPO.s 993 9871 0
iFP4.s 995 9865 0
iFQI.s 992 9871 0
iFQ2.s 995 9870 0
iFRA.s 996 9870 0
iFR2.s 996 9871 0
iFRS.s 996 9870 0
iFS2.s 992 9875 0
iFSO.s 996 9872 0
iFS4.s 996 9867 0
iFTI.s 996 9872 0
iFT2.s 996 9871 0
iFUA.s 996 9871 0
iFU2.s 996 9870 0
iFUS.s 996 9871 0
iFV2.s 996 9872 0
iFVO.s 992 9871 0
iFV4.s 996 9872 0
iFWI.s 996 9871 0
iFW2.s 996 9872 0
iFXA.s 993 9873 0
iFX2.s 991 9873 0
iFXS.s 996 9868 0
iFY2.s 992 9873 0
iFYP.s 995 9867 0
iFY4.s 993 9873 0
iFZI.s 995 9872 0
iF2A.s 996 9871 0
iFZ2.s 996 9869 0
iF22.s 992 9872 0
iF2S.s 996 9868 0
iF32.s 996 9868 0
iF3O.s 993 9871 0
iF34.s 996 9869 0
iF4J.s 996 9870 0
iF42.s 993 9865 0
iF5A.s 993 9863 0
iF52.s 996 9871 0
iF5S.s 996 9869 0
iF62.s 996 9869 0
iF6O.s 996 9870 0
iF64.s 994 9872 0
iF7J.s 994 9865 0
iF72.s 992 9870 0
iGAA.s 996 9872 0
iGA2.s 992 9873 0
iGAT.s 996 9871 0
