i7.s 994 9856 0
iH.s 995 9854 0
iT.s 992 9855 1
iAH.s 995 9854 0
iAT.s 995 9860 1
iBB.s 993 9857 1
iBN.s 991 9857 0
iB7.s 995 9853 0
iCF.s 991 9863 0
iC7.s 991 9862 0
iCX.s 994 9860 1
iDH.s 995 9852 0
iDT.s 992 9855 0
iEB.s 994 9859 1
iEN.s 995 9856 0
iE7.s 991 9866 0
iFF.s 994 9851 0
iF7.s 992 9858 0
iFX.s 993 9856 0
iGH.s 993 9857 0
iGT.s 995 9855 0
iHB.s 994 9856 1
iHN.s 990 9855 1
iH7.s 996 9854 0
iIF.s 994 9855 1
iI7.s 994 9862 0
iIX.s 995 9854 0
iJH.s 995 9854 0
iJT.s 994 9858 0
iKB.s 995 9853 0
iKN.s 988 9859 1
iK7.s 995 9861 0
iLF.s 995 9858 0
iL7.s 996 9846 0
iLX.s 995 9853 0
iMH.s 995 9853 0
iMU.s 995 9859 1
iNB.s 993 9862 0
iNN.s 995 9860 0
iNU.s 995 9859 0
iOG.s 995 9860 0
iO7.s 994 9859 0
iOX.s 992 9860 1
iPH.s 995 9860 1
iPT.s 995 9859 0
iQB.s 996 9844 0
iQO.s 994 9864 0
iQ7.s 995 9856 0
iRF.s 996 9847 0
iR7.s 995 9854 0
iRY.s 996 9849 0
iSH.s 995 9852 0
iST.s 996 9850 0
iTB.s 996 9856 1
iTO.s 996 9849 1
iT7.s 996 9855 0
iUG.s 996 9854 0
iU7.s 995 9853 0
iUX.s 996 9855 0
iVH.s 996 9858 0
iVT.s 996 9858 0
iWB.s 991 9858 0
iWN.s 996 9854 0
iW7.s 991 9854 0
iXF.s 993 9856 0
iX7.s 996 9857 0
iXX.s 996 9855 0
iYH.s 993 9857 1
iYT.s 995 9857 1
iZB.s 996 9858 1
iZN.s 993 9860 0
i2F.s 995 9858 1
iZ7.s 996 9857 0
i27.s 995 9856 0
i2X.s 991 9858 0
i3H.s 995 9854 0
i3T.s 995 9859 0
i4B.s 996 9860 0
i4N.s 996 9857 0
i47.s 996 9858 0
i5G.s 996 9859 0
i57.s 994 9863 0
i5Y.s 996 9859 0
i6H.s 996 9861 0
i6T.s 996 9857 0
i7B.s 993 9859 0
i7N.s 996 9860 0
i77.s 996 9859 0
iAAF.s 996 9860 0
iAA7.s 994 9860 1
iAAY.s 995 9858 1
iABH.s 995 9859 0
iABT.s 991 9860 1
iACB.s 996 9859 0
iACN.s 996 9859 0
iAC7.s 996 9857 1
iADF.s 995 9860 1
iAD7.s 995 9862 1
iADX.s 992 9861 0
iAEH.s 992 9859 1
iAET.s 996 9862 0
iAFB.s 996 9862 0
iAFN.s 996 9861 0
iAF7.s 991 9861 1
iAGF.s 996 9862 0
iAG7.s 996 9860 0
iAGY.s 993 9862 0
iAHH.s 996 9856 0
iAHT.s 992 9859 0
iAIB.s 996 9860 0
iAIN.s 992 9857 0
iAI7.s 993 9862 0
iAJF.s 996 9860 0
iAJ7.s 996 9861 0
iAJX.s 996 9861 0
iAKH.s 992 9860 1
iAKU.s 996 9863 0
iALB.s 994 9860 0
iALN.s 992 9858 1
iAL7.s 995 9859 0
iAMF.s 995 9859 1
iAM7.s 995 9859 0
iAMX.s 993 9863 0
iANH.s 996 9861 0
iANT.s 996 9865 0
iAOB.s 994 9857 0
iAON.s 995 9862 0
iAO7.s 996 9859 0
iAPF.s 996 9861 1
iAP7.s 996 9862 0
iAPX.s 994 9866 0
iAQH.s 996 9866 1
iAQT.s 995 9859 0
iARB.s 996 9863 0
iARN.s 994 9859 0
iAR7.s 996 9858 0
iASF.s 995 9861 0
iAS7.s 996 9862 0
iASX.s 996 9862 0
iATH.s 992 9865 0
iATT.s 993 9855 0
iAUB.s 996 9862 0
iAUN.s 993 9863 0
iAU7.s 996 9859 0
iAVF.s 996 9858 0
iAV7.s 991 9864 0
iAVX.s 996 9862 1
iAWH.s 993 9859 0
iAWT.s 996 9865 0
iAXB.s 993 9863 0
iAXO.s 996 9861 0
iAX7.s 993 9856 0
iAYF.s 992 9862 1
iAY7.s 992 9864 0
iAYX.s 995 9868 1
iAZH.s 994 9866 0
iAZT.s 992 9861 0
iA2F.s 996 9865 0
iA2R.s 995 9864 0
iA27.s 996 9862 0
iA3G.s 996 9865 0
iA37.s 992 9863 1
iA3X.s 996 9865 0
iA4H.s 996 9865 0
iA4T.s 994 9866 0
iA5B.s 995 9864 1
iA5N.s 995 9866 0
iA57.s 995 9864 0
iA6G.s 995 9864 0
iA67.s 996 9865 0
iA6X.s 996 9861 0
iA7H.s 996 9866 0
iA7T.s 993 9867 0
iBAB.s 996 9865 0
iBAN.s 996 9864 0
iBA7.s 996 9865 0
iBBG.s 994 9862 0
iBB7.s 993 9866 0
iBBX.s 996 9862 0
iBCH.s 995 9859 0
iBCT.s 996 9866 0
iBDB.s 994 9865 0
iBDN.s 996 9863 0
iBD7.s 993 9864 1
iBEF.s 996 9864 0
iBEM.s 996 9864 0
iBEY.s 996 9862 0
iBFH.s 992 9865 0
iBFT.s 996 9867 0
iBGB.s 996 9866 0
iBGN.s 996 9865 0
iBG7.s 996 9863 0
iBHF.s 993 9867 0
iBH7.s 996 9866 0
iBHX.s 996 9865 0
iBIH.s 996 9864 0
iBIT.s 994 9866 0
iBJB.s 994 9865 0
iBJN.s 996 9863 0
iBJ7.s 994 9868 0
iBKF.s 996 9865 0
iBK7.s 995 9862 0
iBKX.s 996 9866 0
iBLH.s 996 9865 0
iBLT.s 996 9866 0
iBMB.s 996 9865 0
iBMO.s 996 9866 0
iBMU.s 996 9866 0
iBNG.s 996 9866 0
iBNM.s 995 9861 0
iBNY.s 996 9865 0
iBOH.s 996 9866 0
iBOT.s 996 9866 0
iBPB.s 996 9866 0
iBPO.s 995 9862 0
iBP7.s 996 9865 0
iBQG.s 996 9866 0
iBQ7.s 995 9868 0
iBQX.s 996 9866 0
iBRH.s 996 9866 0
iBRT.s 996 9866 0
iBSB.s 996 9866 0
iBSN.s 996 9867 0
iBS7.s 996 9863 0
iBTF.s 993 9869 0
iBT7.s 993 9869 0
iBTX.s 996 9867 0
iBUH.s 996 9868 0
iBUT.s 996 9864 0
iBVB.s 996 9867 0
iBVO.s 996 9867 0
iBV7.s 996 9865 0
iBWF.s 995 9867 0
iBW7.s 996 9867 0
iBWX.s 992 9870 0
iBXJ.s 996 9868 0
iBXV.s 996 9865 0
iBYB.s 996 9867 0
iBYN.s 993 9865 0
iBY7.s 992 9866 0
iBZF.s 995 9867 0
iBZ3.s 993 9867 0
iBZT.s 996 9867 0
iB2H.s 996 9868 0
iB2T.s 996 9868 0
iB3C.s 991 9868 0
iB3O.s 992 9869 0
iB37.s 994 9868 0
iB4F.s 995 9869 0
iB47.s 994 9868 1
iB4Y.s 992 9862 0
iB5H.s 991 9869 0
iB5T.s 993 9867 1
iB6B.s 996 9867 0
iB6N.s 996 9867 0
iB67.s 996 9867 0
iB7F.s 996 9866 0
iB77.s 994 9870 1
iB7X.s 996 9868 0
iCAH.s 993 9868 0
iCAT.s 992 9868 0
iCBB.s 996 9866 0
iCBN.s 996 9869 0
iCB7.s 994 9869 0
iCCF.s 995 9868 0
iCC7.s 994 9869 0
iCCX.s 996 9868 0
iCDI.s 996 9870 0
iCDU.s 996 9868 0
iCEB.s 996 9870 0
iCEN.s 996 9868 0
iCE7.s 993 9872 0
iCFF.s 996 9869 0
iCF7.s 996 9870 0
iCFX.s 996 9869 0
iCGH.s 996 9870 0
iCGT.s 994 9870 0
iCHB.s 996 9869 0
iCHN.s 990 9870 1
iCH7.s 996 9868 0
iCIF.s 995 9868 0
iCI7.s 996 9868 0
iCIX.s 996 9868 0
iCJH.s 994 9873 0
iCJT.s 996 9868 0
iCKB.s 992 9869 0
iCKN.s 996 9868 0
iCK7.s 996 9867 0
iCLG.s 996 9867 0
iCL7.s 991 9864 0
iCLX.s 992 9868 0
iCMH.s 995 9870 0
iCMT.s 985 9866 0
iCNB.s 996 9869 0
iCNN.s 991 9868 0
iCN7.s 995 9867 0
iCOF.s 996 9867 0
iCO7.s 991 9869 1
iCOX.s 996 9867 0
iCPH.s 993 9869 0
iCPT.s 996 9868 0
iCQB.s 996 9869 0
iCQN.s 996 9871 0
iCQ7.s 992 9870 0
iCRF.s 996 9868 0
iCR7.s 995 9872 0
iCRX.s 996 9866 0
iCSH.s 996 9869 1
iCST.s 996 9870 0
iCTB.s 996 9871 0
iCTN.s 992 9870 0
iCT7.s 996 9867 0
iCUF.s 993 9870 0
iCUM.s 995 9869 0
iCUY.s 996 9870 0
iCVH.s 995 9871 0
iCVT.s 996 9869 0
iCWC.s 996 9869 0
iCWO.s 996 9870 0
iCW7.s 995 9870 0
iCXF.s 996 9869 0
iCX7.s 991 9867 0
iCXX.s 993 9871 0
iCYI.s 994 9865 0
iCYU.s 996 9863 0
iCZB.s 995 9869 0
iCZN.s 996 9871 0
iC2F.s 994 9867 0
iCZU.s 996 9871 0
iC27.s 993 9872 0
iC2X.s 988 9869 1
iC3H.s 992 9870 0
iC3T.s 994 9870 0
iC4B.s 996 9867 0
iC4N.s 995 9870 0
iC47.s 996 9868 0
iC5F.s 991 9872 0
iC57.s 995 9866 0
iC5X.s 994 9872 0
iC6I.s 996 9864 0
iC6U.s 993 9872 0
iC7C.s 995 9870 0
iC7O.s 991 9862 1
iC77.s 991 9868 0
iDAF.s 992 9871 0
iDA7.s 994 9866 0
iDAX.s 994 9867 0
iDBH.s 992 9870 0
iDBU.s 996 9864 0
iDCB.s 994 9866 0
iDCN.s 996 9867 0
iDC7.s 995 9869 0
iDDF.s 996 9870 0
iDD7.s 993 9867 0
iDDX.s 992 9863 0
iDEH.s 994 9867 1
iDET.s 996 9870 0
iDFB.s 994 9872 0
iDFN.s 996 9868 0
iDF7.s 991 9868 1
iDGF.s 996 9867 0
iDG7.s 996 9865 0
iDGX.s 996 9868 0
iDHH.s 996 9871 0
iDHT.s 996 9866 0
iDIB.s 994 9872 0
iDIN.s 995 9865 0
iDI7.s 991 9870 0
iDJG.s 996 9868 0
iDJN.s 996 9870 0
iDKA.s 996 9869 0
iDKH.s 992 9871 0
iDKT.s 996 9869 0
iDLC.s 995 9870 0
iDLO.s 992 9872 0
iDL7.s 996 9870 0
iDMF.s 996 9870 0
iDMM.s 996 9870 0
iDMY.s 996 9871 0
iDNH.s 996 9871 0
iDNT.s 996 9870 0
iDOC.s 996 9871 0
iDOO.s 996 9870 0
iDO7.s 996 9870 0
iDPH.s 996 9871 0
iDP7.s 996 9871 0
iDPX.s 994 9872 0
iDQH.s 996 9870 0
iDQT.s 996 9871 0
iDRB.s 996 9869 0
iDRO.s 996 9871 0
iDR7.s 996 9871 0
iDSF.s 996 9871 0
iDS7.s 996 9871 0
iDSX.s 996 9872 0
iDTI.s 996 9870 0
iDTU.s 992 9872 0
iDUB.s 995 9872 0
iDUN.s 994 9872 0
iDU7.s 996 9871 0
iDVH.s 996 9871 0
iDV7.s 996 9871 0
iDVX.s 996 9869 0
iDWI.s 996 9871 0
iDWU.s 996 9870 0
iDXC.s 996 9870 0
iDXP.s 996 9870 0
iDX7.s 996 9871 0
iDYG.s 992 9871 0
iDYM.s 996 9871 0
iDYZ.s 996 9871 0
iDZI.s 996 9870 0
iDZU.s 996 9871 0
iD2F.s 996 9870 0
iD2R.s 996 9872 0
iD27.s 996 9872 0
iD3F.s 996 9871 0
iD37.s 996 9871 0
iD3Y.s 995 9870 1
iD4H.s 996 9872 0
iD4T.s 996 9872 0
iD5C.s 993 9873 0
iD5P.s 996 9872 0
iD57.s 996 9872 0
iD6G.s 996 9872 0
iD67.s 993 9874 0
iD6X.s 995 9872 0
iD7H.s 996 9872 0
iD7T.s 996 9872 0
iEAB.s 996 9872 0
iEAN.s 996 9871 0
iEA7.s 996 9870 0
iEBF.s 996 9872 0
iEB7.s 996 9871 0
iEBX.s 996 9868 0
iECH.s 992 9871 0
iECT.s 996 9871 0
iEDB.s 992 9873 0
iEDN.s 996 9870 0
iED7.s 996 9871 0
iEEG.s 995 9872 0
iEE7.s 996 9870 0
iEEX.s 994 9872 0
iEFH.s 996 9872 0
iEFT.s 996 9869 0
iEGB.s 996 9871 0
iEGN.s 991 9872 0
iEG7.s 996 9871 0
iEHF.s 995 9873 0
iEH7.s 985 9872 0
iEHX.s 991 9868 0
iEIH.s 992 9874 0
iEIT.s 994 9873 0
iEJB.s 996 9871 0
iEJO.s 996 9872 0
iEJ7.s 996 9870 0
iEKG.s 996 9871 0
iEK7.s 996 9872 0
iEKX.s 995 9872 0
iELH.s 991 9867 0
iELT.s 996 9870 0
iEMB.s 996 9872 0
iEMN.s 996 9872 0
iEM7.s 994 9865 0
iENF.s 995 9872 0
iEN7.s 994 9867 1
iENX.s 992 9871 0
iEOH.s 996 9871 0
iEOT.s 992 9866 0
iEPB.s 996 9872 0
iEPN.s 995 9869 0
iEP7.s 994 9871 0
iEQF.s 996 9872 0
iEQ7.s 996 9871 0
iEQX.s 992 9872 0
iERH.s 996 9871 0
iERT.s 995 9871 0
iESB.s 996 9872 0
iESN.s 996 9869 0
iES7.s 996 9869 0
iETF.s 996 9871 0
iET7.s 994 9869 0
iETX.s 992 9873 0
iEUH.s 996 9870 0
iEUT.s 996 9872 0
iEVB.s 991 9867 0
iEVN.s 992 9865 0
iEV7.s 995 9863 0
iEWF.s 996 9871 0
iEWM.s 996 9869 0
iEWY.s 996 9872 0
iEXH.s 995 9872 0
iEXT.s 995 9872 0
iEYB.s 996 9871 0
iEYN.s 996 9872 0
iEY7.s 996 9872 0
iEZF.s 995 9868 0
iEZ3.s 996 9871 0
iEZT.s 992 9865 0
iE2H.s 996 9871 0
iE2T.s 994 9871 0
iE3B.s 996 9868 0
iE3N.s 995 9870 0
iE37.s 992 9868 0
iE4H.s 994 9873 0
iE47.s 986 9874 0
iE4X.s 994 9871 0
iE5H.s 992 9872 0
iE5T.s 995 9869 0
iE6B.s 996 9870 0
iE6O.s 995 9871 0
iE67.s 992 9873 0
iE7F.s 995 9872 0
iE77.s 996 9871 0
iE7X.s 995 9871 0
iFAH.s 995 9871 0
iFAT.s 996 9871 0
iFBC.s 996 9871 0
iFBP.s 995 9872 0
iFB7.s 996 9872 0
iFCH.s 995 9871 0
iFC7.s 996 9872 0
iFCZ.s 996 9871 0
iFDH.s 996 9872 0
iFDT.s 996 9871 0
iFEC.s 996 9869 0
iFEO.s 995 9873 0
iFE7.s 996 9872 0
iFFF.s 992 9872 0
iFFM.s 993 9870 0
iFFY.s 995 9870 0
iFGH.s 996 9872 0
iFGV.s 996 9872 0
iFHB.s 996 9871 0
iFHN.s 996 9872 0
iFH7.s 995 9873 0
iFIF.s 992 9874 0
iFI7.s 996 9870 0
iFIX.s 995 9867 0
iFJH.s 995 9867 0
iFJT.s 992 9873 0
iFKB.s 996 9869 0
iFKN.s 992 9872 0
iFK7.s 995 9872 0
iFLF.s 996 9871 0
iFL7.s 994 9869 0
iFLY.s 994 9869 0
iFMH.s 996 9868 0
iFMT.s 992 9871 0
iFNB.s 996 9871 0
iFNN.s 995 9867 0
iFN7.s 993 9866 0
iFOF.s 994 9864 0
iFO7.s 993 9868 0
iFOX.s 996 9872 0
iFPH.s 981 9874 0
iFPT.s 994 9865 0
iFQB.s 996 9871 0
iFQN.s 994 9863 1
iFQ7.s 992 9865 0
iFRF.s 996 9870 0
iFR7.s 994 9871 0
iFRX.s 996 9867 0
iFSH.s 996 9871 0
iFST.s 992 9871 0
iFTB.s 994 9869 0
iFTN.s 996 9872 0
iFT7.s 996 9872 0
iFUF.s 996 9871 0
iFU7.s 996 9871 0
iFUY.s 996 9871 0
iFVH.s 996 9872 0
iFVT.s 996 9866 0
iFWB.s 996 9870 0
iFWN.s 996 9869 0
iFW7.s 996 9872 0
iFXF.s 995 9870 0
iFX7.s 996 9869 0
iFXX.s 996 9872 0
iFYI.s 994 9871 0
iFYV.s 995 9873 0
iFZB.s 996 9871 0
iFZN.s 991 9873 0
iF2F.s 996 9872 0
iFZ7.s 995 9873 0
iF27.s 996 9870 0
iF2X.s 996 9871 0
iF3H.s 996 9872 0
iF3T.s 992 9871 0
iF4B.s 992 9872 0
iF4O.s 996 9867 0
iF47.s 991 9869 0
iF5F.s 992 9870 0
iF57.s 996 9872 0
iF5X.s 996 9872 0
iF6H.s 996 9871 0
iF6T.s 996 9871 0
iF7B.s 995 9870 0
iF7O.s 992 9873 0
iF77.s 995 9869 0
iGAF.s 994 9872 0
iGA7.s 991 9869 0
iGAY.s 995 9870 0
