iAC.s 992 9859 0
iL.s 993 9857 0
iX.s 993 9856 0
iAL.s 992 9862 1
iAX.s 994 9855 0
iBF.s 990 9852 1
iBR.s 995 9860 0
iBX.s 995 9852 1
iCJ.s 990 9861 1
iCP.s 994 9852 0
iDB.s 989 9854 0
iDL.s 993 9860 0
iDX.s 991 9860 0
iEF.s 995 9850 0
iER.s 994 9863 0
iEX.s 993 9860 1
iFJ.s 995 9858 0
iFP.s 992 9856 0
iGB.s 995 9859 0
iGL.s 994 9855 0
iGX.s 995 9863 0
iHF.s 994 9851 1
iHR.s 995 9855 0
iHX.s 995 9848 0
iIJ.s 994 9859 1
iIP.s 992 9854 0
iJB.s 994 9851 0
iJL.s 993 9851 0
iJX.s 992 9861 0
iKF.s 994 9860 0
iKR.s 995 9855 0
iKX.s 995 9857 1
iLJ.s 995 9853 1
iLP.s 995 9856 1
iMB.s 995 9856 0
iML.s 986 9866 1
iMY.s 995 9856 0
iNF.s 995 9857 1
iNR.s 994 9859 0
iNY.s 995 9860 0
iOK.s 995 9860 1
iOP.s 996 9846 0
iPB.s 995 9860 0
iPL.s 995 9859 1
iPX.s 995 9862 1
iQG.s 995 9848 0
iQS.s 995 9860 1
iQX.s 995 9861 1
iRJ.s 995 9847 0
iRQ.s 995 9841 0
iSC.s 996 9849 0
iSL.s 996 9854 0
iSX.s 995 9847 0
iTG.s 995 9856 0
iTS.s 996 9853 0
iTX.s 995 9852 0
iUK.s 996 9854 0
iUP.s 996 9853 0
iVB.s 995 9855 0
iVL.s 993 9855 0
iVX.s 992 9857 0
iWF.s 996 9854 0
iWR.s 996 9852 0
iWX.s 996 9854 0
iXJ.s 993 9853 0
iXP.s 996 9858 0
iYB.s 996 9854 0
iYL.s 993 9862 1
iYX.s 994 9858 0
iZF.s 996 9856 0
iZR.s 993 9860 0
i2J.s 995 9857 0
iZX.s 992 9860 0
i2P.s 996 9853 0
i3B.s 996 9857 0
i3L.s 996 9860 0
i3X.s 996 9857 0
i4F.s 996 9860 0
i4R.s 995 9855 0
i4X.s 995 9858 1
i5K.s 995 9857 0
i5P.s 996 9854 1
i6C.s 995 9861 0
i6L.s 996 9857 0
i6X.s 993 9859 0
i7F.s 996 9859 1
i7R.s 996 9861 0
i7X.s 996 9861 0
iAAK.s 996 9859 0
iAAP.s 996 9858 0
iABC.s 996 9862 0
iABL.s 995 9861 1
iABX.s 995 9858 0
iACF.s 996 9860 0
iACR.s 995 9858 0
iACX.s 996 9860 1
iADJ.s 996 9860 0
iADP.s 993 9854 0
iAEB.s 996 9860 1
iAEL.s 995 9858 0
iAEX.s 995 9859 1
iAFF.s 994 9862 0
iAFR.s 995 9858 0
iAFX.s 995 9861 0
iAGJ.s 993 9860 0
iAGP.s 995 9857 0
iAHC.s 994 9859 1
iAHL.s 994 9857 0
iAHX.s 996 9857 0
iAIF.s 996 9857 0
iAIR.s 995 9856 0
iAIX.s 991 9860 1
iAJJ.s 993 9854 0
iAJP.s 996 9860 0
iAKB.s 996 9862 0
iAKL.s 995 9862 1
iAKY.s 994 9861 0
iALF.s 991 9864 0
iALR.s 995 9860 1
iALX.s 992 9862 0
iAMJ.s 993 9862 0
iAMP.s 993 9861 1
iANB.s 996 9856 0
iANL.s 996 9861 0
iANX.s 993 9861 0
iAOF.s 991 9863 0
iAOR.s 996 9859 1
iAOX.s 995 9861 0
iAPJ.s 996 9862 0
iAPP.s 996 9861 0
iAQB.s 996 9863 0
iAQL.s 995 9863 0
iAQX.s 996 9863 0
iARF.s 996 9865 0
iARS.s 993 9863 0
iARX.s 993 9861 0
iASJ.s 996 9861 0
iASP.s 996 9863 0
iATB.s 996 9862 0
iATL.s 992 9865 0
iATX.s 994 9863 0
iAUF.s 996 9865 0
iAUR.s 994 9860 0
iAUX.s 996 9861 0
iAVJ.s 996 9860 0
iAVP.s 995 9861 0
iAWB.s 993 9864 1
iAWL.s 995 9862 0
iAWX.s 994 9862 0
iAXF.s 993 9856 0
iAXS.s 993 9864 0
iAXX.s 995 9865 0
iAYJ.s 993 9863 0
iAYP.s 996 9864 0
iAZB.s 995 9860 0
iAZL.s 996 9864 0
iAZX.s 996 9863 0
iA2J.s 993 9867 0
iAZ5.s 996 9863 0
iA2X.s 996 9864 0
iA3K.s 995 9863 0
iA3P.s 995 9860 0
iA4B.s 996 9865 0
iA4L.s 996 9862 0
iA4X.s 987 9863 1
iA5F.s 996 9864 0
iA5R.s 996 9864 0
iA5Y.s 992 9866 0
iA6K.s 995 9865 1
iA6P.s 992 9862 1
iA7B.s 996 9862 0
iA7L.s 986 9871 0
iA7X.s 996 9865 0
iBAF.s 996 9861 0
iBAR.s 996 9865 0
iBAY.s 992 9866 0
iBBK.s 994 9863 0
iBBP.s 994 9864 0
iBCB.s 996 9862 0
iBCL.s 996 9859 0
iBCX.s 995 9866 1
iBDF.s 993 9868 0
iBDR.s 993 9866 0
iBDX.s 994 9866 0
iBEJ.s 994 9870 0
iBEQ.s 996 9865 0
iBFC.s 996 9862 0
iBFL.s 996 9865 0
iBFX.s 991 9863 1
iBGF.s 996 9864 0
iBGR.s 996 9864 0
iBGX.s 996 9864 0
iBHJ.s 996 9864 0
iBHP.s 994 9865 0
iBIB.s 993 9866 0
iBIL.s 996 9864 0
iBIX.s 991 9857 1
iBJF.s 992 9869 0
iBJR.s 989 9864 1
iBJX.s 995 9867 0
iBKJ.s 996 9867 0
iBKP.s 991 9866 0
iBLB.s 996 9864 0
iBLL.s 996 9866 0
iBLX.s 996 9865 0
iBMG.s 996 9865 0
iBMS.s 996 9866 0
iBMY.s 996 9866 0
iBNK.s 996 9866 0
iBNQ.s 996 9866 0
iBOC.s 996 9866 0
iBOL.s 996 9866 0
iBOX.s 996 9866 0
iBPF.s 996 9866 0
iBPS.s 993 9867 0
iBPY.s 996 9867 0
iBQK.s 994 9866 0
iBQP.s 994 9867 0
iBRB.s 996 9866 0
iBRL.s 995 9866 0
iBRX.s 995 9868 0
iBSF.s 996 9866 0
iBSR.s 996 9867 0
iBSX.s 996 9867 0
iBTJ.s 992 9869 0
iBTP.s 996 9867 0
iBUB.s 992 9867 0
iBUL.s 996 9866 0
iBUX.s 996 9866 0
iBVG.s 994 9865 0
iBVS.s 996 9867 0
iBVX.s 995 9867 0
iBWJ.s 996 9866 0
iBWP.s 992 9869 0
iBXB.s 996 9868 0
iBXN.s 994 9870 0
iBXZ.s 995 9867 1
iBYF.s 994 9866 0
iBYR.s 992 9866 0
iBYX.s 996 9868 0
iBZJ.s 993 9866 0
iBZ7.s 996 9868 0
iBZX.s 993 9869 0
iB2L.s 995 9866 1
iB2X.s 991 9869 0
iB3G.s 996 9867 0
iB3S.s 996 9867 0
iB3X.s 993 9868 0
iB4J.s 996 9867 0
iB4P.s 994 9868 0
iB5C.s 996 9868 0
iB5L.s 996 9868 0
iB5X.s 996 9868 0
iB6F.s 995 9866 0
iB6R.s 994 9863 0
iB6X.s 994 9864 0
iB7J.s 996 9864 0
iB7P.s 996 9866 0
iCAB.s 995 9865 0
iCAL.s 992 9866 0
iCAX.s 993 9873 0
iCBF.s 995 9866 0
iCBR.s 994 9867 0
iCBX.s 996 9868 0
iCCJ.s 996 9868 0
iCCP.s 996 9868 0
iCDB.s 996 9869 0
iCDM.s 996 9868 0
iCDY.s 996 9869 0
iCEF.s 993 9869 0
iCER.s 994 9865 0
iCEX.s 992 9870 0
iCFJ.s 995 9868 0
iCFP.s 993 9870 0
iCGB.s 996 9868 0
iCGL.s 996 9869 0
iCGX.s 996 9869 0
iCHF.s 996 9870 0
iCHS.s 992 9869 0
iCHX.s 994 9861 0
iCIJ.s 994 9866 0
iCIP.s 992 9870 0
iCJB.s 996 9869 0
iCJL.s 995 9867 0
iCJX.s 995 9869 0
iCKF.s 996 9868 0
iCKR.s 996 9869 0
iCKX.s 996 9864 0
iCLK.s 995 9869 0
iCLP.s 996 9869 0
iCMB.s 995 9866 0
iCML.s 996 9868 0
iCMX.s 996 9869 0
iCNF.s 992 9870 0
iCNR.s 996 9866 0
iCNX.s 993 9868 0
iCOJ.s 993 9871 0
iCOP.s 996 9869 0
iCPB.s 992 9860 0
iCPL.s 996 9870 0
iCPX.s 994 9871 0
iCQF.s 992 9871 1
iCQR.s 994 9868 0
iCQX.s 996 9868 0
iCRJ.s 993 9870 0
iCRP.s 996 9868 0
iCSB.s 995 9864 0
iCSL.s 996 9870 0
iCSX.s 996 9870 0
iCTF.s 996 9868 0
iCTS.s 996 9868 0
iCTX.s 994 9871 0
iCUJ.s 995 9869 0
iCUQ.s 996 9870 0
iCVC.s 995 9870 0
iCVL.s 996 9871 0
iCVX.s 996 9870 0
iCWG.s 993 9868 1
iCWS.s 994 9870 0
iCWX.s 996 9871 0
iCXK.s 996 9870 0
iCXP.s 996 9868 0
iCYB.s 996 9869 0
iCYM.s 996 9871 0
iCYY.s 995 9871 0
iCZF.s 996 9870 0
iCZR.s 994 9863 0
iC2K.s 996 9866 0
iCZY.s 992 9872 0
iC2P.s 992 9872 0
iC3B.s 996 9868 0
iC3L.s 994 9869 0
iC3X.s 995 9870 0
iC4F.s 996 9871 0
iC4R.s 994 9868 0
iC4X.s 995 9865 0
iC5J.s 996 9866 0
iC5P.s 996 9868 0
iC6B.s 994 9868 0
iC6M.s 995 9861 0
iC6Y.s 995 9863 0
iC7G.s 992 9868 0
iC7S.s 995 9871 0
iC7X.s 991 9872 0
iDAJ.s 994 9865 0
iDAP.s 994 9870 0
iDBB.s 995 9866 0
iDBM.s 992 9871 0
iDBY.s 996 9867 0
iDCF.s 995 9868 0
iDCR.s 994 9865 0
iDCX.s 988 9868 0
iDDJ.s 994 9862 1
iDDP.s 994 9870 0
iDEB.s 994 9870 0
iDEL.s 995 9860 0
iDEX.s 994 9862 1
iDFF.s 994 9867 0
iDFR.s 994 9868 0
iDFX.s 992 9871 0
iDGJ.s 996 9870 0
iDGP.s 996 9867 0
iDHB.s 996 9870 0
iDHL.s 996 9868 0
iDHX.s 996 9868 0
iDIF.s 996 9871 0
iDIR.s 995 9869 0
iDIX.s 996 9869 0
iDJK.s 995 9870 0
iDJR.s 996 9869 0
iDKL.s 995 9871 0
iDKX.s 996 9869 0
iDLG.s 996 9870 0
iDLS.s 996 9870 0
iDLX.s 996 9869 0
iDMJ.s 994 9871 0
iDMQ.s 996 9868 0
iDNC.s 996 9870 0
iDNL.s 991 9870 1
iDNX.s 996 9871 0
iDOG.s 995 9872 0
iDOS.s 994 9872 0
iDOX.s 996 9869 0
iDPL.s 996 9871 0
iDPP.s 992 9872 0
iDQB.s 996 9871 0
iDQL.s 996 9871 0
iDQX.s 996 9871 0
iDRF.s 996 9870 0
iDRS.s 996 9871 0
iDRX.s 996 9870 0
iDSJ.s 996 9871 0
iDSP.s 996 9871 0
iDTB.s 996 9871 0
iDTM.s 995 9871 0
iDTY.s 996 9871 0
iDUF.s 996 9870 0
iDUR.s 996 9870 0
iDUY.s 996 9871 0
iDVL.s 996 9871 0
iDVP.s 996 9869 0
iDWB.s 996 9870 0
iDWM.s 996 9870 0
iDWY.s 996 9871 0
iDXG.s 996 9870 0
iDXT.s 996 9871 0
iDXX.s 996 9871 0
iDYK.s 996 9871 0
iDYQ.s 996 9871 0
iDZD.s 995 9871 0
iDZM.s 996 9871 0
iDZY.s 992 9872 0
iD2J.s 996 9871 0
iDZ7.s 996 9871 0
iD2X.s 995 9872 0
iD3J.s 996 9872 0
iD3P.s 996 9870 0
iD4D.s 996 9872 0
iD4L.s 996 9871 0
iD4X.s 996 9871 0
iD5G.s 991 9873 0
iD5T.s 996 9872 0
iD5X.s 996 9872 0
iD6K.s 996 9872 0
iD6P.s 996 9872 0
iD7B.s 996 9872 0
iD7L.s 996 9872 0
iD7X.s 996 9871 0
iEAF.s 996 9872 0
iEAR.s 996 9872 0
iEAX.s 996 9872 0
iEBJ.s 996 9871 0
iEBP.s 996 9871 0
iECB.s 996 9872 0
iECL.s 996 9872 0
iECX.s 993 9873 0
iEDF.s 996 9871 0
iEDR.s 996 9871 0
iEDX.s 996 9871 0
iEEK.s 996 9872 0
iEEP.s 996 9870 0
iEFB.s 994 9872 0
iEFL.s 996 9871 0
iEFX.s 996 9872 0
iEGF.s 996 9871 0
iEGR.s 996 9871 0
iEGX.s 996 9872 0
iEHJ.s 996 9872 0
iEHP.s 992 9872 0
iEIB.s 996 9871 0
iEIL.s 996 9872 0
iEIX.s 996 9872 0
iEJF.s 992 9871 0
iEJS.s 994 9869 0
iEJX.s 995 9872 0
iEKK.s 992 9872 0
iEKP.s 991 9872 0
iELB.s 995 9870 0
iELL.s 992 9870 0
iELX.s 996 9871 0
iEMF.s 994 9871 0
iEMR.s 986 9872 0
iEMX.s 992 9873 0
iENJ.s 992 9872 0
iENP.s 996 9868 0
iEOB.s 996 9869 0
iEOL.s 995 9871 0
iEOX.s 996 9870 0
iEPF.s 996 9870 0
iEPR.s 996 9871 0
iEPX.s 996 9871 0
iEQJ.s 996 9872 0
iEQP.s 994 9871 0
iERB.s 994 9874 0
iERL.s 992 9871 0
iERY.s 996 9872 0
iESF.s 996 9871 0
iESR.s 995 9870 0
iESX.s 992 9871 0
iETJ.s 992 9872 0
iETP.s 996 9869 0
iEUB.s 991 9868 0
iEUL.s 996 9871 0
iEUX.s 996 9870 0
iEVF.s 996 9868 0
iEVR.s 996 9870 0
iEVX.s 996 9871 0
iEWJ.s 995 9870 0
iEWQ.s 992 9869 0
iEXC.s 996 9872 0
iEXL.s 993 9872 0
iEXX.s 994 9865 0
iEYF.s 996 9872 0
iEYR.s 996 9871 0
iEYX.s 996 9870 0
iEZJ.s 992 9871 0
iEZ7.s 992 9872 0
iEZX.s 996 9871 0
iE2L.s 995 9868 0
iE2X.s 991 9870 0
iE3F.s 996 9872 0
iE3R.s 996 9872 0
iE3Y.s 996 9870 0
iE4P.s 994 9872 0
iE5B.s 995 9872 0
iE5L.s 996 9871 0
iE5X.s 996 9872 0
iE6F.s 994 9872 0
iE6S.s 996 9872 0
iE6X.s 996 9872 0
iE7J.s 996 9871 0
iE7P.s 992 9869 0
iFAB.s 996 9869 0
iFAL.s 996 9870 0
iFAX.s 995 9869 0
iFBG.s 996 9871 0
iFBT.s 996 9872 0
iFBX.s 995 9869 0
iFCL.s 996 9872 0
iFCR.s 992 9869 0
iFDD.s 996 9872 0
iFDL.s 996 9871 0
iFDX.s 992 9873 0
iFEG.s 996 9872 0
iFES.s 996 9871 0
iFEX.s 996 9871 0
iFFJ.s 996 9870 0
iFFQ.s 996 9872 0
iFGC.s 996 9872 0
iFGL.s 995 9866 0
iFGZ.s 996 9872 0
iFHF.s 996 9870 0
iFHR.s 996 9872 0
iFHX.s 993 9872 0
iFIJ.s 996 9872 0
iFIP.s 996 9870 0
iFJB.s 996 9872 0
iFJL.s 996 9868 0
iFJX.s 992 9872 0
iFKF.s 987 9870 1
iFKR.s 995 9873 0
iFKX.s 996 9871 0
iFLJ.s 995 9870 0
iFLP.s 996 9871 0
iFMC.s 995 9870 0
iFML.s 996 9869 0
iFMX.s 995 9865 0
iFNF.s 996 9867 0
iFNR.s 994 9869 0
iFNX.s 996 9867 0
iFOJ.s 995 9870 0
iFOP.s 995 9871 0
iFPB.s 993 9856 0
iFPL.s 992 9872 0
iFPX.s 993 9871 0
iFQF.s 996 9872 0
iFQR.s 991 9872 0
iFQX.s 992 9871 0
iFRJ.s 992 9868 0
iFRP.s 996 9872 0
iFSB.s 996 9870 0
iFSL.s 993 9872 0
iFSX.s 996 9867 0
iFTF.s 996 9870 0
iFTR.s 996 9872 0
iFTX.s 995 9871 0
iFUJ.s 996 9871 0
iFUP.s 994 9870 0
iFVC.s 996 9872 0
iFVL.s 996 9870 0
iFVX.s 996 9872 0
iFWF.s 995 9871 0
iFWR.s 995 9867 0
iFWX.s 993 9868 0
iFXJ.s 996 9870 0
iFXP.s 992 9872 0
iFYB.s 996 9871 0
iFYM.s 987 9870 0
iFYZ.s 996 9870 0
iFZF.s 996 9869 0
iFZR.s 993 9867 0
iF2J.s 995 9872 0
iFZX.s 996 9872 0
iF2P.s 992 9871 0
iF3B.s 996 9868 0
iF3L.s 994 9866 0
iF3X.s 993 9871 0
iF4G.s 996 9872 0
iF4S.s 995 9872 0
iF4X.s 993 9870 0
iF5J.s 996 9871 0
iF5P.s 992 9872 0
iF6B.s 996 9872 0
iF6L.s 993 9870 0
iF6X.s 992 9868 0
iF7F.s 992 9860 0
iF7S.s 996 9871 0
iF7X.s 996 9871 0
iGAJ.s 996 9869 0
iGAP.s 994 9870 0
iGBC.s 991 9870 0
