i4.s 993 9866 0
iE.s 991 9865 1
iQ.s 992 9851 0
iAE.s 994 9853 0
iAQ.s 991 9860 0
iA6.s 995 9853 0
iBK.s 993 9858 1
iB4.s 994 9850 0
iCC.s 991 9857 1
iC4.s 994 9850 0
iCU.s 993 9853 1
iDE.s 993 9851 0
iDQ.s 994 9865 0
iD6.s 993 9862 0
iEK.s 992 9851 0
iE4.s 992 9862 0
iFC.s 994 9853 0
iF4.s 992 9857 0
iFU.s 994 9859 0
iGE.s 992 9855 1
iGQ.s 994 9858 0
iG6.s 993 9853 0
iHK.s 992 9856 0
iH4.s 994 9857 0
iIC.s 992 9854 1
iI4.s 992 9849 0
iIU.s 994 9850 1
iJE.s 995 9859 1
iJQ.s 994 9857 0
iJ6.s 994 9854 0
iKK.s 992 9858 0
iK4.s 995 9854 0
iLC.s 994 9862 0
iL4.s 995 9859 1
iLU.s 995 9858 0
iME.s 995 9858 0
iMQ.s 995 9858 1
iM6.s 996 9849 0
iNK.s 995 9859 1
iN4.s 993 9859 0
iOD.s 995 9861 0
iO4.s 994 9863 0
iOU.s 995 9862 0
iPE.s 996 9854 0
iPQ.s 996 9854 0
iP6.s 993 9861 0
iQL.s 996 9847 0
iQ4.s 995 9855 0
iRC.s 993 9860 0
iR4.s 996 9856 0
iRV.s 994 9858 0
iSE.s 996 9854 0
iSQ.s 996 9853 0
iS6.s 996 9850 0
iTL.s 994 9850 1
iT4.s 996 9854 0
iUD.s 992 9857 0
iU4.s 996 9856 1
iUU.s 996 9858 0
iVE.s 996 9855 1
iVQ.s 996 9854 0
iV6.s 996 9855 0
iWK.s 996 9858 0
iW4.s 996 9857 1
iXC.s 996 9859 0
iX4.s 996 9854 0
iXU.s 993 9853 0
iYE.s 996 9857 1
iYQ.s 996 9855 1
iY6.s 994 9855 1
iZK.s 996 9857 0
i2C.s 994 9859 0
iZ4.s 993 9859 0
i24.s 991 9860 1
i2U.s 993 9856 0
i3E.s 996 9860 0
i3Q.s 996 9856 0
i36.s 996 9857 1
i4K.s 996 9856 1
i44.s 996 9860 0
i5D.s 995 9857 1
i54.s 993 9860 0
i5U.s 996 9858 0
i6E.s 996 9854 1
i6Q.s 994 9860 1
i66.s 994 9861 0
i7K.s 996 9859 0
i74.s 996 9860 0
iAAC.s 992 9861 0
iAA4.s 994 9859 0
iAAV.s 996 9859 0
iABE.s 996 9859 0
iABQ.s 996 9861 0
iAB6.s 996 9861 1
iACK.s 985 9859 0
iAC4.s 992 9862 1
iADC.s 992 9861 0
iAD4.s 996 9859 0
iADU.s 994 9859 1
iAEE.s 995 9858 0
iAEQ.s 995 9859 0
iAE6.s 992 9862 1
iAFK.s 995 9860 1
iAF4.s 993 9858 0
iAGC.s 994 9864 0
iAG4.s 995 9860 0
iAGU.s 992 9863 0
iAHE.s 995 9860 1
iAHQ.s 992 9868 1
iAH6.s 995 9854 0
iAIK.s 991 9867 1
iAI4.s 996 9862 0
iAJC.s 994 9862 0
iAJ4.s 992 9862 0
iAJU.s 995 9864 0
iAKE.s 991 9860 0
iAKR.s 993 9858 0
iAK6.s 992 9857 0
iALK.s 992 9859 0
iAL4.s 991 9862 0
iAMC.s 995 9857 1
iAM4.s 994 9855 0
iAMU.s 993 9860 0
iANE.s 995 9860 0
iANQ.s 995 9862 0
iAN6.s 994 9861 0
iAOK.s 993 9858 1
iAO4.s 994 9864 0
iAPC.s 996 9862 0
iAP4.s 996 9861 0
iAPU.s 996 9862 0
iAQE.s 996 9864 0
iAQQ.s 995 9862 0
iAQ6.s 995 9861 0
iARK.s 995 9861 1
iAR4.s 993 9863 0
iASC.s 996 9863 0
iAS4.s 995 9862 0
iASU.s 992 9863 0
iATE.s 996 9863 0
iATQ.s 996 9861 0
iAT6.s 994 9863 0
iAUK.s 996 9866 0
iAU4.s 996 9863 0
iAVC.s 996 9863 1
iAV4.s 996 9862 0
iAVU.s 995 9857 1
iAWE.s 996 9862 0
iAWQ.s 994 9865 0
iAW6.s 993 9865 0
iAXL.s 994 9853 0
iAX4.s 993 9863 0
iAYC.s 993 9861 0
iAY4.s 992 9866 0
iAYU.s 995 9860 1
iAZE.s 994 9862 0
iAZQ.s 996 9868 0
iA2C.s 996 9864 0
iA2O.s 995 9862 1
iA24.s 996 9865 0
iA3D.s 993 9865 0
iA34.s 995 9864 0
iA3U.s 996 9864 0
iA4E.s 996 9867 0
iA4Q.s 996 9864 0
iA46.s 995 9865 0
iA5K.s 996 9864 0
iA54.s 996 9861 0
iA6D.s 993 9862 0
iA64.s 992 9860 1
iA6U.s 992 9865 0
iA7E.s 996 9866 0
iA7Q.s 996 9866 0
iA76.s 994 9863 0
iBAK.s 992 9865 0
iBA4.s 996 9865 0
iBBD.s 996 9862 0
iBB4.s 996 9862 0
iBBU.s 996 9865 0
iBCE.s 995 9858 1
iBCQ.s 996 9858 0
iBC6.s 994 9860 0
iBDK.s 992 9868 0
iBD4.s 995 9864 0
iBEC.s 996 9865 0
iBE5.s 996 9865 0
iBEV.s 994 9862 0
iBFE.s 995 9865 1
iBFQ.s 996 9861 0
iBF6.s 995 9865 0
iBGK.s 996 9865 0
iBG4.s 996 9866 0
iBHC.s 996 9865 0
iBH4.s 992 9867 0
iBHU.s 996 9867 0
iBIE.s 996 9866 0
iBIQ.s 994 9859 1
iBI6.s 994 9866 0
iBJK.s 996 9859 0
iBJ4.s 995 9865 0
iBKC.s 996 9866 0
iBK4.s 996 9864 0
iBKU.s 996 9866 0
iBLE.s 996 9864 0
iBLQ.s 996 9866 0
iBL6.s 995 9867 0
iBML.s 996 9865 0
iBM5.s 996 9864 0
iBND.s 996 9865 0
iBN5.s 996 9866 0
iBNV.s 996 9865 0
iBOE.s 996 9866 0
iBOQ.s 992 9869 0
iBO6.s 996 9866 0
iBPK.s 996 9866 0
iBP4.s 996 9865 0
iBQD.s 996 9864 0
iBQ4.s 994 9866 1
iBQU.s 996 9867 0
iBRE.s 995 9866 1
iBRQ.s 996 9867 0
iBR6.s 995 9862 0
iBSK.s 995 9868 0
iBS4.s 995 9869 0
iBTC.s 995 9866 0
iBT4.s 992 9865 0
iBTU.s 996 9867 0
iBUE.s 996 9868 0
iBUQ.s 996 9866 0
iBU6.s 995 9868 0
iBVL.s 996 9868 0
iBV4.s 996 9867 0
iBWC.s 993 9865 0
iBW4.s 996 9867 0
iBWU.s 996 9867 0
iBXG.s 996 9866 0
iBXS.s 991 9867 0
iBX6.s 992 9868 0
iBYK.s 996 9866 0
iBY4.s 996 9867 0
iBZC.s 993 9869 0
iB2C.s 996 9868 0
iBZQ.s 996 9867 0
iB2E.s 996 9867 0
iB2Q.s 996 9867 0
iB26.s 994 9868 1
iB3L.s 992 9869 0
iB34.s 996 9865 0
iB4C.s 996 9869 0
iB44.s 992 9870 0
iB4V.s 996 9867 0
iB5E.s 995 9868 0
iB5Q.s 996 9868 0
iB56.s 996 9869 0
iB6K.s 996 9869 0
iB64.s 992 9868 0
iB7C.s 996 9868 0
iB74.s 996 9868 0
iB7U.s 996 9868 0
iCAE.s 995 9867 0
iCAQ.s 992 9869 0
iCA6.s 994 9867 0
iCBK.s 994 9869 0
iCB4.s 996 9867 0
iCCC.s 996 9868 0
iCC4.s 996 9869 0
iCCU.s 995 9869 0
iCDE.s 996 9866 0
iCDR.s 994 9865 0
iCD6.s 995 9864 1
iCEK.s 996 9866 0
iCE4.s 995 9869 0
iCFC.s 995 9871 0
iCF4.s 996 9869 0
iCFU.s 992 9866 1
iCGE.s 996 9867 0
iCGQ.s 995 9865 0
iCG6.s 993 9868 0
iCHK.s 996 9870 0
iCH4.s 992 9870 0
iCIC.s 995 9869 0
iCI4.s 992 9868 0
iCIU.s 992 9871 0
iCJE.s 996 9864 0
iCJQ.s 994 9870 0
iCJ6.s 994 9870 0
iCKK.s 996 9869 0
iCK4.s 992 9867 0
iCLC.s 995 9867 0
iCL4.s 996 9869 0
iCLU.s 996 9869 0
iCME.s 996 9870 0
iCMQ.s 996 9868 0
iCM6.s 991 9869 0
iCNK.s 995 9870 0
iCN4.s 996 9869 0
iCOC.s 994 9867 0
iCO4.s 996 9866 0
iCOU.s 992 9866 0
iCPE.s 996 9869 0
iCPQ.s 996 9867 0
iCP6.s 995 9869 0
iCQK.s 992 9872 0
iCQ4.s 996 9869 0
iCRC.s 996 9869 0
iCR4.s 993 9871 0
iCRU.s 985 9872 0
iCSE.s 994 9864 0
iCSQ.s 996 9867 0
iCS6.s 996 9868 0
iCTK.s 996 9870 0
iCT4.s 996 9869 0
iCUC.s 992 9871 0
iCU5.s 994 9871 0
iCUV.s 995 9871 1
iCVE.s 996 9870 0
iCVQ.s 996 9870 0
iCV6.s 996 9868 0
iCWL.s 996 9858 0
iCW4.s 996 9867 0
iCXC.s 996 9870 0
iCX4.s 992 9865 0
iCXU.s 996 9872 0
iCYF.s 991 9873 0
iCYR.s 995 9868 0
iCY6.s 996 9870 0
iCZK.s 994 9870 0
iC2C.s 996 9870 0
iCZ5.s 995 9870 0
iC24.s 994 9871 0
iC2U.s 996 9869 0
iC3E.s 995 9870 0
iC3Q.s 995 9869 0
iC36.s 996 9868 0
iC4K.s 995 9863 0
iC44.s 994 9869 0
iC5C.s 996 9869 0
iC54.s 994 9866 0
iC5U.s 995 9868 0
iC6F.s 992 9869 0
iC6R.s 995 9866 0
iC66.s 996 9865 0
iC7L.s 996 9865 0
iC74.s 996 9870 0
iDAC.s 993 9869 0
iDA4.s 995 9869 1
iDAU.s 996 9868 0
iDBE.s 993 9865 1
iDBR.s 996 9868 0
iDB6.s 993 9866 0
iDCK.s 995 9871 0
iDC4.s 996 9867 0
iDDC.s 990 9868 0
iDD4.s 995 9865 0
iDDU.s 994 9864 0
iDEE.s 995 9869 0
iDEQ.s 996 9869 0
iDE6.s 996 9869 0
iDFK.s 994 9867 0
iDF4.s 995 9869 0
iDGC.s 996 9868 0
iDG4.s 996 9870 0
iDGU.s 996 9868 0
iDHE.s 992 9872 0
iDHQ.s 996 9867 0
iDH6.s 994 9870 0
iDIK.s 996 9868 0
iDI4.s 992 9871 0
iDJC.s 994 9872 0
iDJ4.s 992 9868 0
iDJX.s 994 9868 0
iDKE.s 996 9871 0
iDKQ.s 996 9869 0
iDK6.s 996 9870 0
iDLL.s 995 9871 0
iDL4.s 996 9871 0
iDMC.s 994 9871 0
iDM4.s 996 9870 0
iDMV.s 996 9871 0
iDNE.s 996 9870 0
iDNQ.s 996 9871 0
iDN7.s 996 9871 0
iDOL.s 996 9871 0
iDO4.s 996 9871 0
iDPD.s 996 9870 0
iDP4.s 996 9870 0
iDPU.s 996 9870 0
iDQE.s 996 9870 0
iDQQ.s 996 9871 0
iDQ6.s 996 9871 0
iDRK.s 996 9870 0
iDR4.s 996 9871 0
iDSC.s 996 9870 0
iDS4.s 996 9871 0
iDSU.s 995 9870 0
iDTE.s 996 9869 0
iDTR.s 996 9870 0
iDT6.s 996 9870 0
iDUK.s 996 9870 0
iDU4.s 996 9871 0
iDVE.s 996 9871 0
iDV4.s 996 9871 0
iDVU.s 996 9871 0
iDWF.s 996 9871 0
iDWR.s 996 9871 0
iDW6.s 996 9871 0
iDXL.s 996 9872 0
iDX4.s 996 9871 0
iDYC.s 996 9871 0
iDY5.s 996 9872 0
iDYV.s 996 9871 0
iDZF.s 996 9870 0
iDZR.s 996 9872 0
iD2C.s 996 9871 0
iD2O.s 996 9872 0
iD24.s 996 9871 0
iD3C.s 996 9872 0
iD34.s 996 9871 0
iD3V.s 996 9871 0
iD4E.s 996 9871 0
iD4Q.s 992 9873 0
iD47.s 996 9871 0
iD5M.s 996 9871 0
iD54.s 996 9872 0
iD6D.s 996 9870 0
iD64.s 996 9871 0
iD6U.s 994 9872 0
iD7E.s 994 9873 0
iD7Q.s 996 9872 0
iD76.s 996 9872 0
iEAK.s 996 9872 0
iEA4.s 996 9871 0
iEBC.s 996 9871 0
iEB4.s 996 9871 0
iEBU.s 996 9871 0
iECE.s 995 9873 0
iECQ.s 992 9873 0
iEC6.s 996 9871 0
iEDK.s 996 9871 0
iED4.s 996 9870 0
iEED.s 996 9870 0
iEE4.s 996 9872 0
iEEU.s 991 9873 0
iEFE.s 995 9871 0
iEFQ.s 996 9871 0
iEF6.s 996 9872 0
iEGK.s 996 9870 0
iEG4.s 992 9872 0
iEHC.s 994 9872 0
iEH4.s 996 9871 0
iEHU.s 992 9872 0
iEIE.s 995 9872 0
iEIQ.s 992 9873 0
iEI6.s 996 9869 0
iEJK.s 995 9873 0
iEJ4.s 993 9871 0
iEKC.s 994 9871 0
iEK4.s 996 9871 0
iEKU.s 994 9872 0
iELE.s 992 9873 0
iELQ.s 996 9872 0
iEL6.s 996 9872 0
iEMK.s 992 9870 0
iEM4.s 992 9873 0
iENC.s 996 9872 0
iEN4.s 996 9870 0
iENU.s 996 9868 0
iEOE.s 992 9868 0
iEOQ.s 991 9873 0
iEO6.s 996 9871 0
iEPK.s 994 9872 0
iEP4.s 996 9872 0
iEQC.s 996 9871 0
iEQ4.s 996 9871 0
iEQU.s 996 9872 0
iERE.s 996 9872 0
iERQ.s 994 9865 0
iER6.s 995 9872 0
iESK.s 990 9871 0
iES4.s 994 9872 0
iETC.s 995 9868 0
iET4.s 996 9865 0
iETU.s 991 9863 0
iEUE.s 996 9871 0
iEUQ.s 994 9868 0
iEU6.s 996 9872 0
iEVK.s 993 9871 0
iEV4.s 996 9871 0
iEWC.s 994 9869 0
iEW5.s 992 9871 0
iEWV.s 996 9868 0
iEXE.s 994 9869 0
iEXQ.s 996 9870 0
iEX6.s 996 9871 0
iEYK.s 996 9868 0
iEY4.s 995 9871 0
iEZC.s 996 9870 0
iE2C.s 993 9868 0
iEZQ.s 996 9872 0
iE2E.s 992 9870 0
iE2Q.s 992 9871 0
iE26.s 996 9868 0
iE3K.s 995 9869 0
iE34.s 996 9871 0
iE4D.s 986 9871 0
iE44.s 993 9868 0
iE4U.s 994 9871 0
iE5E.s 991 9871 0
iE5Q.s 996 9870 0
iE56.s 994 9870 0
iE6L.s 992 9867 0
iE64.s 996 9871 0
iE7C.s 995 9867 0
iE74.s 996 9871 0
iE7U.s 996 9872 0
iFAE.s 992 9869 0
iFAQ.s 996 9871 0
iFA7.s 995 9873 0
iFBL.s 996 9870 0
iFB4.s 996 9869 0
iFCC.s 996 9871 0
iFC4.s 995 9870 0
iFCW.s 995 9872 0
iFDE.s 996 9872 0
iFDQ.s 995 9871 0
iFD6.s 996 9871 0
iFEL.s 992 9873 0
iFE4.s 996 9872 0
iFFC.s 996 9872 0
iFF5.s 996 9869 0
iFFV.s 994 9870 0
iFGE.s 996 9871 0
iFGQ.s 996 9871 0
iFG6.s 996 9870 0
iFHK.s 996 9871 0
iFH4.s 995 9873 0
iFIC.s 995 9871 0
iFI4.s 996 9872 0
iFIU.s 996 9869 0
iFJE.s 996 9870 0
iFJQ.s 994 9871 1
iFJ6.s 992 9868 0
iFKK.s 992 9875 0
iFK4.s 996 9872 0
iFLC.s 994 9871 0
iFL4.s 995 9869 0
iFLU.s 994 9873 0
iFME.s 996 9871 0
iFMQ.s 996 9868 0
iFM6.s 994 9869 0
iFNK.s 994 9870 0
iFN4.s 996 9869 0
iFOC.s 995 9870 0
iFO4.s 992 9867 0
iFOU.s 996 9872 0
iFPE.s 993 9871 0
iFPQ.s 992 9871 0
iFP6.s 992 9870 0
iFQK.s 996 9866 0
iFQ4.s 992 9872 0
iFRC.s 996 9871 0
iFR4.s 992 9870 1
iFRU.s 992 9870 0
iFSE.s 996 9871 0
iFSQ.s 996 9871 0
iFS6.s 996 9871 0
iFTK.s 996 9872 0
iFT4.s 991 9872 0
iFUC.s 993 9872 0
iFU4.s 991 9873 0
iFUV.s 996 9869 0
iFVE.s 996 9871 0
iFVQ.s 996 9870 0
iFV6.s 996 9870 0
iFWK.s 996 9871 0
iFW4.s 994 9873 0
iFXC.s 996 9870 0
iFX4.s 996 9870 0
iFXU.s 995 9869 0
iFYE.s 995 9866 0
iFYS.s 993 9871 0
iFY6.s 993 9873 0
iFZK.s 996 9872 0
iF2C.s 996 9870 0
iFZ4.s 996 9869 0
iF24.s 994 9864 0
iF2U.s 994 9870 0
iF3E.s 995 9869 0
iF3Q.s 991 9873 0
iF36.s 993 9871 0
iF4L.s 995 9869 0
iF44.s 996 9871 0
iF5C.s 994 9867 0
iF54.s 994 9867 0
iF5U.s 996 9872 0
iF6E.s 996 9871 0
iF6Q.s 995 9871 0
iF66.s 996 9871 0
iF7L.s 995 9871 0
iF74.s 996 9871 0
iGAC.s 995 9871 0
iGA4.s 993 9869 0
iGAV.s 996 9870 0
