i5.s 991 9855 0
iF.s 992 9864 1
iR.s 994 9851 1
iAF.s 993 9854 0
iAR.s 993 9860 0
iA7.s 992 9862 0
iBL.s 994 9863 1
iB5.s 993 9859 1
iCD.s 991 9857 0
iC5.s 995 9855 0
iCV.s 993 9852 0
iDF.s 995 9854 0
iDR.s 994 9852 0
iD7.s 992 9857 0
iEL.s 993 9856 1
iE5.s 993 9862 0
iFD.s 989 9859 0
iF5.s 996 9847 0
iFV.s 992 9861 1
iGF.s 993 9858 0
iGR.s 994 9857 1
iG7.s 992 9856 0
iHL.s 994 9858 0
iH5.s 993 9857 1
iID.s 994 9849 0
iI5.s 994 9856 0
iIV.s 994 9858 1
iJF.s 993 9857 1
iJR.s 995 9861 0
iJ7.s 992 9857 1
iKL.s 992 9858 0
iK5.s 995 9855 0
iLD.s 996 9846 0
iL5.s 995 9861 0
iLV.s 995 9862 0
iMF.s 995 9861 0
iMR.s 995 9857 0
iM7.s 995 9860 1
iNL.s 994 9862 0
iN5.s 995 9861 0
iOE.s 991 9857 0
iO5.s 995 9860 0
iOV.s 994 9860 1
iPF.s 994 9862 0
iPR.s 993 9858 0
iP7.s 995 9861 0
iQM.s 996 9854 0
iQ5.s 996 9854 0
iRD.s 996 9853 0
iR5.s 996 9855 0
iRW.s 996 9852 0
iSF.s 996 9852 0
iSR.s 996 9854 0
iS7.s 995 9854 0
iTM.s 995 9855 1
iT5.s 996 9851 1
iUE.s 996 9854 0
iU5.s 990 9856 0
iUV.s 996 9851 0
iVF.s 996 9857 0
iVR.s 994 9861 0
iV7.s 996 9855 0
iWL.s 994 9855 0
iW5.s 995 9853 0
iXD.s 996 9853 0
iX5.s 996 9856 1
iXV.s 996 9856 1
iYF.s 992 9858 1
iYR.s 996 9857 0
iY7.s 996 9854 0
iZL.s 996 9854 0
i2D.s 993 9853 0
iZ5.s 995 9860 1
i25.s 995 9855 0
i2V.s 993 9862 0
i3F.s 996 9855 1
i3R.s 992 9858 1
i37.s 995 9860 0
i4L.s 996 9859 0
i45.s 996 9858 1
i5E.s 995 9857 0
i55.s 996 9857 1
i5W.s 996 9857 1
i6F.s 996 9856 0
i6R.s 993 9862 0
i67.s 996 9858 1
i7L.s 995 9857 0
i75.s 993 9866 0
iAAD.s 995 9861 0
iAA5.s 996 9859 0
iAAW.s 995 9860 0
iABF.s 995 9858 0
iABR.s 996 9859 0
iAB7.s 996 9859 1
iACL.s 996 9859 0
iAC5.s 995 9857 0
iADD.s 993 9861 0
iAD5.s 995 9855 0
iADV.s 995 9857 1
iAEF.s 995 9860 1
iAER.s 996 9861 0
iAE7.s 995 9860 0
iAFL.s 995 9860 0
iAF5.s 990 9860 1
iAGD.s 996 9861 0
iAG5.s 994 9858 0
iAGW.s 992 9859 0
iAHF.s 993 9860 0
iAHR.s 996 9857 0
iAH7.s 991 9859 0
iAIL.s 990 9863 0
iAI5.s 996 9863 0
iAJD.s 993 9860 1
iAJ5.s 996 9863 0
iAJV.s 994 9863 1
iAKF.s 992 9859 1
iAKS.s 996 9862 0
iAK7.s 996 9864 0
iALL.s 995 9861 0
iAL5.s 995 9862 0
iAMD.s 995 9859 0
iAM5.s 991 9859 0
iAMV.s 992 9861 0
iANF.s 996 9862 0
iANR.s 993 9856 0
iAN7.s 994 9862 0
iAOL.s 995 9854 0
iAO5.s 996 9863 0
iAPD.s 996 9858 0
iAP5.s 996 9860 0
iAPV.s 995 9861 0
iAQF.s 995 9862 0
iAQR.s 991 9862 0
iAQ7.s 994 9863 0
iARL.s 996 9861 0
iAR5.s 992 9863 0
iASD.s 995 9863 0
iAS5.s 996 9862 0
iASV.s 991 9859 0
iATF.s 993 9859 0
iATR.s 992 9863 0
iAT7.s 993 9858 0
iAUL.s 996 9860 0
iAU5.s 996 9862 1
iAVD.s 996 9861 0
iAV5.s 996 9866 0
iAVV.s 996 9862 1
iAWF.s 994 9863 0
iAWR.s 992 9865 0
iAW7.s 996 9862 0
iAXM.s 993 9868 0
iAX5.s 996 9862 0
iAYD.s 996 9861 0
iAY5.s 996 9856 0
iAYV.s 995 9867 0
iAZF.s 996 9864 0
iAZR.s 995 9866 0
iA2D.s 991 9864 0
iA2P.s 994 9867 1
iA25.s 995 9864 1
iA3E.s 995 9862 0
iA35.s 995 9865 0
iA3V.s 996 9864 0
iA4F.s 996 9864 0
iA4R.s 996 9865 0
iA47.s 996 9864 0
iA5L.s 996 9865 0
iA55.s 995 9864 0
iA6E.s 996 9864 0
iA65.s 995 9862 0
iA6V.s 993 9865 0
iA7F.s 995 9865 0
iA7R.s 992 9864 0
iA77.s 996 9864 0
iBAL.s 996 9863 0
iBA5.s 993 9866 0
iBBE.s 993 9868 1
iBB5.s 996 9865 0
iBBV.s 996 9865 0
iBCF.s 993 9867 0
iBCR.s 996 9866 0
iBC7.s 993 9864 0
iBDL.s 996 9864 0
iBD5.s 995 9865 0
iBED.s 995 9861 0
iBE6.s 995 9857 0
iBEW.s 993 9866 0
iBFF.s 996 9863 0
iBFR.s 996 9865 0
iBF7.s 996 9866 0
iBGL.s 996 9866 0
iBG5.s 994 9865 0
iBHD.s 996 9866 0
iBH5.s 996 9863 0
iBHV.s 995 9858 0
iBIF.s 995 9864 0
iBIR.s 996 9866 0
iBI7.s 995 9867 0
iBJL.s 996 9863 0
iBJ5.s 995 9865 0
iBKD.s 994 9863 0
iBK5.s 996 9865 0
iBKV.s 995 9866 1
iBLF.s 993 9866 0
iBLR.s 995 9868 0
iBL7.s 996 9867 0
iBMM.s 996 9866 0
iBM6.s 996 9866 0
iBNE.s 996 9866 0
iBN6.s 995 9866 1
iBNW.s 996 9865 0
iBOF.s 996 9866 0
iBOR.s 996 9867 0
iBO7.s 991 9868 0
iBPL.s 995 9867 0
iBP5.s 996 9864 0
iBQE.s 993 9867 0
iBQ5.s 996 9866 0
iBQV.s 995 9865 0
iBRF.s 996 9869 0
iBRR.s 996 9867 0
iBR7.s 995 9868 0
iBSL.s 993 9870 0
iBS5.s 996 9865 0
iBTD.s 996 9866 0
iBT5.s 995 9864 0
iBTV.s 994 9867 0
iBUF.s 994 9866 1
iBUR.s 996 9867 0
iBU7.s 996 9867 0
iBVM.s 993 9862 0
iBV5.s 996 9868 0
iBWD.s 996 9868 0
iBW5.s 995 9867 0
iBWV.s 996 9868 0
iBXH.s 996 9867 0
iBXT.s 991 9864 0
iBX7.s 996 9863 0
iBYL.s 995 9868 0
iBY5.s 996 9866 0
iBZD.s 995 9869 0
iB2D.s 996 9867 0
iBZR.s 996 9868 0
iB2F.s 994 9868 0
iB2R.s 993 9867 0
iB27.s 996 9867 0
iB3M.s 995 9867 0
iB35.s 991 9867 0
iB4D.s 996 9861 0
iB45.s 996 9869 0
iB4W.s 994 9866 0
iB5F.s 996 9868 0
iB5R.s 996 9869 0
iB57.s 996 9868 0
iB6L.s 996 9868 0
iB65.s 993 9867 0
iB7D.s 992 9858 0
iB75.s 993 9866 0
iB7V.s 993 9867 0
iCAF.s 994 9866 1
iCAR.s 996 9866 0
iCA7.s 996 9869 0
iCBL.s 996 9867 0
iCB5.s 992 9867 0
iCCD.s 996 9868 0
iCC5.s 993 9870 0
iCCV.s 995 9867 0
iCDF.s 996 9868 0
iCDS.s 996 9868 0
iCD7.s 996 9865 0
iCEL.s 994 9865 0
iCE5.s 993 9868 0
iCFD.s 996 9869 0
iCF5.s 995 9867 0
iCFV.s 996 9869 0
iCGF.s 996 9868 0
iCGR.s 995 9868 0
iCG7.s 996 9867 0
iCHL.s 996 9871 0
iCH5.s 994 9871 0
iCID.s 996 9869 0
iCI5.s 996 9865 0
iCIV.s 994 9871 0
iCJF.s 996 9868 0
iCJR.s 996 9868 0
iCJ7.s 996 9868 0
iCKL.s 996 9869 0
iCK5.s 996 9869 0
iCLD.s 995 9869 0
iCL5.s 988 9869 1
iCLV.s 995 9867 0
iCMF.s 996 9869 0
iCMR.s 996 9867 0
iCM7.s 993 9866 0
iCNL.s 995 9867 0
iCN5.s 995 9868 0
iCOD.s 996 9871 0
iCO5.s 994 9871 0
iCOV.s 990 9869 0
iCPF.s 996 9871 0
iCPR.s 996 9869 0
iCP7.s 992 9869 0
iCQL.s 996 9869 0
iCQ5.s 995 9870 0
iCRD.s 996 9869 0
iCR5.s 993 9870 0
iCRV.s 996 9870 0
iCSF.s 996 9870 0
iCSR.s 996 9870 0
iCS7.s 996 9870 0
iCTL.s 991 9868 0
iCT5.s 996 9872 0
iCUD.s 996 9870 0
iCU6.s 992 9871 0
iCUW.s 995 9872 0
iCVF.s 992 9871 0
iCVR.s 996 9871 0
iCV7.s 995 9867 0
iCWM.s 992 9871 0
iCW5.s 996 9870 0
iCXD.s 994 9867 0
iCX5.s 996 9865 0
iCXV.s 996 9868 0
iCYG.s 996 9870 0
iCYS.s 992 9870 0
iCY7.s 994 9866 0
iCZL.s 996 9870 0
iC2D.s 996 9871 0
iCZ6.s 996 9869 0
iC25.s 995 9869 0
iC2V.s 992 9873 0
iC3F.s 994 9872 0
iC3R.s 992 9866 1
iC37.s 996 9868 0
iC4L.s 991 9863 0
iC45.s 986 9865 0
iC5D.s 996 9865 0
iC55.s 992 9871 0
iC5V.s 996 9870 0
iC6G.s 992 9869 0
iC6S.s 996 9870 0
iC7A.s 991 9871 0
iC7M.s 996 9870 0
iC75.s 994 9868 0
iDAD.s 996 9869 0
iDA5.s 996 9868 0
iDAV.s 996 9869 0
iDBF.s 993 9866 0
iDBS.s 996 9869 0
iDB7.s 994 9871 0
iDCL.s 992 9856 0
iDC5.s 995 9864 0
iDDD.s 990 9864 0
iDD5.s 995 9868 0
iDDV.s 991 9866 0
iDEF.s 996 9868 0
iDER.s 988 9867 1
iDE7.s 996 9866 0
iDFL.s 995 9867 0
iDF5.s 996 9868 0
iDGD.s 992 9870 0
iDG5.s 996 9869 0
iDGV.s 996 9869 0
iDHF.s 996 9870 0
iDHR.s 994 9870 0
iDH7.s 996 9870 0
iDIL.s 996 9869 0
iDI5.s 996 9870 0
iDJD.s 996 9870 0
iDJ5.s 996 9870 0
iDJY.s 996 9869 0
iDKF.s 995 9871 0
iDKR.s 995 9870 0
iDK7.s 995 9868 0
iDLM.s 992 9872 0
iDL5.s 996 9871 0
iDMD.s 996 9868 0
iDM5.s 996 9870 0
iDMW.s 996 9871 0
iDNF.s 996 9871 0
iDNR.s 991 9872 0
iDOA.s 996 9870 0
iDOM.s 996 9870 0
iDO5.s 996 9870 0
iDPE.s 996 9871 0
iDP5.s 996 9869 0
iDPV.s 996 9871 0
iDQF.s 996 9871 0
iDQR.s 996 9870 0
iDQ7.s 994 9872 0
iDRM.s 996 9870 0
iDR5.s 996 9870 0
iDSD.s 996 9870 0
iDS5.s 996 9870 0
iDSV.s 996 9871 0
iDTG.s 996 9871 0
iDTS.s 992 9872 0
iDT7.s 994 9871 0
iDUL.s 996 9871 0
iDU5.s 995 9872 0
iDVF.s 996 9871 0
iDV5.s 996 9871 0
iDVV.s 992 9872 0
iDWG.s 996 9871 0
iDWS.s 995 9871 0
iDW7.s 996 9871 0
iDXM.s 996 9870 0
iDX5.s 996 9871 0
iDYD.s 996 9871 0
iDY6.s 996 9870 0
iDYX.s 996 9870 0
iDZG.s 996 9871 0
iDZS.s 992 9873 0
iD2D.s 996 9870 0
iD2P.s 996 9872 0
iD25.s 996 9871 0
iD3D.s 996 9870 0
iD35.s 996 9870 0
iD3W.s 992 9873 0
iD4F.s 996 9872 0
iD4R.s 996 9872 0
iD5A.s 996 9872 0
iD5N.s 996 9872 0
iD55.s 996 9871 0
iD6E.s 996 9872 0
iD65.s 996 9872 0
iD6V.s 996 9871 0
iD7F.s 996 9871 0
iD7R.s 996 9872 0
iD77.s 996 9872 0
iEAL.s 994 9872 0
iEA5.s 996 9871 0
iEBD.s 995 9872 0
iEB5.s 996 9872 0
iEBV.s 996 9872 0
iECF.s 992 9873 0
iECR.s 996 9871 0
iEC7.s 996 9872 0
iEDL.s 991 9872 0
iED5.s 995 9870 0
iEEE.s 996 9870 0
iEE5.s 996 9870 0
iEEV.s 996 9872 0
iEFF.s 996 9870 0
iEFR.s 992 9870 0
iEF7.s 996 9871 0
iEGL.s 996 9872 0
iEG5.s 996 9872 0
iEHD.s 996 9872 0
iEH5.s 995 9871 0
iEHV.s 996 9869 0
iEIF.s 996 9869 0
iEIR.s 996 9871 0
iEI7.s 995 9867 0
iEJL.s 996 9871 0
iEJ5.s 995 9870 0
iEKE.s 996 9869 0
iEK5.s 996 9871 0
iEKV.s 995 9873 0
iELF.s 991 9869 0
iELR.s 995 9869 0
iEL7.s 995 9870 0
iEML.s 992 9872 0
iEM5.s 991 9866 0
iEND.s 992 9871 0
iEN5.s 994 9871 0
iENV.s 996 9871 0
iEOF.s 992 9872 0
iEOR.s 996 9863 0
iEO7.s 995 9863 0
iEPL.s 996 9870 0
iEP5.s 996 9870 0
iEQD.s 996 9872 0
iEQ5.s 996 9872 0
iEQV.s 994 9872 0
iERF.s 996 9871 0
iERR.s 995 9873 0
iER7.s 991 9872 0
iESL.s 993 9872 0
iES5.s 992 9873 0
iETD.s 996 9871 0
iET5.s 996 9869 0
iETV.s 996 9872 0
iEUF.s 995 9872 0
iEUR.s 996 9872 0
iEU7.s 996 9872 0
iEVL.s 995 9864 0
iEV5.s 994 9870 0
iEWD.s 996 9870 0
iEW6.s 996 9872 0
iEWW.s 996 9872 0
iEXF.s 995 9871 0
iEXR.s 994 9871 0
iEX7.s 991 9873 0
iEYL.s 992 9873 0
iEY5.s 996 9871 0
iEZD.s 996 9870 0
iE2D.s 995 9870 0
iEZR.s 996 9872 0
iE2F.s 996 9869 0
iE2R.s 996 9871 0
iE27.s 992 9869 0
iE3L.s 995 9873 0
iE35.s 994 9873 0
iE4E.s 996 9872 0
iE45.s 992 9872 0
iE4V.s 996 9870 0
iE5F.s 996 9872 0
iE5R.s 996 9871 0
iE57.s 996 9869 0
iE6M.s 996 9872 0
iE65.s 996 9872 0
iE7D.s 996 9872 0
iE75.s 993 9871 0
iE7V.s 996 9869 0
iFAF.s 996 9871 0
iFAR.s 992 9873 0
iFBA.s 996 9870 0
iFBM.s 996 9872 0
iFB5.s 996 9869 0
iFCE.s 994 9873 0
iFC5.s 996 9872 0
iFCX.s 994 9872 0
iFDF.s 996 9869 0
iFDR.s 996 9869 0
iFEA.s 996 9869 0
iFEM.s 996 9872 0
iFE5.s 996 9872 0
iFFD.s 996 9871 0
iFF6.s 996 9872 0
iFFW.s 991 9871 0
iFGF.s 996 9871 0
iFGR.s 994 9872 0
iFG7.s 996 9871 0
iFHL.s 994 9871 0
iFH5.s 992 9873 0
iFID.s 993 9872 0
iFI5.s 995 9871 0
iFIV.s 996 9871 0
iFJF.s 995 9870 0
iFJR.s 994 9873 0
iFJ7.s 995 9870 0
iFKL.s 995 9870 1
iFK5.s 994 9865 0
iFLD.s 991 9870 1
iFL5.s 996 9872 0
iFLW.s 996 9870 0
iFMF.s 995 9871 0
iFMR.s 996 9866 0
iFM7.s 996 9871 0
iFNL.s 996 9866 0
iFN5.s 992 9866 0
iFOD.s 992 9872 0
iFO5.s 996 9870 0
iFOV.s 994 9870 1
iFPF.s 994 9869 0
iFPR.s 995 9868 1
iFP7.s 995 9870 0
iFQL.s 992 9873 0
iFQ5.s 996 9870 0
iFRD.s 990 9864 0
iFR5.s 996 9870 0
iFRV.s 996 9869 0
iFSF.s 992 9873 0
iFSR.s 994 9868 0
iFS7.s 996 9871 0
iFTL.s 996 9870 0
iFT5.s 996 9871 0
iFUD.s 995 9872 0
iFU5.s 996 9868 0
iFUW.s 996 9871 0
iFVF.s 996 9869 0
iFVR.s 996 9869 0
iFV7.s 996 9872 0
iFWL.s 990 9871 0
iFW5.s 991 9873 0
iFXD.s 996 9872 0
iFX5.s 995 9869 0
iFXV.s 994 9872 0
iFYF.s 996 9868 0
iFYT.s 995 9870 0
iFY7.s 996 9872 0
iFZL.s 995 9872 0
iF2D.s 995 9873 0
iFZ5.s 995 9871 0
iF25.s 996 9872 0
iF2V.s 995 9868 0
iF3F.s 996 9871 0
iF3R.s 996 9870 0
iF37.s 993 9869 0
iF4M.s 995 9873 0
iF45.s 995 9871 0
iF5D.s 995 9873 0
iF55.s 996 9870 0
iF5V.s 996 9868 0
iF6F.s 996 9872 0
iF6R.s 991 9870 0
iF67.s 993 9869 0
iF7M.s 993 9873 0
iF75.s 992 9867 0
iGAD.s 996 9871 0
iGA5.s 995 9871 0
iGAW.s 996 9871 0
