iA.s 992 9857 0
iI.s 987 9865 0
iU.s 993 9859 0
iAI.s 992 9859 0
iAU.s 994 9860 0
iBC.s 993 9860 0
iBO.s 995 9854 0
iBU.s 994 9865 0
iCG.s 995 9855 0
iCM.s 995 9857 1
iCY.s 994 9864 0
iDI.s 993 9854 0
iDU.s 992 9859 0
iEC.s 994 9852 0
iEO.s 994 9852 1
iEU.s 994 9856 0
iFG.s 991 9857 0
iFM.s 993 9852 0
iFY.s 995 9858 0
iGI.s 994 9855 1
iGU.s 993 9856 0
iHC.s 995 9854 1
iHO.s 991 9857 0
iHU.s 995 9851 1
iIG.s 991 9859 1
iIM.s 993 9856 0
iIY.s 993 9861 0
iJI.s 994 9852 0
iJU.s 994 9864 0
iKC.s 995 9857 0
iKO.s 994 9846 0
iKU.s 995 9857 0
iLG.s 996 9857 0
iLM.s 995 9855 0
iLY.s 995 9855 0
iMI.s 991 9861 1
iMV.s 994 9859 0
iNC.s 995 9856 0
iNO.s 995 9860 0
iNV.s 993 9859 0
iOH.s 995 9858 0
iOM.s 995 9861 1
iOY.s 995 9858 0
iPI.s 996 9853 0
iPU.s 995 9860 1
iQC.s 996 9845 0
iQP.s 994 9861 0
iQU.s 996 9844 0
iRG.s 996 9846 0
iRM.s 996 9849 0
iRZ.s 995 9846 0
iSI.s 995 9853 0
iSU.s 996 9849 0
iTC.s 995 9858 0
iTP.s 996 9855 0
iTU.s 996 9852 0
iUH.s 996 9853 0
iUM.s 996 9860 0
iUY.s 996 9853 0
iVI.s 996 9856 1
iVU.s 995 9861 0
iWC.s 996 9858 0
iWO.s 995 9852 0
iWU.s 995 9852 1
iXG.s 992 9858 0
iXM.s 993 9855 0
iXY.s 996 9856 0
iYI.s 996 9857 0
iYU.s 996 9856 1
iZC.s 995 9859 0
iZO.s 996 9853 0
i2G.s 994 9858 1
iZU.s 994 9861 0
i2M.s 996 9856 0
i2Y.s 992 9854 1
i3I.s 996 9860 0
i3U.s 991 9857 0
i4C.s 996 9858 0
i4O.s 996 9856 0
i4U.s 996 9857 0
i5H.s 995 9859 0
i5M.s 996 9859 0
i5Z.s 996 9859 1
i6I.s 992 9860 0
i6U.s 996 9857 0
i7C.s 996 9860 0
i7O.s 992 9860 0
i7U.s 996 9860 0
iAAG.s 996 9860 0
iAAM.s 996 9859 0
iAAZ.s 996 9859 0
iABI.s 992 9861 0
iABU.s 995 9863 0
iACC.s 992 9862 0
iACO.s 995 9858 0
iACU.s 996 9858 0
iADG.s 995 9857 0
iADM.s 996 9861 0
iADY.s 993 9857 0
iAEI.s 996 9860 0
iAEU.s 996 9860 1
iAFC.s 991 9866 0
iAFO.s 996 9862 0
iAFU.s 993 9865 0
iAGG.s 995 9861 1
iAGM.s 995 9858 0
iAGZ.s 995 9860 1
iAHI.s 996 9861 0
iAHU.s 995 9860 0
iAIC.s 995 9861 0
iAIO.s 996 9857 0
iAIU.s 996 9862 0
iAJG.s 994 9862 1
iAJM.s 996 9862 0
iAJY.s 992 9857 0
iAKI.s 993 9860 0
iAKV.s 993 9860 0
iALC.s 992 9860 0
iALO.s 995 9863 0
iALU.s 992 9863 1
iAMG.s 995 9864 1
iAMM.s 996 9864 0
iAMY.s 995 9860 0
iANI.s 996 9861 1
iANU.s 994 9858 0
iAOC.s 994 9859 1
iAOO.s 992 9853 0
iAOU.s 996 9862 0
iAPG.s 995 9864 0
iAPM.s 995 9859 0
iAPY.s 996 9864 0
iAQI.s 996 9861 0
iAQU.s 995 9862 0
iARC.s 992 9866 0
iARO.s 995 9860 0
iARU.s 992 9861 0
iASG.s 996 9860 0
iASM.s 994 9863 0
iASY.s 992 9862 1
iATI.s 996 9860 0
iATU.s 996 9862 0
iAUC.s 996 9864 0
iAUO.s 995 9863 0
iAUU.s 996 9857 0
iAVG.s 996 9862 0
iAVM.s 993 9862 0
iAVY.s 996 9865 0
iAWI.s 995 9862 1
iAWU.s 996 9863 0
iAXC.s 989 9863 1
iAXP.s 992 9866 0
iAXU.s 993 9862 0
iAYG.s 992 9866 0
iAYM.s 996 9861 0
iAYY.s 993 9862 0
iAZI.s 992 9863 1
iAZU.s 996 9862 0
iA2G.s 996 9865 0
iA2S.s 995 9864 1
iA2U.s 996 9863 0
iA3H.s 996 9861 0
iA3M.s 992 9864 0
iA3Y.s 996 9863 0
iA4I.s 992 9865 1
iA4U.s 994 9863 0
iA5C.s 996 9864 0
iA5O.s 995 9863 1
iA5U.s 995 9866 0
iA6H.s 995 9865 0
iA6M.s 995 9865 0
iA6Y.s 995 9861 0
iA7I.s 994 9863 0
iA7U.s 996 9863 0
iBAC.s 994 9860 0
iBAO.s 995 9859 0
iBAV.s 992 9862 0
iBBH.s 996 9865 0
iBBM.s 996 9863 0
iBBY.s 996 9863 0
iBCI.s 994 9865 0
iBCU.s 996 9864 0
iBDC.s 991 9864 0
iBDO.s 987 9866 1
iBDU.s 992 9864 0
iBEG.s 993 9864 0
iBEN.s 996 9864 0
iBEZ.s 996 9860 0
iBFI.s 996 9865 0
iBFU.s 996 9860 0
iBGC.s 993 9864 0
iBGO.s 996 9863 0
iBGU.s 996 9864 0
iBHG.s 996 9863 0
iBHM.s 991 9864 0
iBHY.s 996 9865 0
iBII.s 996 9867 0
iBIU.s 994 9866 0
iBJC.s 993 9866 0
iBJO.s 996 9861 0
iBJU.s 995 9865 0
iBKG.s 995 9864 0
iBKM.s 994 9868 0
iBKY.s 994 9869 0
iBLI.s 996 9864 0
iBLU.s 996 9866 0
iBMC.s 992 9868 0
iBMP.s 996 9866 0
iBMV.s 994 9865 0
iBNH.s 996 9867 0
iBNN.s 996 9866 0
iBNZ.s 995 9864 0
iBOI.s 994 9868 0
iBOU.s 996 9867 0
iBPC.s 996 9862 0
iBPP.s 996 9866 0
iBPU.s 996 9865 0
iBQH.s 995 9868 0
iBQM.s 996 9866 0
iBQY.s 996 9866 0
iBRI.s 996 9866 0
iBRU.s 995 9867 0
iBSC.s 996 9865 0
iBSO.s 996 9868 0
iBSU.s 993 9868 0
iBTG.s 996 9866 0
iBTM.s 996 9867 0
iBTY.s 996 9867 0
iBUI.s 996 9867 0
iBUU.s 992 9869 0
iBVC.s 991 9869 0
iBVP.s 996 9867 0
iBVU.s 996 9867 0
iBWG.s 996 9868 0
iBWM.s 992 9866 1
iBWY.s 993 9868 0
iBXK.s 996 9868 0
iBXW.s 993 9868 0
iBYC.s 996 9867 0
iBYO.s 994 9864 0
iBYU.s 996 9867 0
iBZG.s 992 9869 0
iBZ4.s 996 9868 0
iBZU.s 996 9868 0
iB2I.s 996 9868 0
iB2U.s 996 9867 0
iB3D.s 994 9869 0
iB3P.s 996 9867 0
iB3U.s 996 9867 0
iB4G.s 996 9868 0
iB4M.s 996 9867 0
iB4Z.s 994 9863 0
iB5I.s 995 9868 0
iB5U.s 996 9867 0
iB6C.s 994 9868 0
iB6O.s 994 9868 0
iB6U.s 994 9868 0
iB7G.s 996 9866 0
iB7M.s 993 9867 0
iB7Y.s 995 9865 0
iCAI.s 996 9869 0
iCAU.s 994 9868 0
iCBC.s 996 9869 0
iCBO.s 994 9867 1
iCBU.s 996 9868 0
iCCG.s 992 9865 0
iCCM.s 996 9869 0
iCCY.s 996 9870 0
iCDJ.s 996 9868 0
iCDV.s 996 9870 0
iCEC.s 992 9867 0
iCEO.s 994 9870 0
iCEU.s 990 9868 0
iCFG.s 992 9869 0
iCFM.s 996 9868 0
iCFY.s 996 9866 0
iCGI.s 993 9866 0
iCGU.s 996 9869 0
iCHC.s 996 9869 0
iCHO.s 996 9868 0
iCHU.s 995 9862 0
iCIG.s 991 9872 0
iCIM.s 996 9869 0
iCIY.s 992 9870 0
iCJI.s 996 9868 0
iCJU.s 994 9868 0
iCKC.s 996 9867 0
iCKO.s 995 9870 0
iCKU.s 996 9865 0
iCLH.s 995 9869 0
iCLM.s 994 9869 0
iCLY.s 993 9868 0
iCMI.s 996 9865 0
iCMU.s 996 9870 0
iCNC.s 996 9869 0
iCNO.s 996 9867 0
iCNU.s 996 9870 0
iCOG.s 996 9867 0
iCOM.s 992 9871 0
iCOY.s 996 9869 0
iCPI.s 996 9869 0
iCPU.s 996 9871 0
iCQC.s 996 9870 0
iCQO.s 996 9867 0
iCQU.s 996 9867 0
iCRG.s 994 9872 0
iCRM.s 994 9870 0
iCRY.s 996 9869 0
iCSI.s 996 9868 0
iCSU.s 992 9869 0
iCTC.s 996 9869 0
iCTO.s 996 9869 0
iCTU.s 992 9872 0
iCUG.s 996 9870 0
iCUN.s 996 9870 0
iCUZ.s 994 9868 1
iCVI.s 996 9867 0
iCVU.s 996 9871 0
iCWD.s 996 9870 0
iCWP.s 992 9869 1
iCWU.s 996 9870 0
iCXG.s 992 9867 0
iCXM.s 996 9865 0
iCXY.s 993 9870 0
iCYJ.s 996 9869 0
iCYV.s 996 9870 0
iCZC.s 991 9871 0
iCZO.s 996 9870 0
iC2G.s 996 9871 0
iCZV.s 996 9870 0
iC2M.s 996 9871 0
iC2Y.s 994 9870 0
iC3I.s 996 9869 0
iC3U.s 991 9871 1
iC4C.s 992 9866 0
iC4O.s 995 9867 0
iC4U.s 992 9865 1
iC5G.s 994 9866 0
iC5M.s 996 9866 0
iC5Y.s 991 9872 0
iC6J.s 993 9866 0
iC6V.s 995 9871 0
iC7D.s 995 9865 0
iC7P.s 996 9868 0
iC7U.s 995 9872 0
iDAG.s 994 9867 1
iDAM.s 991 9865 0
iDAY.s 992 9871 0
iDBI.s 995 9870 0
iDBV.s 993 9864 0
iDCC.s 994 9857 0
iDCO.s 996 9871 0
iDCU.s 991 9865 0
iDDG.s 994 9867 0
iDDM.s 994 9866 0
iDDY.s 992 9867 0
iDEI.s 994 9864 0
iDEU.s 992 9867 0
iDFC.s 996 9870 0
iDFO.s 995 9869 0
iDFU.s 996 9869 0
iDGG.s 996 9869 0
iDGM.s 996 9870 0
iDGY.s 996 9870 0
iDHI.s 996 9870 0
iDHU.s 996 9869 0
iDIC.s 996 9869 0
iDIO.s 996 9868 0
iDIU.s 995 9866 0
iDJH.s 995 9872 0
iDJO.s 996 9869 0
iDKB.s 996 9870 0
iDKI.s 996 9871 0
iDKU.s 996 9871 0
iDLD.s 996 9870 0
iDLP.s 995 9869 0
iDLU.s 994 9872 0
iDMG.s 996 9870 0
iDMN.s 996 9870 0
iDMZ.s 996 9870 0
iDNI.s 996 9871 0
iDNU.s 996 9870 0
iDOD.s 996 9869 0
iDOP.s 996 9871 0
iDOU.s 996 9871 0
iDPI.s 996 9871 0
iDPM.s 996 9871 0
iDPY.s 996 9870 0
iDQI.s 996 9871 0
iDQU.s 995 9872 0
iDRC.s 996 9871 0
iDRP.s 996 9871 0
iDRU.s 996 9871 0
iDSG.s 996 9871 0
iDSM.s 996 9871 0
iDSY.s 992 9871 0
iDTJ.s 996 9871 0
iDTV.s 996 9871 0
iDUC.s 996 9871 0
iDUO.s 996 9871 0
iDUU.s 996 9871 0
iDVI.s 996 9871 0
iDVM.s 996 9872 0
iDVY.s 996 9870 0
iDWJ.s 996 9872 0
iDWV.s 995 9872 0
iDXD.s 996 9871 0
iDXQ.s 996 9870 0
iDXU.s 996 9871 0
iDYH.s 996 9872 0
iDYN.s 996 9871 0
iDZA.s 996 9871 0
iDZJ.s 996 9871 0
iDZV.s 996 9871 0
iD2G.s 996 9869 0
iD2T.s 996 9871 0
iD2U.s 996 9872 0
iD3G.s 996 9871 0
iD3M.s 996 9872 0
iD4A.s 996 9872 0
iD4I.s 996 9871 0
iD4U.s 991 9873 0
iD5D.s 996 9872 0
iD5Q.s 996 9872 0
iD5U.s 996 9871 0
iD6H.s 994 9873 0
iD6M.s 992 9871 0
iD6Y.s 996 9872 0
iD7I.s 996 9872 0
iD7U.s 994 9872 0
iEAC.s 996 9872 0
iEAO.s 996 9871 0
iEAU.s 994 9873 0
iEBG.s 996 9872 0
iEBM.s 996 9871 0
iEBY.s 995 9872 0
iECI.s 996 9872 0
iECU.s 996 9870 0
iEDC.s 996 9869 0
iEDO.s 996 9872 0
iEDU.s 996 9871 0
iEEH.s 995 9870 0
iEEM.s 996 9872 0
iEEY.s 995 9872 0
iEFI.s 996 9870 0
iEFU.s 996 9871 0
iEGC.s 995 9872 0
iEGO.s 996 9872 0
iEGU.s 994 9872 0
iEHG.s 995 9872 0
iEHM.s 996 9871 0
iEHY.s 995 9872 0
iEII.s 996 9870 0
iEIU.s 996 9870 0
iEJC.s 992 9871 0
iEJP.s 992 9873 0
iEJU.s 996 9872 0
iEKH.s 996 9871 0
iEKM.s 996 9869 0
iEKY.s 996 9872 0
iELI.s 996 9870 0
iELU.s 996 9869 0
iEMC.s 996 9872 0
iEMO.s 992 9873 0
iEMU.s 996 9870 0
iENG.s 996 9871 0
iENM.s 992 9862 0
iENY.s 996 9872 0
iEOI.s 995 9870 0
iEOU.s 995 9869 0
iEPC.s 991 9872 0
iEPO.s 996 9871 0
iEPU.s 996 9872 0
iEQG.s 992 9872 0
iEQM.s 994 9870 0
iEQY.s 994 9872 0
iERI.s 996 9871 0
iERU.s 992 9871 0
iESC.s 996 9872 0
iESO.s 996 9871 0
iESU.s 990 9868 1
iETG.s 995 9867 0
iETM.s 995 9871 0
iETY.s 992 9873 0
iEUI.s 994 9869 0
iEUU.s 993 9870 0
iEVC.s 994 9870 0
iEVO.s 994 9872 0
iEVU.s 987 9871 1
iEWG.s 996 9872 0
iEWN.s 996 9870 0
iEWZ.s 995 9869 0
iEXI.s 996 9870 0
iEXU.s 996 9868 0
iEYC.s 996 9871 0
iEYO.s 994 9873 0
iEYU.s 996 9871 0
iEZG.s 996 9868 0
iEZ4.s 996 9872 0
iEZU.s 996 9869 0
iE2I.s 996 9871 0
iE2U.s 995 9873 0
iE3C.s 995 9873 0
iE3O.s 992 9869 0
iE3V.s 996 9871 0
iE4J.s 991 9871 0
iE4M.s 992 9866 1
iE4Y.s 992 9872 0
iE5I.s 996 9871 0
iE5U.s 996 9872 0
iE6C.s 996 9871 0
iE6P.s 996 9870 0
iE6U.s 995 9866 0
iE7G.s 993 9866 0
iE7M.s 992 9867 0
iE7Y.s 996 9869 0
iFAI.s 996 9871 0
iFAU.s 993 9872 0
iFBD.s 996 9870 0
iFBQ.s 996 9870 0
iFBU.s 996 9871 0
iFCI.s 996 9868 0
iFCM.s 992 9872 0
iFDA.s 995 9872 0
iFDI.s 994 9871 0
iFDU.s 995 9869 0
iFED.s 995 9869 0
iFEP.s 995 9872 0
iFEU.s 996 9870 0
iFFG.s 991 9871 1
iFFN.s 996 9868 0
iFFZ.s 992 9873 0
iFGI.s 996 9872 0
iFGW.s 992 9871 0
iFHC.s 992 9874 0
iFHO.s 996 9871 0
iFHU.s 996 9870 0
iFIG.s 994 9870 0
iFIM.s 992 9872 0
iFIY.s 991 9870 0
iFJI.s 994 9872 0
iFJU.s 996 9871 0
iFKC.s 996 9870 0
iFKO.s 995 9870 0
iFKU.s 991 9872 0
iFLG.s 996 9871 0
iFLM.s 992 9870 0
iFLZ.s 995 9872 0
iFMI.s 996 9871 0
iFMU.s 996 9871 0
iFNC.s 994 9869 0
iFNO.s 992 9865 0
iFNU.s 996 9870 0
iFOG.s 996 9872 0
iFOM.s 996 9872 0
iFOY.s 995 9866 0
iFPI.s 994 9870 0
iFPU.s 996 9871 0
iFQC.s 995 9871 0
iFQO.s 992 9872 0
iFQU.s 992 9872 0
iFRG.s 994 9869 0
iFRM.s 996 9871 0
iFRY.s 992 9871 0
iFSI.s 996 9870 0
iFSU.s 996 9870 0
iFTC.s 996 9872 0
iFTO.s 995 9871 0
iFTU.s 995 9872 0
iFUG.s 996 9871 0
iFUM.s 992 9873 0
iFUZ.s 996 9871 0
iFVI.s 996 9869 0
iFVU.s 995 9869 0
iFWC.s 996 9872 0
iFWO.s 993 9868 0
iFWU.s 995 9870 0
iFXG.s 996 9871 0
iFXM.s 996 9871 0
iFXY.s 996 9872 0
iFYJ.s 996 9870 0
iFYW.s 996 9865 0
iFZC.s 993 9868 0
iFZO.s 994 9872 0
iF2G.s 992 9869 0
iFZU.s 996 9869 0
iF2M.s 996 9870 0
iF2Y.s 991 9873 0
iF3I.s 995 9872 0
iF3U.s 996 9861 0
iF4C.s 995 9872 0
iF4P.s 994 9872 0
iF4U.s 992 9865 0
iF5G.s 995 9865 0
iF5M.s 994 9871 0
iF5Y.s 996 9870 0
iF6I.s 993 9873 0
iF6U.s 996 9871 0
iF7C.s 994 9872 0
iF7P.s 996 9872 0
iF7U.s 996 9871 0
iGAG.s 996 9872 0
iGAM.s 996 9872 0
iGAZ.s 993 9869 0
