i3.s 992 9854 0
iD.s 993 9850 0
iP.s 988 9858 1
iA3.s 995 9856 0
iAP.s 993 9856 0
iA5.s 987 9852 1
iBJ.s 991 9859 1
iB3.s 994 9845 0
iCB.s 994 9858 0
iC3.s 994 9848 0
iCT.s 985 9860 0
iD3.s 992 9861 1
iDP.s 995 9847 0
iD5.s 995 9854 0
iEJ.s 992 9856 0
iE3.s 994 9857 0
iFB.s 991 9857 0
iF3.s 993 9853 0
iFT.s 992 9856 1
iG3.s 993 9860 0
iGP.s 994 9855 0
iG5.s 994 9857 0
iHJ.s 995 9850 1
iH3.s 994 9861 1
iIB.s 994 9852 0
iI3.s 995 9860 1
iIT.s 994 9851 0
iJ3.s 996 9847 0
iJP.s 995 9852 1
iJ5.s 994 9857 0
iKJ.s 993 9862 1
iK3.s 994 9855 1
iLB.s 995 9857 1
iL3.s 995 9860 0
iLT.s 995 9860 0
iM3.s 994 9856 0
iMP.s 995 9860 0
iM5.s 991 9862 1
iNJ.s 994 9861 0
iN3.s 991 9861 0
iOC.s 995 9857 1
iO3.s 996 9850 0
iOT.s 995 9862 1
iP3.s 996 9846 0
iPP.s 994 9851 0
iP5.s 996 9848 0
iQK.s 996 9850 0
iQ3.s 993 9855 0
iRB.s 996 9845 0
iR3.s 996 9845 0
iRU.s 996 9850 1
iS3.s 993 9850 1
iSP.s 996 9853 0
iS5.s 996 9853 0
iTK.s 996 9856 0
iT3.s 996 9857 0
iUC.s 996 9854 0
iU3.s 996 9854 0
iUT.s 992 9856 0
iV3.s 996 9851 0
iVP.s 996 9855 0
iV5.s 996 9858 0
iWJ.s 996 9854 0
iW3.s 992 9857 0
iXB.s 995 9860 0
iX3.s 996 9858 1
iXT.s 996 9859 0
iY3.s 995 9859 0
iYP.s 996 9860 0
iY5.s 992 9858 0
iZJ.s 996 9856 1
i2B.s 996 9856 0
iZ3.s 996 9855 1
i23.s 996 9857 0
i2T.s 991 9857 0
i33.s 996 9861 0
i3P.s 996 9857 0
i35.s 993 9859 1
i4J.s 992 9858 0
i43.s 995 9861 0
i5C.s 996 9858 0
i53.s 995 9859 0
i5T.s 996 9859 0
i63.s 992 9863 0
i6P.s 996 9860 0
i65.s 996 9860 0
i7J.s 996 9858 0
i73.s 995 9857 0
iAAB.s 991 9860 0
iAA3.s 993 9860 0
iAAU.s 995 9859 0
iAB3.s 996 9860 0
iABP.s 996 9858 0
iAB5.s 996 9862 0
iACJ.s 996 9859 0
iAC3.s 993 9861 0
iADB.s 991 9861 0
iAD3.s 993 9862 0
iADT.s 996 9860 0
iAE3.s 996 9861 0
iAEP.s 996 9860 1
iAE5.s 995 9859 1
iAFJ.s 996 9859 0
iAF3.s 995 9860 0
iAGB.s 994 9858 0
iAG3.s 996 9857 0
iAGT.s 996 9859 0
iAH3.s 994 9859 1
iAHP.s 993 9862 0
iAH5.s 996 9854 0
iAIJ.s 996 9862 0
iAI3.s 994 9858 0
iAJB.s 993 9857 1
iAJ3.s 994 9854 0
iAJT.s 992 9860 0
iAK3.s 996 9858 0
iAKP.s 993 9862 0
iAK5.s 996 9860 0
iALJ.s 995 9861 0
iAL3.s 992 9859 0
iAMB.s 992 9853 0
iAM3.s 992 9854 1
iAMT.s 993 9854 1
iAN3.s 992 9859 0
iANP.s 992 9856 0
iAN5.s 993 9862 0
iAOJ.s 993 9863 0
iAO3.s 993 9861 0
iAPB.s 996 9861 0
iAP3.s 996 9862 0
iAPT.s 995 9864 0
iAQ3.s 996 9861 0
iAQP.s 996 9863 0
iAQ5.s 991 9863 0
iARJ.s 996 9862 0
iAR3.s 992 9862 0
iASB.s 996 9860 0
iAS3.s 996 9861 0
iAST.s 991 9867 0
iAT3.s 990 9864 0
iATP.s 992 9858 1
iAT5.s 996 9861 0
iAUJ.s 995 9866 0
iAU3.s 995 9857 0
iAVB.s 996 9862 0
iAV3.s 996 9863 0
iAVT.s 993 9859 1
iAW3.s 996 9864 0
iAWP.s 993 9857 1
iAW5.s 996 9863 0
iAXK.s 996 9863 0
iAX3.s 992 9864 0
iAYB.s 996 9862 0
iAY3.s 995 9868 0
iAYT.s 996 9862 0
iAZ3.s 996 9863 0
iAZP.s 996 9865 0
iA2B.s 994 9863 0
iA2N.s 996 9864 0
iA23.s 995 9865 1
iA3C.s 991 9859 0
iA33.s 996 9865 0
iA3T.s 993 9862 0
iA43.s 992 9863 1
iA4P.s 991 9862 0
iA45.s 992 9857 0
iA5J.s 993 9862 0
iA53.s 994 9865 0
iA6C.s 995 9861 0
iA63.s 996 9865 0
iA6T.s 996 9860 0
iA73.s 996 9864 0
iA7P.s 995 9860 1
iA75.s 993 9864 0
iBAJ.s 995 9866 0
iBA3.s 994 9867 0
iBBC.s 995 9865 0
iBB3.s 992 9868 0
iBBT.s 996 9864 0
iBC3.s 992 9866 0
iBCP.s 995 9852 0
iBC5.s 995 9864 0
iBDJ.s 994 9860 0
iBD3.s 992 9867 1
iBEB.s 992 9855 0
iBE3.s 996 9864 0
iBEU.s 995 9865 0
iBF3.s 995 9864 0
iBFP.s 996 9865 0
iBF5.s 995 9867 0
iBGJ.s 996 9863 0
iBG3.s 994 9866 0
iBHB.s 994 9859 0
iBH3.s 996 9864 0
iBHT.s 992 9868 0
iBI3.s 995 9867 0
iBIP.s 991 9864 0
iBI5.s 991 9868 0
iBJJ.s 996 9864 0
iBJ3.s 994 9866 0
iBKB.s 991 9868 0
iBK3.s 993 9865 0
iBKT.s 995 9867 0
iBL3.s 996 9865 0
iBLP.s 996 9866 0
iBL5.s 996 9865 0
iBMK.s 991 9867 1
iBM4.s 996 9865 0
iBNC.s 996 9864 0
iBN4.s 996 9866 0
iBNU.s 996 9866 0
iBO3.s 996 9866 0
iBOP.s 993 9867 0
iBO5.s 996 9868 0
iBPJ.s 996 9863 0
iBP3.s 992 9862 1
iBQC.s 996 9867 0
iBQ3.s 996 9867 0
iBQT.s 996 9867 0
iBR3.s 996 9864 0
iBRP.s 996 9867 0
iBR5.s 996 9865 0
iBSJ.s 995 9866 0
iBS3.s 996 9866 0
iBTB.s 996 9868 0
iBT3.s 996 9868 0
iBTT.s 994 9869 0
iBU3.s 995 9868 1
iBUP.s 995 9867 0
iBU5.s 996 9868 0
iBVK.s 995 9865 0
iBV3.s 996 9868 0
iBWB.s 995 9868 0
iBW3.s 996 9867 0
iBWT.s 996 9868 0
iBXF.s 996 9868 0
iBXR.s 992 9870 0
iBX5.s 996 9868 0
iBYJ.s 996 9865 0
iBY3.s 996 9867 0
iBZB.s 992 9868 1
iB2B.s 996 9868 0
iBZP.s 996 9867 0
iB23.s 996 9869 0
iB2P.s 996 9867 0
iB25.s 996 9869 0
iB3K.s 995 9864 0
iB33.s 996 9867 0
iB4B.s 992 9863 0
iB43.s 996 9867 0
iB4U.s 996 9867 0
iB53.s 994 9868 0
iB5P.s 996 9869 0
iB55.s 991 9869 0
iB6J.s 996 9867 0
iB63.s 996 9868 0
iB7B.s 996 9869 0
iB73.s 996 9867 0
iB7T.s 996 9868 0
iCA3.s 996 9869 0
iCAP.s 993 9866 0
iCA5.s 996 9864 0
iCBJ.s 996 9869 0
iCB3.s 993 9868 0
iCCB.s 994 9868 0
iCC3.s 992 9869 0
iCCT.s 996 9869 0
iCD3.s 996 9867 0
iCDQ.s 991 9868 0
iCD5.s 996 9868 0
iCEJ.s 991 9869 0
iCE3.s 994 9867 0
iCFB.s 991 9867 0
iCF3.s 996 9869 0
iCFT.s 996 9869 0
iCG3.s 996 9868 0
iCGP.s 996 9867 0
iCG5.s 996 9869 0
iCHJ.s 996 9868 0
iCH3.s 994 9869 0
iCIB.s 995 9868 0
iCI3.s 995 9867 0
iCIT.s 995 9869 0
iCJ3.s 996 9870 0
iCJP.s 996 9869 0
iCJ5.s 996 9867 0
iCKJ.s 992 9866 0
iCK3.s 996 9868 0
iCLB.s 996 9866 0
iCL3.s 994 9871 0
iCLT.s 996 9869 0
iCM3.s 996 9869 0
iCMP.s 992 9869 1
iCM5.s 996 9868 0
iCNJ.s 996 9869 0
iCN3.s 995 9872 0
iCOB.s 992 9871 0
iCO3.s 991 9868 0
iCOT.s 991 9868 0
iCP3.s 996 9869 0
iCPP.s 992 9867 0
iCP5.s 996 9869 0
iCQJ.s 996 9865 0
iCQ3.s 992 9868 0
iCRB.s 996 9870 0
iCR3.s 996 9865 0
iCRT.s 996 9867 0
iCS3.s 992 9867 1
iCSP.s 996 9870 0
iCS5.s 993 9871 0
iCTJ.s 996 9870 0
iCT3.s 996 9871 0
iCUB.s 996 9871 0
iCU3.s 996 9868 0
iCUU.s 996 9869 0
iCV3.s 993 9871 0
iCVP.s 996 9870 0
iCV5.s 996 9870 0
iCWK.s 994 9867 0
iCW3.s 995 9869 0
iCXB.s 994 9866 0
iCX3.s 996 9870 0
iCXT.s 993 9872 0
iCYE.s 996 9868 0
iCYQ.s 992 9871 0
iCY5.s 991 9871 0
iCZJ.s 996 9869 0
iC2B.s 996 9869 0
iCZ4.s 993 9872 0
iC23.s 996 9866 0
iC2T.s 992 9872 0
iC33.s 993 9867 0
iC3P.s 991 9868 0
iC35.s 995 9868 0
iC4J.s 995 9870 0
iC43.s 981 9869 0
iC5B.s 996 9870 0
iC53.s 994 9863 1
iC5T.s 992 9870 0
iC6E.s 996 9869 0
iC6Q.s 996 9871 0
iC65.s 996 9868 0
iC7K.s 996 9871 0
iC73.s 996 9870 0
iDAB.s 994 9870 0
iDA3.s 994 9869 0
iDAT.s 996 9869 0
iDB3.s 992 9862 0
iDBQ.s 996 9869 0
iDB5.s 993 9863 0
iDCJ.s 991 9866 1
iDC3.s 995 9871 0
iDDB.s 992 9866 0
iDD3.s 994 9865 1
iDDT.s 996 9869 0
iDE3.s 993 9869 0
iDEP.s 996 9868 0
iDE5.s 996 9868 0
iDFJ.s 995 9872 0
iDF3.s 985 9871 0
iDGB.s 994 9865 0
iDG3.s 995 9870 0
iDGT.s 996 9868 0
iDH3.s 995 9868 0
iDHP.s 992 9868 0
iDH5.s 991 9868 1
iDIJ.s 996 9870 0
iDI3.s 996 9869 0
iDJB.s 996 9869 0
iDJ3.s 996 9871 0
iDJW.s 996 9869 0
iDK3.s 996 9870 0
iDKP.s 996 9869 0
iDK5.s 995 9872 0
iDLK.s 996 9869 0
iDL3.s 994 9871 0
iDMB.s 991 9872 0
iDM3.s 996 9870 0
iDMU.s 996 9869 0
iDN3.s 996 9871 0
iDNP.s 996 9870 0
iDN6.s 996 9869 0
iDOK.s 996 9870 0
iDO3.s 996 9870 0
iDPC.s 996 9871 0
iDP3.s 996 9871 0
iDPT.s 996 9871 0
iDQ3.s 996 9870 0
iDQP.s 996 9871 0
iDQ5.s 996 9868 0
iDRJ.s 996 9871 0
iDR3.s 996 9870 0
iDSB.s 996 9870 0
iDS3.s 996 9871 0
iDST.s 996 9871 0
iDT3.s 996 9870 0
iDTQ.s 996 9871 0
iDT5.s 996 9870 0
iDUJ.s 996 9870 0
iDU3.s 992 9872 0
iDVD.s 996 9871 0
iDV3.s 996 9871 0
iDVT.s 996 9870 0
iDWE.s 996 9870 0
iDWQ.s 996 9871 0
iDW5.s 996 9870 0
iDXK.s 996 9871 0
iDX3.s 996 9870 0
iDYB.s 996 9869 0
iDY4.s 996 9870 0
iDYU.s 996 9871 0
iDZE.s 996 9870 0
iDZQ.s 996 9871 0
iD2B.s 996 9871 0
iD2N.s 996 9870 0
iD23.s 996 9871 0
iD3B.s 996 9870 0
iD33.s 996 9871 0
iD3U.s 996 9872 0
iD43.s 996 9872 0
iD4P.s 996 9871 0
iD46.s 996 9870 0
iD5L.s 996 9872 0
iD53.s 993 9873 0
iD6C.s 996 9871 0
iD63.s 996 9870 0
iD6T.s 996 9871 0
iD73.s 991 9872 0
iD7P.s 996 9872 0
iD75.s 996 9872 0
iEAJ.s 996 9871 0
iEA3.s 996 9872 0
iEBB.s 995 9871 0
iEB3.s 996 9872 0
iEBT.s 996 9872 0
iEC3.s 996 9871 0
iECP.s 996 9872 0
iEC5.s 996 9872 0
iEDJ.s 992 9872 0
iED3.s 996 9872 0
iEEB.s 996 9871 0
iEE3.s 996 9872 0
iEET.s 996 9870 0
iEF3.s 996 9871 0
iEFP.s 996 9871 0
iEF5.s 992 9872 0
iEGJ.s 996 9871 0
iEG3.s 995 9870 0
iEHB.s 996 9870 0
iEH3.s 992 9869 0
iEHT.s 992 9875 0
iEI3.s 995 9870 0
iEIP.s 996 9867 0
iEI5.s 996 9872 0
iEJJ.s 996 9871 0
iEJ3.s 992 9870 0
iEKB.s 995 9869 0
iEK3.s 996 9872 0
iEKT.s 996 9872 0
iEL3.s 995 9869 0
iELP.s 991 9869 0
iEL5.s 996 9871 0
iEMJ.s 996 9872 0
iEM3.s 993 9865 0
iENB.s 992 9861 0
iEN3.s 992 9872 0
iENT.s 994 9869 0
iEO3.s 992 9873 0
iEOP.s 996 9870 0
iEO5.s 995 9870 0
iEPJ.s 996 9872 0
iEP3.s 996 9871 0
iEQB.s 996 9870 0
iEQ3.s 996 9871 0
iEQT.s 996 9872 0
iER3.s 994 9870 0
iERP.s 995 9872 0
iER5.s 991 9869 0
iESJ.s 996 9871 0
iES3.s 996 9872 0
iETB.s 992 9869 0
iET3.s 996 9868 0
iETT.s 995 9869 0
iEU3.s 996 9869 0
iEUP.s 996 9862 0
iEU5.s 995 9866 0
iEVJ.s 996 9872 0
iEV3.s 996 9868 0
iEWB.s 996 9870 0
iEW4.s 993 9861 1
iEWU.s 992 9874 0
iEX3.s 995 9864 0
iEXP.s 996 9872 0
iEX5.s 996 9872 0
iEYJ.s 996 9872 0
iEY3.s 996 9872 0
iEZB.s 996 9870 0
iE2B.s 995 9872 0
iEZP.s 996 9871 0
iE23.s 996 9871 0
iE2P.s 996 9871 0
iE25.s 992 9874 0
iE3J.s 989 9870 0
iE33.s 996 9872 0
iE4C.s 995 9873 0
iE43.s 994 9872 0
iE4T.s 996 9872 0
iE53.s 996 9871 0
iE5P.s 991 9870 0
iE55.s 994 9873 0
iE6J.s 995 9872 0
iE63.s 996 9870 0
iE7B.s 995 9872 0
iE73.s 996 9871 0
iE7T.s 996 9871 0
iFA3.s 996 9869 0
iFAP.s 996 9869 0
iFA6.s 991 9872 1
iFBK.s 996 9871 0
iFB3.s 993 9873 0
iFCB.s 996 9871 0
iFC3.s 996 9871 0
iFCV.s 996 9870 0
iFD3.s 991 9872 0
iFDP.s 996 9870 0
iFD5.s 994 9872 0
iFEK.s 996 9869 0
iFE3.s 996 9872 0
iFFB.s 992 9871 0
iFF4.s 996 9872 0
iFFU.s 996 9871 0
iFG3.s 996 9872 0
iFGP.s 992 9872 0
iFG5.s 996 9870 0
iFHJ.s 994 9873 0
iFH3.s 995 9870 0
iFIB.s 995 9871 0
iFI3.s 996 9870 0
iFIT.s 994 9870 0
iFJ3.s 991 9870 0
iFJP.s 996 9865 0
iFJ5.s 996 9872 0
iFKJ.s 996 9869 0
iFK3.s 996 9871 0
iFLB.s 995 9873 0
iFL3.s 995 9873 0
iFLT.s 994 9867 0
iFM3.s 992 9872 0
iFMP.s 996 9870 0
iFM5.s 995 9870 0
iFNJ.s 996 9871 0
iFN3.s 996 9871 0
iFOB.s 992 9868 0
iFO3.s 996 9871 0
iFOT.s 995 9868 0
iFP3.s 990 9868 0
iFPP.s 993 9867 0
iFP5.s 996 9866 0
iFQJ.s 996 9871 0
iFQ3.s 996 9870 0
iFRB.s 992 9871 0
iFR3.s 996 9870 0
iFRT.s 996 9868 0
iFS3.s 996 9870 0
iFSP.s 995 9871 0
iFS5.s 992 9871 0
iFTJ.s 996 9870 0
iFT3.s 995 9871 0
iFUB.s 996 9871 0
iFU3.s 996 9867 0
iFUU.s 996 9869 0
iFV3.s 996 9872 0
iFVP.s 994 9870 0
iFV5.s 995 9868 0
iFWJ.s 996 9872 0
iFW3.s 994 9866 0
iFXB.s 996 9871 0
iFX3.s 996 9871 0
iFXT.s 996 9872 0
iFY3.s 996 9872 0
iFYR.s 993 9870 0
iFY5.s 992 9872 0
iFZJ.s 994 9871 0
iF2B.s 994 9874 0
iFZ3.s 996 9871 0
iF23.s 995 9873 0
iF2T.s 996 9871 0
iF33.s 995 9870 0
iF3P.s 996 9872 0
iF35.s 993 9870 0
iF4K.s 995 9873 0
iF43.s 992 9872 0
iF5B.s 995 9872 0
iF53.s 995 9871 0
iF5T.s 995 9871 0
iF63.s 994 9869 0
iF6P.s 994 9873 0
iF65.s 994 9873 0
iF7K.s 996 9870 0
iF73.s 996 9866 0
iGAB.s 995 9872 0
iGA3.s 996 9872 0
iGAU.s 995 9871 0
