iAD.s 992 9857 0
iM.s 994 9859 0
iY.s 994 9861 1
iAM.s 990 9858 1
iAY.s 993 9860 1
iBG.s 993 9854 0
iBS.s 993 9856 1
iBY.s 993 9858 0
iCK.s 994 9855 0
iCQ.s 995 9848 0
iDC.s 992 9854 1
iDM.s 992 9862 0
iDY.s 994 9850 0
iEG.s 995 9849 0
iES.s 993 9850 0
iEY.s 992 9859 0
iFK.s 993 9860 0
iFQ.s 994 9860 0
iGC.s 993 9859 0
iGM.s 994 9851 1
iGY.s 990 9853 0
iHG.s 995 9853 0
iHS.s 995 9861 0
iHY.s 993 9852 0
iIK.s 993 9848 0
iIQ.s 995 9861 0
iJC.s 993 9849 0
iJM.s 994 9855 0
iJY.s 992 9858 1
iKG.s 994 9849 0
iKS.s 995 9855 0
iKY.s 995 9855 0
iLK.s 995 9857 0
iLQ.s 993 9858 1
iMC.s 991 9855 0
iMM.s 995 9856 0
iMZ.s 995 9861 0
iNG.s 995 9861 0
iNS.s 995 9859 1
iNZ.s 996 9850 1
iOL.s 995 9860 0
iOQ.s 993 9856 0
iPC.s 995 9847 0
iPM.s 991 9861 0
iPY.s 994 9850 0
iQH.s 995 9861 1
iQT.s 995 9860 1
iQY.s 994 9846 0
iRK.s 995 9860 1
iRR.s 994 9850 0
iSD.s 996 9851 1
iSM.s 996 9848 0
iSY.s 996 9853 0
iTH.s 996 9850 1
iTT.s 992 9855 0
iTY.s 995 9852 0
iUL.s 995 9855 1
iUQ.s 996 9856 1
iVC.s 996 9856 0
iVM.s 993 9858 0
iVY.s 995 9858 0
iWG.s 996 9859 0
iWS.s 996 9853 0
iWY.s 996 9854 0
iXK.s 996 9855 0
iXQ.s 995 9856 1
iYC.s 995 9858 0
iYM.s 996 9856 1
iYY.s 996 9857 0
iZG.s 995 9857 1
iZS.s 995 9858 0
i2K.s 995 9853 0
iZY.s 996 9857 0
i2Q.s 993 9857 1
i3C.s 992 9857 0
i3M.s 996 9857 1
i3Y.s 996 9857 0
i4G.s 996 9858 0
i4S.s 993 9858 0
i4Y.s 992 9861 0
i5L.s 995 9860 0
i5Q.s 993 9858 1
i6D.s 996 9858 0
i6M.s 996 9858 0
i6Y.s 996 9856 1
i7G.s 996 9859 1
i7S.s 994 9857 0
i7Y.s 994 9857 0
iAAL.s 992 9857 0
iAAQ.s 994 9860 0
iABD.s 996 9862 0
iABM.s 996 9860 1
iABY.s 996 9860 0
iACG.s 996 9860 0
iACS.s 992 9861 0
iACY.s 996 9860 0
iADK.s 996 9860 0
iADQ.s 996 9862 0
iAEC.s 994 9860 0
iAEM.s 996 9862 0
iAEY.s 993 9853 1
iAFG.s 996 9861 0
iAFS.s 995 9861 0
iAFY.s 994 9861 1
iAGK.s 992 9861 1
iAGQ.s 995 9863 0
iAHD.s 993 9864 0
iAHM.s 996 9863 0
iAHY.s 995 9861 0
iAIG.s 992 9859 0
iAIS.s 992 9863 1
iAIY.s 993 9862 1
iAJK.s 994 9866 0
iAJQ.s 992 9861 0
iAKC.s 993 9862 0
iAKM.s 991 9866 1
iAKZ.s 994 9861 0
iALG.s 996 9861 0
iALS.s 991 9858 0
iALY.s 996 9856 0
iAMK.s 992 9859 0
iAMQ.s 996 9863 0
iANC.s 992 9858 0
iANM.s 985 9861 0
iANY.s 996 9857 0
iAOG.s 992 9867 0
iAOS.s 992 9863 0
iAOY.s 992 9863 0
iAPK.s 996 9860 0
iAPQ.s 996 9862 0
iAQC.s 996 9863 0
iAQM.s 995 9858 0
iAQY.s 996 9861 0
iARG.s 996 9862 0
iART.s 995 9863 0
iARY.s 991 9865 0
iASK.s 994 9858 0
iASQ.s 996 9860 0
iATC.s 996 9859 0
iATM.s 996 9861 0
iATY.s 994 9856 0
iAUG.s 994 9862 0
iAUS.s 996 9863 1
iAUY.s 994 9865 0
iAVK.s 993 9862 0
iAVQ.s 993 9861 0
iAWC.s 996 9863 0
iAWM.s 996 9860 1
iAWY.s 992 9860 0
iAXG.s 992 9864 0
iAXT.s 993 9864 0
iAXY.s 995 9862 0
iAYK.s 992 9867 1
iAYQ.s 995 9860 0
iAZC.s 991 9858 1
iAZM.s 996 9863 0
iAZY.s 992 9863 0
iA2K.s 993 9863 1
iAZ6.s 995 9864 1
iA2Y.s 996 9862 0
iA3L.s 996 9862 0
iA3Q.s 996 9865 0
iA4C.s 996 9865 0
iA4M.s 994 9865 0
iA4Y.s 994 9864 0
iA5G.s 993 9865 0
iA5S.s 996 9864 0
iA5Z.s 996 9863 0
iA6L.s 994 9865 0
iA6Q.s 993 9866 0
iA7C.s 996 9864 0
iA7M.s 993 9866 0
iA7Y.s 996 9863 0
iBAG.s 992 9861 0
iBAS.s 991 9869 1
iBAZ.s 996 9865 0
iBBL.s 994 9866 0
iBBQ.s 996 9866 0
iBCC.s 992 9864 0
iBCM.s 996 9864 0
iBCY.s 995 9864 1
iBDG.s 994 9857 0
iBDS.s 996 9861 0
iBDY.s 996 9862 0
iBEK.s 994 9860 0
iBER.s 996 9865 0
iBFD.s 996 9863 0
iBFM.s 994 9864 0
iBFZ.s 996 9865 0
iBGG.s 992 9863 0
iBGS.s 996 9864 0
iBGY.s 992 9867 0
iBHK.s 995 9861 1
iBHQ.s 995 9867 1
iBIC.s 996 9866 0
iBIM.s 996 9865 0
iBIY.s 996 9865 1
iBJG.s 995 9866 0
iBJS.s 995 9863 0
iBJY.s 994 9866 0
iBKK.s 996 9865 0
iBKQ.s 996 9865 0
iBLC.s 996 9866 0
iBLM.s 996 9867 0
iBLY.s 996 9866 0
iBMH.s 996 9866 0
iBMT.s 996 9868 0
iBMZ.s 994 9865 0
iBNL.s 996 9865 0
iBNR.s 993 9867 0
iBOD.s 996 9866 0
iBOM.s 996 9866 0
iBOY.s 996 9866 0
iBPG.s 996 9865 0
iBPT.s 996 9866 0
iBPZ.s 996 9867 0
iBQL.s 994 9867 0
iBQQ.s 995 9866 0
iBRC.s 996 9867 0
iBRM.s 994 9868 0
iBRY.s 996 9868 0
iBSG.s 995 9868 0
iBSS.s 996 9867 0
iBSY.s 996 9868 0
iBTK.s 994 9869 0
iBTQ.s 996 9866 0
iBUC.s 996 9866 0
iBUM.s 996 9867 0
iBUY.s 996 9866 0
iBVH.s 992 9867 0
iBVT.s 996 9867 0
iBVY.s 996 9867 0
iBWK.s 993 9868 0
iBWQ.s 996 9868 0
iBXC.s 996 9867 0
iBXO.s 993 9869 0
iBYG.s 996 9867 0
iBYS.s 994 9866 0
iBYY.s 996 9868 0
iBZK.s 993 9865 0
iBZM.s 996 9864 0
iBZY.s 996 9867 0
iB2M.s 992 9868 1
iB2Y.s 996 9868 0
iB3H.s 992 9866 0
iB3T.s 996 9862 0
iB3Y.s 991 9869 0
iB4K.s 996 9867 0
iB4Q.s 996 9869 0
iB5D.s 992 9869 0
iB5M.s 993 9870 0
iB5Y.s 996 9868 0
iB6G.s 996 9868 0
iB6S.s 995 9867 0
iB6Y.s 993 9868 0
iB7K.s 994 9864 0
iB7Q.s 993 9868 0
iCAC.s 995 9869 0
iCAM.s 992 9868 0
iCAY.s 996 9868 0
iCBG.s 995 9864 1
iCBS.s 993 9869 0
iCBY.s 996 9867 0
iCCK.s 996 9867 0
iCCQ.s 995 9868 0
iCDC.s 992 9870 0
iCDN.s 996 9870 0
iCDZ.s 996 9868 0
iCEG.s 996 9867 0
iCES.s 996 9868 0
iCEY.s 996 9863 0
iCFK.s 992 9869 0
iCFQ.s 993 9866 0
iCGC.s 996 9867 0
iCGM.s 996 9870 0
iCGY.s 992 9869 0
iCHG.s 991 9870 0
iCHT.s 996 9865 0
iCHY.s 992 9869 0
iCIK.s 991 9870 0
iCIQ.s 992 9871 0
iCJC.s 995 9867 0
iCJM.s 992 9869 0
iCJY.s 996 9868 0
iCKG.s 996 9870 0
iCKS.s 996 9867 0
iCKY.s 991 9863 0
iCLL.s 995 9869 0
iCLQ.s 996 9868 0
iCMC.s 996 9867 0
iCMM.s 996 9869 0
iCMY.s 995 9872 0
iCNG.s 992 9870 0
iCNS.s 992 9866 1
iCNY.s 996 9869 0
iCOK.s 993 9867 0
iCOQ.s 996 9868 0
iCPC.s 992 9867 0
iCPM.s 996 9869 0
iCPY.s 994 9867 0
iCQG.s 996 9869 0
iCQS.s 996 9869 0
iCQY.s 996 9869 0
iCRK.s 996 9869 0
iCRQ.s 992 9869 0
iCSC.s 994 9867 0
iCSM.s 992 9866 0
iCSY.s 996 9868 0
iCTG.s 996 9870 0
iCTT.s 994 9868 0
iCTY.s 996 9870 0
iCUK.s 996 9870 0
iCUR.s 992 9872 0
iCVD.s 994 9871 0
iCVM.s 993 9870 0
iCVY.s 995 9871 0
iCWH.s 993 9867 0
iCWT.s 996 9871 0
iCWY.s 994 9868 0
iCXL.s 992 9869 0
iCXQ.s 994 9869 0
iCYC.s 992 9873 0
iCYN.s 992 9872 0
iCYZ.s 991 9873 0
iCZG.s 992 9869 0
iCZS.s 992 9871 0
iC2L.s 996 9870 0
iCZZ.s 993 9871 0
iC2Q.s 996 9867 0
iC3C.s 992 9869 1
iC3M.s 996 9871 0
iC3Y.s 992 9871 0
iC4G.s 995 9869 0
iC4S.s 993 9868 0
iC4Y.s 995 9868 0
iC5K.s 992 9870 0
iC5Q.s 991 9858 0
iC6C.s 995 9871 0
iC6N.s 995 9868 0
iC6Z.s 996 9866 0
iC7H.s 995 9864 1
iC7T.s 995 9865 0
iC7Y.s 996 9866 0
iDAK.s 996 9871 0
iDAQ.s 996 9872 0
iDBC.s 994 9861 0
iDBN.s 995 9866 0
iDBZ.s 994 9857 0
iDCG.s 996 9867 0
iDCS.s 996 9870 0
iDCY.s 992 9865 0
iDDK.s 992 9871 0
iDDQ.s 996 9870 0
iDEC.s 994 9864 0
iDEM.s 994 9871 0
iDEY.s 993 9868 0
iDFG.s 996 9870 0
iDFS.s 995 9869 0
iDFY.s 996 9867 0
iDGK.s 996 9870 0
iDGQ.s 996 9869 0
iDHC.s 996 9870 0
iDHM.s 993 9869 0
iDHY.s 995 9869 0
iDIG.s 996 9871 0
iDIS.s 991 9866 0
iDIY.s 996 9868 0
iDJL.s 992 9871 0
iDJS.s 995 9872 0
iDKM.s 996 9870 0
iDKY.s 996 9870 0
iDLH.s 996 9869 0
iDLT.s 995 9870 0
iDLY.s 996 9870 0
iDMK.s 996 9871 0
iDMR.s 995 9869 0
iDND.s 996 9869 0
iDNM.s 996 9870 0
iDNY.s 996 9869 0
iDOH.s 996 9870 0
iDOT.s 996 9870 0
iDOY.s 995 9872 0
iDPQ.s 996 9871 0
iDQC.s 996 9871 0
iDQM.s 996 9871 0
iDQY.s 992 9872 0
iDRG.s 996 9871 0
iDRT.s 996 9871 0
iDRY.s 996 9871 0
iDSL.s 996 9871 0
iDSQ.s 996 9870 0
iDTC.s 996 9870 0
iDTN.s 995 9870 0
iDTZ.s 996 9871 0
iDUG.s 996 9871 0
iDUS.s 996 9871 0
iDUZ.s 996 9871 0
iDVQ.s 996 9871 0
iDWC.s 996 9871 0
iDWN.s 996 9871 0
iDWZ.s 995 9872 0
iDXH.s 996 9871 0
iDXY.s 996 9870 0
iDYR.s 996 9871 0
iDZN.s 996 9872 0
iDZZ.s 994 9872 0
iD2K.s 996 9872 0
iD2Y.s 996 9870 0
iD3K.s 995 9872 0
iD3R.s 996 9870 0
iD4M.s 996 9872 0
iD4Y.s 996 9871 0
iD5H.s 996 9872 0
iD5Y.s 996 9871 0
iD6L.s 996 9872 0
iD6Q.s 996 9872 0
iD7C.s 996 9872 0
iD7M.s 992 9872 0
iD7Y.s 996 9872 0
iEAG.s 996 9871 0
iEAS.s 996 9872 0
iEAY.s 996 9870 0
iEBK.s 996 9871 0
iEBQ.s 995 9873 0
iECC.s 995 9872 0
iECM.s 996 9872 0
iECY.s 996 9870 0
iEDG.s 996 9871 0
iEDS.s 992 9872 0
iEDY.s 996 9872 0
iEEL.s 996 9869 0
iEEQ.s 994 9873 0
iEFC.s 996 9870 0
iEFM.s 996 9871 0
iEFY.s 994 9872 0
iEGG.s 992 9870 0
iEGS.s 996 9872 0
iEGY.s 996 9871 0
iEHK.s 995 9866 0
iEHQ.s 994 9872 0
iEIC.s 992 9872 0
iEIM.s 995 9872 0
iEIY.s 993 9871 0
iEJG.s 994 9871 0
iEJT.s 995 9870 0
iEJY.s 996 9871 0
iEKL.s 995 9872 0
iEKQ.s 996 9870 0
iELC.s 995 9872 0
iELM.s 993 9870 0
iELY.s 996 9871 0
iEMG.s 995 9864 0
iEMS.s 996 9870 0
iEMY.s 985 9871 0
iENK.s 994 9872 0
iENQ.s 995 9873 0
iEOC.s 994 9874 0
iEOM.s 996 9871 0
iEOY.s 996 9872 0
iEPG.s 996 9871 0
iEPS.s 996 9869 0
iEPY.s 991 9871 0
iEQK.s 996 9867 0
iEQQ.s 996 9869 0
iERC.s 992 9873 0
iERM.s 996 9871 0
iERZ.s 993 9872 0
iESG.s 996 9872 0
iESS.s 996 9868 0
iESY.s 995 9869 0
iETK.s 993 9872 0
iETQ.s 994 9873 0
iEUC.s 996 9871 0
iEUM.s 992 9872 0
iEUY.s 996 9869 0
iEVG.s 994 9867 0
iEVS.s 994 9860 0
iEVY.s 992 9873 0
iEWK.s 996 9872 0
iEWR.s 996 9868 0
iEXD.s 992 9868 1
iEXM.s 992 9872 0
iEXY.s 992 9867 0
iEYG.s 996 9871 0
iEYS.s 991 9869 0
iEYY.s 996 9871 0
iEZK.s 994 9873 0
iEZM.s 996 9868 0
iEZY.s 995 9869 0
iE2M.s 996 9871 0
iE2Y.s 996 9869 0
iE3G.s 996 9870 0
iE3S.s 995 9871 0
iE3Z.s 996 9872 0
iE4Q.s 996 9872 0
iE5C.s 996 9869 0
iE5M.s 992 9871 0
iE5Y.s 995 9873 0
iE6G.s 996 9871 0
iE6T.s 996 9871 0
iE6Y.s 996 9871 0
iE7K.s 996 9872 0
iE7Q.s 996 9871 0
iFAC.s 996 9872 0
iFAM.s 996 9868 0
iFAY.s 996 9870 0
iFBH.s 996 9871 0
iFBY.s 996 9872 0
iFCS.s 996 9871 0
iFDM.s 995 9868 0
iFDY.s 996 9871 0
iFEH.s 996 9871 0
iFET.s 996 9871 0
iFEY.s 995 9871 0
iFFK.s 996 9871 0
iFFR.s 996 9870 0
iFGD.s 996 9872 0
iFGM.s 995 9871 0
iFHG.s 996 9872 0
iFHS.s 992 9868 0
iFHY.s 992 9871 0
iFIK.s 996 9872 0
iFIQ.s 992 9871 0
iFJC.s 993 9872 0
iFJM.s 992 9867 0
iFJY.s 996 9871 0
iFKG.s 991 9870 0
iFKS.s 996 9872 0
iFKY.s 994 9871 0
iFLK.s 996 9871 0
iFLQ.s 996 9871 0
iFMD.s 992 9865 0
iFMM.s 991 9869 1
iFMY.s 996 9869 0
iFNG.s 996 9872 0
iFNS.s 996 9870 0
iFNY.s 994 9872 0
iFOK.s 994 9866 0
iFOQ.s 996 9868 0
iFPC.s 995 9861 0
iFPM.s 996 9869 0
iFPY.s 996 9871 0
iFQG.s 994 9874 0
iFQS.s 992 9867 0
iFQY.s 995 9867 0
iFRK.s 992 9868 0
iFRQ.s 996 9871 0
iFSC.s 995 9872 0
iFSM.s 992 9869 0
iFSY.s 995 9873 0
iFTG.s 996 9870 0
iFTS.s 996 9871 0
iFTY.s 996 9872 0
iFUK.s 992 9862 0
iFUQ.s 996 9869 0
iFVD.s 995 9871 0
iFVM.s 993 9869 0
iFVY.s 996 9871 0
iFWG.s 995 9872 0
iFWS.s 996 9872 0
iFWY.s 996 9869 0
iFXK.s 993 9871 0
iFXQ.s 996 9872 0
iFYC.s 995 9873 0
iFYN.s 996 9871 0
iFZG.s 996 9870 0
iFZS.s 996 9872 0
iF2K.s 996 9866 0
iFZY.s 996 9872 0
iF2Q.s 996 9871 0
iF3C.s 996 9872 0
iF3M.s 996 9871 0
iF3Y.s 992 9872 0
iF4H.s 992 9873 0
iF4T.s 994 9866 0
iF4Y.s 992 9872 0
iF5K.s 992 9867 0
iF5Q.s 995 9869 0
iF6C.s 992 9872 0
iF6M.s 996 9871 0
iF6Y.s 996 9872 0
iF7G.s 996 9871 0
iF7T.s 996 9870 0
iF7Y.s 996 9871 0
iGAK.s 992 9868 0
iGAQ.s 996 9872 0
iGBD.s 993 9870 0
