i6.s 989 9863 0
iG.s 991 9866 1
iS.s 993 9857 1
iAG.s 994 9847 0
iAS.s 993 9856 1
iBA.s 993 9853 1
iBM.s 995 9850 0
iB6.s 994 9855 0
iCE.s 994 9857 0
iC6.s 993 9864 0
iCW.s 994 9854 0
iDG.s 991 9857 1
iDS.s 994 9861 1
iEA.s 993 9853 0
iEM.s 994 9856 0
iE6.s 992 9854 0
iFE.s 992 9866 0
iF6.s 993 9859 1
iFW.s 992 9858 1
iGG.s 995 9851 0
iGS.s 995 9853 0
iHA.s 995 9852 0
iHM.s 993 9854 1
iH6.s 991 9850 0
iIE.s 990 9861 0
iI6.s 991 9858 0
iIW.s 995 9857 0
iJG.s 994 9855 1
iJS.s 995 9849 1
iKA.s 994 9852 0
iKM.s 991 9855 0
iK6.s 995 9860 0
iLE.s 995 9856 1
iL6.s 994 9859 0
iLW.s 995 9854 1
iMG.s 996 9847 0
iMS.s 995 9856 0
iNA.s 995 9861 1
iNM.s 995 9860 0
iN7.s 994 9853 0
iOF.s 995 9858 1
iO6.s 995 9861 0
iOW.s 992 9855 0
iPG.s 992 9861 0
iPS.s 995 9862 0
iQA.s 995 9860 0
iQN.s 995 9862 0
iQ6.s 996 9850 0
iRE.s 995 9851 1
iR6.s 995 9849 0
iRX.s 996 9850 0
iSG.s 996 9846 0
iSS.s 996 9853 0
iTA.s 996 9848 0
iTN.s 996 9854 0
iT6.s 996 9852 1
iUF.s 996 9852 0
iU6.s 996 9852 0
iUW.s 995 9855 0
iVG.s 996 9855 0
iVS.s 996 9855 1
iWA.s 995 9856 0
iWM.s 990 9860 0
iW6.s 993 9856 0
iXE.s 996 9856 1
iX6.s 996 9856 1
iXW.s 996 9856 1
iYG.s 996 9858 1
iYS.s 996 9856 1
iZA.s 996 9858 1
iZM.s 996 9856 0
i2E.s 995 9856 0
iZ6.s 993 9857 0
i26.s 996 9856 1
i2W.s 995 9860 1
i3G.s 996 9858 0
i3S.s 995 9857 0
i4A.s 996 9856 1
i4M.s 996 9857 0
i46.s 992 9858 0
i5F.s 995 9859 1
i56.s 995 9861 0
i5X.s 996 9854 1
i6G.s 994 9856 0
i6S.s 994 9855 0
i7A.s 996 9861 0
i7M.s 996 9858 1
i76.s 993 9862 1
iAAE.s 996 9853 0
iAA6.s 995 9856 0
iAAX.s 992 9861 0
iABG.s 994 9859 1
iABS.s 993 9859 0
iACA.s 996 9859 0
iACM.s 996 9861 0
iAC6.s 996 9860 0
iADE.s 996 9859 0
iAD6.s 992 9861 0
iADW.s 992 9860 0
iAEG.s 996 9860 0
iAES.s 996 9860 0
iAFA.s 996 9859 0
iAFM.s 993 9862 0
iAF6.s 992 9860 1
iAGE.s 996 9861 0
iAG6.s 994 9856 0
iAGX.s 995 9859 0
iAHG.s 991 9860 0
iAHS.s 991 9857 0
iAIA.s 993 9861 0
iAIM.s 995 9863 0
iAI6.s 991 9862 1
iAJE.s 995 9861 0
iAJ6.s 996 9856 0
iAJW.s 995 9861 0
iAKG.s 996 9861 0
iAKT.s 995 9852 1
iALA.s 993 9863 0
iALM.s 992 9863 0
iAL6.s 993 9859 1
iAME.s 992 9862 1
iAM6.s 994 9861 0
iAMW.s 993 9866 0
iANG.s 996 9859 0
iANS.s 992 9862 0
iAOA.s 996 9859 0
iAOM.s 996 9859 0
iAO6.s 995 9864 1
iAPE.s 993 9860 0
iAP6.s 996 9862 0
iAPW.s 994 9862 0
iAQG.s 996 9861 0
iAQS.s 992 9864 0
iARA.s 996 9861 0
iARM.s 995 9862 0
iAR6.s 992 9864 0
iASE.s 992 9867 1
iAS6.s 996 9862 0
iASW.s 992 9859 0
iATG.s 995 9861 1
iATS.s 996 9863 0
iAUA.s 996 9864 0
iAUM.s 996 9862 0
iAU6.s 995 9863 0
iAVE.s 995 9865 0
iAV6.s 995 9863 0
iAVW.s 996 9865 0
iAWG.s 996 9865 0
iAWS.s 995 9866 0
iAXA.s 994 9865 0
iAXN.s 993 9856 0
iAX6.s 995 9865 0
iAYE.s 996 9865 0
iAY6.s 996 9864 0
iAYW.s 994 9859 0
iAZG.s 996 9863 0
iAZS.s 996 9864 0
iA2E.s 995 9869 0
iA2Q.s 996 9864 1
iA26.s 996 9864 0
iA3F.s 994 9866 1
iA36.s 996 9865 0
iA3W.s 992 9862 0
iA4G.s 995 9863 0
iA4S.s 996 9864 0
iA5A.s 996 9864 0
iA5M.s 992 9865 0
iA56.s 995 9860 0
iA6F.s 994 9861 0
iA66.s 995 9862 0
iA6W.s 995 9866 0
iA7G.s 996 9865 0
iA7S.s 994 9861 0
iBAA.s 995 9860 0
iBAM.s 996 9867 0
iBA6.s 995 9864 1
iBBF.s 996 9865 0
iBB6.s 994 9861 1
iBBW.s 987 9858 1
iBCG.s 996 9863 0
iBCS.s 996 9865 0
iBDA.s 993 9863 0
iBDM.s 996 9865 0
iBD6.s 996 9864 0
iBEE.s 996 9865 0
iBE7.s 995 9864 0
iBEX.s 995 9867 0
iBFG.s 993 9863 0
iBFS.s 996 9865 0
iBGA.s 994 9866 0
iBGM.s 996 9864 0
iBG6.s 996 9861 0
iBHE.s 996 9862 0
iBH6.s 996 9865 0
iBHW.s 994 9868 0
iBIG.s 996 9865 0
iBIS.s 996 9864 0
iBJA.s 996 9864 0
iBJM.s 993 9863 0
iBJ6.s 996 9863 0
iBKE.s 996 9865 0
iBK6.s 995 9863 0
iBKW.s 993 9865 0
iBLG.s 996 9865 0
iBLS.s 995 9867 1
iBMA.s 996 9866 0
iBMN.s 996 9866 0
iBM7.s 996 9864 0
iBNF.s 996 9866 0
iBN7.s 996 9866 0
iBNX.s 996 9866 0
iBOG.s 996 9865 0
iBOS.s 996 9867 0
iBPA.s 996 9865 0
iBPN.s 996 9867 0
iBP6.s 996 9866 0
iBQF.s 996 9867 0
iBQ6.s 996 9866 0
iBQW.s 996 9865 0
iBRG.s 996 9867 0
iBRS.s 992 9867 0
iBSA.s 996 9867 0
iBSM.s 992 9867 0
iBS6.s 996 9867 0
iBTE.s 996 9867 0
iBT6.s 996 9867 0
iBTW.s 992 9870 0
iBUG.s 996 9866 0
iBUS.s 995 9867 0
iBVA.s 995 9867 0
iBVN.s 996 9867 0
iBV6.s 995 9865 0
iBWE.s 996 9867 0
iBW6.s 994 9858 1
iBWW.s 995 9868 0
iBXI.s 996 9867 0
iBXU.s 995 9863 0
iBYA.s 996 9868 0
iBYM.s 993 9867 0
iBY6.s 993 9869 0
iBZE.s 996 9868 0
iBZ2.s 996 9867 0
iBZS.s 993 9868 0
iB2G.s 996 9866 0
iB2S.s 992 9866 1
iB3A.s 996 9868 0
iB3N.s 996 9868 0
iB36.s 996 9868 0
iB4E.s 996 9869 0
iB46.s 996 9867 0
iB4X.s 993 9866 0
iB5G.s 995 9864 0
iB5S.s 996 9865 0
iB6A.s 993 9869 0
iB6M.s 996 9868 0
iB66.s 994 9871 0
iB7E.s 996 9868 0
iB76.s 996 9866 0
iB7W.s 996 9868 0
iCAG.s 995 9867 0
iCAS.s 996 9867 0
iCBA.s 993 9865 0
iCBM.s 996 9868 0
iCB6.s 996 9868 0
iCCE.s 992 9864 1
iCC6.s 996 9865 0
iCCW.s 996 9865 0
iCDH.s 993 9867 0
iCDT.s 996 9866 0
iCEA.s 996 9868 0
iCEM.s 996 9869 0
iCE6.s 996 9866 0
iCFE.s 995 9869 0
iCF6.s 992 9867 0
iCFW.s 996 9867 0
iCGG.s 991 9866 0
iCGS.s 996 9867 0
iCHA.s 995 9870 0
iCHM.s 996 9869 0
iCH6.s 994 9870 1
iCIE.s 994 9869 0
iCI6.s 995 9869 0
iCIW.s 996 9868 0
iCJG.s 994 9869 0
iCJS.s 995 9869 0
iCKA.s 996 9868 0
iCKM.s 994 9871 1
iCK6.s 995 9870 0
iCLF.s 996 9869 0
iCL6.s 996 9865 0
iCLW.s 996 9867 0
iCMG.s 996 9869 0
iCMS.s 996 9868 0
iCNA.s 993 9866 0
iCNM.s 996 9868 0
iCN6.s 991 9870 0
iCOE.s 992 9868 0
iCO6.s 996 9869 0
iCOW.s 992 9869 0
iCPG.s 996 9869 0
iCPS.s 992 9870 0
iCQA.s 996 9868 0
iCQM.s 991 9871 0
iCQ6.s 992 9870 0
iCRE.s 996 9871 0
iCR6.s 996 9870 0
iCRW.s 992 9870 0
iCSG.s 995 9871 0
iCSS.s 992 9862 0
iCTA.s 996 9870 0
iCTM.s 992 9871 0
iCT6.s 996 9868 0
iCUE.s 996 9871 0
iCU7.s 996 9870 0
iCUX.s 995 9870 0
iCVG.s 996 9869 0
iCVS.s 996 9869 0
iCWA.s 996 9870 0
iCWN.s 996 9869 0
iCW6.s 996 9871 0
iCXE.s 995 9867 0
iCX6.s 992 9871 0
iCXW.s 994 9870 0
iCYH.s 996 9870 0
iCYT.s 996 9866 0
iCZA.s 995 9872 0
iCZM.s 994 9869 0
iC2E.s 995 9870 0
iCZ7.s 994 9867 0
iC26.s 993 9865 0
iC2W.s 992 9872 0
iC3G.s 996 9872 0
iC3S.s 996 9871 0
iC4A.s 994 9866 1
iC4M.s 992 9868 0
iC46.s 996 9872 0
iC5E.s 995 9870 0
iC56.s 994 9870 0
iC5W.s 995 9867 0
iC6H.s 996 9869 0
iC6T.s 996 9869 0
iC7B.s 994 9867 0
iC7N.s 996 9866 0
iC76.s 994 9867 0
iDAE.s 996 9871 0
iDA6.s 996 9868 0
iDAW.s 994 9866 0
iDBG.s 992 9868 0
iDBT.s 993 9871 0
iDCA.s 996 9870 0
iDCM.s 992 9860 0
iDC6.s 995 9861 0
iDDE.s 993 9871 0
iDD6.s 993 9860 0
iDDW.s 995 9871 0
iDEG.s 996 9867 0
iDES.s 995 9867 0
iDFA.s 992 9871 1
iDFM.s 996 9869 0
iDF6.s 996 9867 0
iDGE.s 996 9868 0
iDG6.s 996 9871 0
iDGW.s 995 9871 0
iDHG.s 996 9871 0
iDHS.s 996 9868 0
iDIA.s 996 9869 0
iDIM.s 995 9869 0
iDI6.s 994 9868 0
iDJF.s 996 9870 0
iDJ7.s 994 9870 0
iDJZ.s 996 9870 0
iDKG.s 996 9869 0
iDKS.s 996 9871 0
iDLA.s 996 9869 0
iDLN.s 996 9870 0
iDL6.s 996 9870 0
iDME.s 996 9870 0
iDM6.s 994 9872 0
iDMX.s 996 9870 0
iDNG.s 993 9872 0
iDNS.s 996 9869 0
iDOB.s 996 9871 0
iDON.s 996 9871 0
iDO6.s 996 9871 0
iDPG.s 996 9869 0
iDP6.s 996 9871 0
iDPW.s 996 9869 0
iDQG.s 996 9871 0
iDQS.s 996 9870 0
iDRA.s 996 9871 0
iDRN.s 996 9870 0
iDR6.s 996 9870 0
iDSE.s 995 9872 0
iDS6.s 996 9870 0
iDSW.s 996 9871 0
iDTH.s 996 9871 0
iDTT.s 996 9871 0
iDUA.s 996 9871 0
iDUM.s 996 9871 0
iDU6.s 996 9871 0
iDVG.s 994 9871 0
iDV6.s 996 9871 0
iDVW.s 996 9870 0
iDWH.s 996 9871 0
iDWT.s 996 9871 0
iDXB.s 996 9870 0
iDXO.s 996 9871 0
iDX6.s 996 9872 0
iDYE.s 996 9871 0
iDY7.s 996 9870 0
iDYY.s 996 9871 0
iDZH.s 996 9871 0
iDZT.s 996 9871 0
iD2E.s 996 9871 0
iD2Q.s 996 9871 0
iD26.s 996 9872 0
iD3E.s 992 9873 0
iD36.s 996 9872 0
iD3X.s 996 9872 0
iD4G.s 996 9872 0
iD4S.s 996 9871 0
iD5B.s 991 9873 0
iD5O.s 996 9870 0
iD56.s 996 9871 0
iD6F.s 996 9872 0
iD66.s 996 9872 0
iD6W.s 996 9870 0
iD7G.s 995 9872 0
iD7S.s 996 9872 0
iEAA.s 996 9872 0
iEAM.s 996 9872 0
iEA6.s 996 9871 0
iEBE.s 996 9871 0
iEB6.s 996 9872 0
iEBW.s 996 9872 0
iECG.s 996 9870 0
iECS.s 996 9871 0
iEDA.s 994 9871 0
iEDM.s 995 9870 0
iED6.s 992 9871 0
iEEF.s 995 9871 0
iEE6.s 996 9870 0
iEEW.s 996 9872 0
iEFG.s 996 9872 0
iEFS.s 992 9873 0
iEGA.s 994 9872 0
iEGM.s 992 9872 0
iEG6.s 995 9872 0
iEHE.s 996 9871 0
iEH6.s 996 9872 0
iEHW.s 989 9866 0
iEIG.s 996 9871 0
iEIS.s 996 9872 0
iEJA.s 996 9872 0
iEJM.s 993 9873 0
iEJ6.s 996 9870 0
iEKF.s 996 9872 0
iEK6.s 992 9871 0
iEKW.s 996 9872 0
iELG.s 996 9872 0
iELS.s 996 9869 0
iEMA.s 995 9870 0
iEMM.s 994 9869 1
iEM6.s 995 9870 0
iENE.s 995 9871 0
iEN6.s 996 9872 0
iENW.s 995 9871 0
iEOG.s 991 9868 0
iEOS.s 996 9871 0
iEPA.s 995 9870 0
iEPM.s 996 9870 0
iEP6.s 992 9871 0
iEQE.s 992 9873 0
iEQ6.s 991 9874 0
iEQW.s 995 9871 0
iERG.s 993 9870 1
iERS.s 992 9872 0
iESA.s 991 9872 0
iESM.s 996 9871 0
iES6.s 991 9872 1
iETE.s 991 9867 0
iET6.s 995 9868 0
iETW.s 992 9873 0
iEUG.s 992 9870 0
iEUS.s 996 9872 0
iEVA.s 993 9871 0
iEVM.s 994 9865 0
iEV6.s 996 9872 0
iEWE.s 996 9871 0
iEW7.s 996 9869 0
iEWX.s 994 9873 0
iEXG.s 996 9870 0
iEXS.s 991 9866 1
iEYA.s 996 9871 0
iEYM.s 996 9869 0
iEY6.s 995 9874 0
iEZE.s 996 9872 0
iEZ2.s 996 9871 0
iEZS.s 995 9872 0
iE2G.s 996 9872 0
iE2S.s 996 9872 0
iE3A.s 996 9868 0
iE3M.s 996 9871 0
iE36.s 996 9870 0
iE4G.s 996 9871 0
iE46.s 996 9871 0
iE4W.s 992 9873 0
iE5G.s 991 9873 0
iE5S.s 993 9874 0
iE6A.s 996 9871 0
iE6N.s 996 9871 0
iE66.s 995 9871 0
iE7E.s 996 9871 0
iE76.s 996 9871 0
iE7W.s 996 9871 0
iFAG.s 996 9871 0
iFAS.s 992 9870 0
iFBB.s 996 9871 0
iFBO.s 996 9872 0
iFB6.s 994 9872 0
iFCG.s 996 9868 0
iFC6.s 996 9872 0
iFCY.s 996 9870 0
iFDG.s 994 9870 0
iFDS.s 996 9871 0
iFEB.s 996 9869 0
iFEN.s 996 9868 0
iFE6.s 996 9872 0
iFFE.s 995 9873 0
iFF7.s 996 9869 0
iFFX.s 996 9872 0
iFGG.s 996 9871 0
iFGT.s 996 9871 0
iFHA.s 996 9872 0
iFHM.s 995 9870 0
iFH6.s 996 9871 0
iFIE.s 996 9870 0
iFI6.s 996 9871 0
iFIW.s 994 9872 0
iFJG.s 995 9872 0
iFJS.s 996 9869 0
iFKA.s 995 9872 0
iFKM.s 995 9872 0
iFK6.s 996 9872 0
iFLE.s 996 9872 0
iFL6.s 991 9871 1
iFLX.s 996 9863 0
iFMG.s 994 9868 0
iFMS.s 996 9869 0
iFNA.s 993 9872 0
iFNM.s 995 9873 0
iFN6.s 995 9867 0
iFOE.s 991 9871 0
iFO6.s 996 9871 0
iFOW.s 994 9872 0
iFPG.s 995 9872 0
iFPS.s 994 9864 0
iFQA.s 996 9871 0
iFQM.s 996 9871 0
iFQ6.s 995 9859 0
iFRE.s 996 9868 0
iFR6.s 996 9870 0
iFRW.s 996 9867 0
iFSG.s 992 9872 0
iFSS.s 996 9869 0
iFTA.s 992 9873 0
iFTM.s 996 9870 0
iFT6.s 996 9871 0
iFUE.s 996 9872 0
iFU6.s 996 9870 0
iFUX.s 996 9870 0
iFVG.s 992 9870 0
iFVS.s 996 9872 0
iFWA.s 992 9871 0
iFWM.s 996 9868 0
iFW6.s 994 9872 0
iFXE.s 995 9872 0
iFX6.s 995 9872 0
iFXW.s 996 9864 0
iFYH.s 996 9870 0
iFYU.s 995 9871 0
iFZA.s 995 9868 0
iFZM.s 996 9871 0
iF2E.s 996 9871 0
iFZ6.s 996 9871 0
iF26.s 996 9872 0
iF2W.s 995 9869 0
iF3G.s 993 9872 0
iF3S.s 996 9872 0
iF4A.s 994 9867 0
iF4N.s 993 9867 0
iF46.s 996 9870 0
iF5E.s 996 9870 0
iF56.s 996 9871 0
iF5W.s 996 9872 0
iF6G.s 996 9871 0
iF6S.s 996 9872 0
iF7A.s 994 9873 0
iF7N.s 995 9869 0
iF76.s 996 9870 0
iGAE.s 996 9872 0
iGA6.s 992 9872 0
iGAX.s 992 9873 0
