iB.s 994 9858 0
iN.s 993 9855 1
iZ.s 994 9851 0
iAN.s 992 9857 1
iAZ.s 992 9858 1
iBH.s 994 9853 1
iBT.s 992 9859 0
iBZ.s 993 9851 1
iCL.s 995 9856 0
iCR.s 993 9863 0
iDD.s 992 9862 0
iDN.s 995 9855 0
iDZ.s 993 9854 1
iEH.s 995 9852 0
iET.s 992 9853 0
iEZ.s 994 9857 0
iFL.s 992 9859 1
iFR.s 994 9854 0
iGD.s 993 9855 0
iGN.s 990 9854 0
iGZ.s 995 9854 1
iHH.s 992 9857 0
iHT.s 995 9855 1
iHZ.s 995 9860 1
iIL.s 994 9857 0
iIR.s 990 9858 0
iJD.s 993 9853 0
iJN.s 995 9854 0
iJZ.s 993 9851 0
iKH.s 995 9858 1
iKT.s 992 9857 0
iKZ.s 995 9855 0
iLL.s 995 9854 0
iLR.s 995 9859 0
iMD.s 994 9859 1
iMN.s 991 9857 0
iNH.s 993 9859 0
iNT.s 992 9852 0
iOA.s 996 9851 0
iOR.s 995 9848 0
iPD.s 993 9859 0
iPN.s 995 9861 0
iPZ.s 996 9854 0
iQI.s 996 9849 0
iQZ.s 996 9850 1
iRL.s 995 9862 1
iRS.s 996 9845 0
iSN.s 996 9856 0
iSZ.s 995 9856 0
iTI.s 993 9853 0
iUA.s 995 9857 0
iUR.s 990 9854 0
iVD.s 996 9856 0
iVN.s 993 9853 0
iVZ.s 995 9858 0
iWH.s 995 9853 0
iWT.s 993 9856 1
iWZ.s 993 9861 0
iXL.s 995 9861 1
iXR.s 985 9855 1
iYD.s 996 9855 0
iYN.s 992 9859 0
iYZ.s 992 9861 0
iZH.s 993 9858 1
iZT.s 996 9857 0
i2L.s 996 9853 0
iZZ.s 995 9860 0
i2R.s 995 9859 0
i3D.s 996 9857 1
i3N.s 996 9857 1
i3Z.s 996 9859 1
i4H.s 996 9857 0
i4T.s 995 9860 0
i5A.s 995 9858 1
i5R.s 996 9860 0
i6N.s 996 9861 1
i6Z.s 996 9861 0
i7H.s 993 9859 0
i7T.s 991 9861 0
i7Z.s 993 9860 0
iAAR.s 993 9863 0
iABN.s 995 9858 1
iABZ.s 995 9859 0
iACH.s 993 9862 0
iACT.s 996 9860 0
iACZ.s 995 9857 0
iADL.s 995 9861 1
iADR.s 996 9860 0
iAED.s 996 9860 0
iAEN.s 995 9858 0
iAEZ.s 996 9861 0
iAFH.s 995 9865 0
iAFT.s 996 9859 0
iAFZ.s 994 9860 0
iAGL.s 994 9856 0
iAGR.s 995 9855 0
iAHN.s 994 9865 0
iAHZ.s 993 9860 0
iAIH.s 994 9860 0
iAIT.s 996 9859 0
iAIZ.s 996 9863 0
iAJL.s 994 9860 0
iAJR.s 993 9860 0
iAKD.s 996 9861 0
iAKN.s 995 9859 0
iALH.s 996 9862 0
iALT.s 993 9859 0
iALZ.s 995 9855 0
iAML.s 996 9862 0
iAMR.s 993 9857 0
iAND.s 991 9857 0
iANN.s 991 9863 1
iANZ.s 990 9860 1
iAOH.s 992 9858 0
iAOT.s 996 9859 0
iAOZ.s 996 9859 0
iAPL.s 993 9860 0
iAPR.s 996 9863 0
iAQD.s 995 9861 1
iAQN.s 992 9864 0
iAQZ.s 996 9860 0
iARH.s 993 9863 0
iARZ.s 995 9863 0
iASL.s 996 9861 0
iASR.s 995 9856 0
iATD.s 995 9858 1
iATN.s 992 9863 0
iATZ.s 994 9863 0
iAUH.s 995 9864 1
iAUT.s 992 9865 0
iAUZ.s 996 9860 0
iAVL.s 993 9864 0
iAVR.s 996 9863 0
iAWD.s 995 9862 0
iAWN.s 996 9864 0
iAWZ.s 993 9862 0
iAXI.s 996 9864 0
iAXZ.s 996 9863 0
iAYL.s 992 9865 1
iAYR.s 996 9860 1
iAZD.s 994 9864 0
iAZN.s 996 9864 0
iAZZ.s 995 9862 0
iA2L.s 996 9865 0
iAZ7.s 996 9863 0
iA3A.s 996 9865 0
iA3R.s 996 9864 0
iA4D.s 996 9861 0
iA4N.s 996 9865 0
iA4Z.s 996 9866 0
iA5H.s 995 9865 0
iA5T.s 996 9864 0
iA6A.s 996 9865 0
iA6R.s 996 9863 0
iA7D.s 996 9864 0
iA7N.s 993 9862 0
iA7Z.s 996 9862 0
iBAH.s 994 9865 0
iBAT.s 993 9857 0
iBBA.s 992 9863 0
iBBR.s 996 9863 0
iBCD.s 996 9865 0
iBCN.s 996 9862 0
iBCZ.s 995 9861 0
iBDH.s 991 9861 0
iBDT.s 994 9861 0
iBDZ.s 992 9870 0
iBEL.s 996 9863 0
iBES.s 996 9865 0
iBFN.s 996 9866 0
iBGH.s 995 9867 0
iBGT.s 996 9865 0
iBGZ.s 996 9864 0
iBHL.s 994 9861 0
iBHR.s 994 9865 0
iBID.s 995 9866 1
iBIN.s 995 9867 0
iBIZ.s 994 9867 0
iBJH.s 993 9867 0
iBJT.s 996 9863 0
iBJZ.s 996 9865 0
iBKL.s 996 9864 0
iBKR.s 996 9863 0
iBLD.s 995 9866 0
iBLN.s 996 9864 0
iBLZ.s 996 9865 0
iBMI.s 996 9866 0
iBNA.s 996 9868 0
iBNS.s 992 9866 0
iBON.s 992 9866 1
iBOZ.s 992 9866 0
iBPH.s 996 9866 0
iBQA.s 995 9867 0
iBQR.s 995 9864 1
iBRD.s 996 9864 0
iBRN.s 996 9867 0
iBRZ.s 996 9868 0
iBSH.s 996 9866 0
iBST.s 993 9868 0
iBSZ.s 993 9868 0
iBTL.s 992 9868 0
iBTR.s 996 9869 0
iBUD.s 996 9866 0
iBUN.s 996 9866 0
iBUZ.s 995 9862 0
iBVI.s 996 9866 0
iBVZ.s 996 9865 0
iBWL.s 993 9868 0
iBWR.s 995 9867 0
iBXD.s 995 9863 0
iBXP.s 996 9867 0
iBYH.s 996 9869 0
iBYT.s 996 9862 0
iBYZ.s 991 9869 0
iBZL.s 996 9868 0
iBZN.s 996 9867 0
iBZZ.s 993 9865 0
iB2N.s 996 9869 0
iB2Z.s 996 9866 0
iB3I.s 996 9868 0
iB3Z.s 996 9868 0
iB4L.s 994 9869 0
iB4R.s 992 9869 0
iB5N.s 993 9870 0
iB5Z.s 996 9867 0
iB6H.s 996 9864 0
iB6T.s 994 9869 0
iB6Z.s 996 9866 0
iB7L.s 995 9866 0
iB7R.s 992 9868 0
iCAD.s 996 9869 0
iCAN.s 996 9870 0
iCAZ.s 992 9863 0
iCBH.s 993 9869 0
iCBT.s 995 9868 0
iCBZ.s 992 9868 0
iCCL.s 992 9870 0
iCCR.s 995 9867 0
iCDD.s 996 9869 0
iCDO.s 996 9868 0
iCEH.s 994 9869 0
iCET.s 994 9865 0
iCEZ.s 994 9865 0
iCFL.s 996 9865 0
iCFR.s 995 9865 0
iCGD.s 996 9867 0
iCGN.s 996 9870 0
iCGZ.s 996 9869 0
iCHH.s 992 9871 0
iCHZ.s 996 9869 0
iCIL.s 995 9869 0
iCIR.s 992 9867 0
iCJD.s 996 9870 0
iCJN.s 996 9867 0
iCJZ.s 996 9867 0
iCKH.s 995 9870 0
iCKT.s 996 9870 0
iCKZ.s 992 9870 0
iCLR.s 990 9868 1
iCMN.s 993 9870 0
iCMZ.s 996 9864 0
iCNH.s 996 9864 0
iCNT.s 996 9865 0
iCNZ.s 996 9869 0
iCOL.s 996 9869 0
iCOR.s 996 9869 0
iCPD.s 996 9868 0
iCPN.s 996 9868 0
iCPZ.s 995 9871 0
iCQH.s 996 9869 0
iCQT.s 996 9864 0
iCQZ.s 996 9868 0
iCRL.s 996 9869 0
iCRR.s 996 9869 0
iCSD.s 996 9868 0
iCSN.s 994 9867 0
iCSZ.s 996 9870 0
iCTH.s 996 9868 0
iCTZ.s 992 9870 0
iCUL.s 996 9865 0
iCUS.s 996 9869 0
iCVN.s 995 9871 0
iCVZ.s 994 9871 0
iCWI.s 994 9872 0
iCWZ.s 995 9871 0
iCXR.s 996 9870 0
iCYD.s 996 9864 0
iCYO.s 996 9871 0
iCZH.s 996 9869 0
iCZT.s 996 9868 0
iCZ2.s 991 9870 0
iC2R.s 992 9869 0
iC3D.s 996 9871 0
iC3N.s 991 9865 0
iC3Z.s 996 9869 0
iC4H.s 996 9868 0
iC4T.s 996 9869 0
iC4Z.s 994 9868 0
iC5L.s 994 9866 0
iC5R.s 992 9870 0
iC6D.s 994 9869 0
iC6O.s 992 9871 0
iC7I.s 992 9871 0
iC7Z.s 991 9868 1
iDAL.s 996 9867 0
iDAR.s 993 9869 0
iDBD.s 995 9863 0
iDBO.s 992 9865 0
iDCH.s 995 9869 0
iDCT.s 995 9860 0
iDCZ.s 993 9856 1
iDDL.s 988 9869 1
iDDR.s 996 9869 0
iDED.s 995 9868 0
iDEN.s 996 9864 0
iDEZ.s 994 9870 0
iDFH.s 993 9868 0
iDFT.s 995 9866 0
iDFZ.s 996 9869 0
iDGL.s 996 9865 0
iDGR.s 996 9871 0
iDHD.s 996 9869 0
iDHN.s 995 9865 0
iDHZ.s 995 9871 0
iDIH.s 996 9871 0
iDIT.s 995 9868 0
iDIZ.s 996 9870 0
iDJT.s 996 9870 0
iDKN.s 996 9869 0
iDKZ.s 992 9871 0
iDLI.s 996 9869 0
iDLZ.s 996 9869 0
iDML.s 993 9871 0
iDMS.s 994 9871 0
iDNN.s 996 9870 0
iDNZ.s 996 9871 0
iDOI.s 994 9871 0
iDOZ.s 996 9871 0
iDPR.s 995 9869 0
iDQD.s 996 9870 0
iDQN.s 996 9871 0
iDQZ.s 996 9869 0
iDRH.s 996 9871 0
iDRZ.s 996 9870 0
iDSR.s 996 9871 0
iDTD.s 996 9871 0
iDTO.s 996 9870 0
iDUH.s 996 9870 0
iDUT.s 992 9872 0
iDVB.s 996 9870 0
iDVR.s 996 9871 0
iDWD.s 996 9871 0
iDWO.s 996 9870 0
iDXI.s 996 9871 0
iDXZ.s 996 9870 0
iDYS.s 996 9871 0
iDZO.s 996 9871 0
iD2L.s 996 9871 0
iD2Z.s 996 9871 0
iD3L.s 996 9871 0
iD3S.s 996 9872 0
iD4N.s 996 9870 0
iD4Z.s 995 9871 0
iD5J.s 996 9872 0
iD6A.s 996 9871 0
iD6R.s 996 9872 0
iD7D.s 996 9872 0
iD7N.s 995 9873 0
iD7Z.s 996 9872 0
iEAH.s 992 9874 0
iEAT.s 996 9872 0
iEAZ.s 996 9870 0
iEBL.s 996 9870 0
iEBR.s 994 9873 0
iECD.s 995 9873 0
iECN.s 993 9872 0
iECZ.s 996 9870 0
iEDH.s 996 9872 0
iEDT.s 996 9870 0
iEDZ.s 995 9872 0
iEER.s 996 9868 0
iEFD.s 996 9871 0
iEFN.s 996 9871 0
iEFZ.s 996 9872 0
iEGH.s 996 9872 0
iEGT.s 996 9872 0
iEGZ.s 996 9872 0
iEHL.s 996 9871 0
iEHR.s 992 9872 0
iEID.s 995 9873 0
iEIN.s 996 9871 0
iEIZ.s 996 9871 0
iEJH.s 992 9872 0
iEJZ.s 996 9869 0
iEKR.s 991 9872 0
iELD.s 994 9871 0
iELN.s 992 9865 0
iELZ.s 996 9871 0
iEMH.s 996 9870 0
iEMT.s 995 9865 0
iEMZ.s 995 9872 0
iENL.s 990 9868 0
iENR.s 994 9870 0
iEOD.s 996 9872 0
iEON.s 985 9876 0
iEOZ.s 992 9873 0
iEPH.s 996 9872 0
iEPT.s 996 9871 0
iEPZ.s 996 9872 0
iEQL.s 995 9872 0
iEQR.s 996 9869 0
iERD.s 996 9869 0
iERN.s 994 9866 0
iESH.s 995 9865 0
iEST.s 986 9872 0
iESZ.s 994 9874 0
iETL.s 996 9872 0
iETR.s 992 9872 0
iEUD.s 992 9870 0
iEUN.s 992 9869 0
iEUZ.s 995 9873 0
iEVH.s 996 9871 0
iEVT.s 981 9871 1
iEVZ.s 996 9871 0
iEWL.s 996 9868 0
iEWS.s 994 9870 0
iEXN.s 991 9868 1
iEXZ.s 994 9872 0
iEYH.s 996 9871 0
iEYT.s 996 9872 0
iEYZ.s 991 9870 1
iEZL.s 992 9872 0
iEZN.s 991 9870 0
iEZZ.s 994 9874 0
iE2N.s 996 9870 0
iE2Z.s 991 9868 0
iE3H.s 994 9864 1
iE3T.s 994 9867 0
iE4A.s 992 9872 0
iE4R.s 996 9870 0
iE5D.s 994 9870 0
iE5N.s 996 9871 0
iE5Z.s 996 9872 0
iE6H.s 996 9871 0
iE6Z.s 996 9870 0
iE7L.s 995 9869 0
iE7R.s 992 9870 0
iFAD.s 993 9871 0
iFAN.s 991 9868 0
iFAZ.s 996 9868 0
iFBI.s 995 9871 0
iFBZ.s 996 9870 0
iFCT.s 995 9872 0
iFDN.s 996 9869 0
iFDZ.s 996 9866 0
iFEI.s 996 9872 0
iFEZ.s 992 9868 0
iFFL.s 992 9868 0
iFFS.s 996 9872 0
iFGN.s 996 9864 0
iFHH.s 996 9872 0
iFHT.s 993 9870 0
iFHZ.s 996 9870 0
iFIL.s 996 9868 0
iFIR.s 996 9872 0
iFJD.s 996 9871 0
iFJN.s 994 9872 0
iFJZ.s 996 9872 0
iFKH.s 996 9858 0
iFKT.s 996 9871 0
iFKZ.s 992 9872 0
iFLL.s 991 9871 1
iFLR.s 996 9872 0
iFMN.s 990 9870 0
iFMZ.s 995 9866 0
iFNH.s 995 9868 0
iFNT.s 996 9870 0
iFNZ.s 996 9868 0
iFOL.s 995 9868 0
iFOR.s 995 9869 0
iFPD.s 994 9873 0
iFPN.s 994 9867 0
iFPZ.s 996 9871 0
iFQH.s 993 9866 0
iFQT.s 992 9866 0
iFQZ.s 995 9868 0
iFRL.s 993 9868 0
iFRR.s 994 9870 0
iFSD.s 996 9868 0
iFSN.s 996 9871 0
iFSZ.s 992 9872 0
iFTH.s 996 9870 0
iFTT.s 996 9872 0
iFTZ.s 992 9871 0
iFUL.s 996 9872 0
iFUR.s 992 9873 0
iFVN.s 996 9869 0
iFVZ.s 996 9869 0
iFWH.s 996 9869 0
iFWT.s 996 9872 0
iFWZ.s 996 9871 0
iFXL.s 991 9873 0
iFXR.s 996 9871 0
iFYD.s 992 9872 0
iFYO.s 996 9866 0
iFZH.s 996 9870 0
iFZT.s 996 9872 0
iF2L.s 995 9868 0
iFZZ.s 992 9873 0
iF2R.s 994 9870 0
iF3D.s 991 9871 0
iF3N.s 995 9870 0
iF3Z.s 996 9871 0
iF4I.s 996 9870 0
iF4Z.s 996 9869 0
iF5L.s 992 9871 0
iF5R.s 996 9871 0
iF6D.s 996 9870 0
iF6N.s 996 9870 0
iF6Z.s 995 9873 0
iF7H.s 994 9873 0
iF7Z.s 996 9871 0
iGAL.s 996 9871 0
iGAS.s 995 9868 0
