15
6
8
14
7
6
8
15
7
15
7
8
15
9
16
10
10
10
8
6
10
10
8
10
0
8
13
10
15
9
16
6
10
7
0
9
13
16
15
10
14
16
1
13
15
10
9
13
14
16
10
0
7
0
16
15
9
15
8
10
1
11
6
10
1
10
9
14
11
0
6
7
14
6
8
15
14
0
7
15
16
6
9
8
14
10
1
11
8
0
6
11
14
15
15
0
11
13
1
0
1
14
14
13
1
1
10
11
14
15
9
1
14
14
13
9
13
9
16
16
16
15
10
10
0
11
1
16
0
10
16
16
11
14
1
7
16
14
16
11
14
14
0
7
15
0
16
1
15
10
6
11
8
9
13
1
10
6
11
10
1
0
16
7
11
15
7
7
14
1
7
0
13
0
8
1
10
0
7
14
7
8
16
0
6
16
11
15
10
7
15
1
10
6
15
7
9
16
16
14
1
9
11
14
11
14
10
1
7
8
6
14
8
14
9
16
6
0
13
7
11
13
15
16
1
11
16
14
14
0
14
16
14
16
1
10
7
6
9
14
0
14
0
11
1
9
13
16
15
13
14
7
1
8
15
15
14
10
14
1
14
1
1
7
14
1
14
6
10
1
13
15
0
13
14
14
10
8
14
13
13
15
10
6
13
11
11
16
10
11
14
9
13
16
10
0
7
8
11
9
1
9
10
