1
6
16
16
6
10
7
6
1
16
9
6
8
8
15
11
0
0
13
0
9
16
7
14
9
1
7
15
8
9
0
16
14
1
8
10
16
13
10
9
7
11
0
13
0
9
9
7
6
7
7
16
10
16
0
14
15
14
0
14
8
6
11
0
1
9
11
7
15
1
14
16
14
0
14
8
15
10
16
6
14
15
7
0
15
1
15
0
15
16
8
10
15
10
1
7
10
13
0
1
16
14
11
14
13
15
11
6
15
15
16
10
11
13
16
14
15
1
11
1
11
0
10
14
10
16
8
6
1
16
11
10
7
16
6
11
9
0
10
7
11
1
6
0
13
15
10
0
11
0
14
15
7
13
13
10
11
13
9
16
1
1
7
1
15
13
7
0
7
10
8
13
6
6
0
16
8
8
8
13
14
8
1
13
1
1
9
9
15
8
13
13
0
9
15
8
15
8
1
0
8
0
15
9
7
15
16
6
7
9
14
13
10
7
13
1
7
8
8
0
10
1
6
0
7
0
13
7
15
15
15
7
13
8
0
9
16
7
11
7
8
15
10
8
7
9
0
13
11
10
16
11
7
10
13
7
11
11
8
14
13
1
13
14
11
8
15
10
7
7
14
10
16
14
10
15
7
7
6
6
10
9
16
1
13
1
13
11
10
10
8
9
6
1
11
13
11
11
6
0
7
11
15
