15
6
6
16
7
8
15
15
11
14
7
7
7
1
1
8
10
10
7
9
11
7
10
16
11
8
11
15
13
13
8
13
9
8
14
9
1
9
15
6
9
6
1
11
8
9
9
6
16
13
13
0
8
7
16
1
14
9
6
9
11
8
11
15
11
15
7
11
16
7
15
1
6
16
8
16
6
7
9
14
10
15
8
0
1
10
1
15
9
11
9
15
7
9
13
9
1
13
7
6
15
11
16
1
14
13
0
10
0
0
9
7
11
13
14
8
13
9
10
6
11
16
9
13
13
14
14
14
6
9
7
9
9
13
10
14
6
6
16
10
1
8
7
1
7
15
16
10
16
0
6
10
9
0
6
13
10
13
9
0
8
15
11
10
15
14
1
13
6
0
8
1
14
6
15
14
11
0
1
15
10
11
1
16
13
8
8
16
7
7
8
8
14
13
1
9
14
1
7
14
14
7
9
1
0
14
0
14
9
16
11
0
14
13
7
8
9
1
0
14
16
1
15
11
6
14
13
15
14
10
14
0
9
13
13
10
15
15
11
14
1
16
8
14
9
13
13
13
15
14
14
7
16
11
14
9
6
7
9
1
14
7
6
13
14
13
8
10
15
1
6
15
14
8
9
0
0
8
0
7
15
13
6
10
1
6
11
0
13
6
13
8
13
7
1
10
10
6
11
6
10
6
16
