6
9
6
16
6
14
6
14
10
14
9
16
14
0
8
16
0
11
16
11
1
10
7
8
13
6
15
13
7
13
14
15
11
10
10
15
16
1
0
0
15
13
1
16
14
15
11
15
15
6
16
8
14
1
16
1
13
14
15
16
13
1
15
7
15
9
14
14
7
11
7
13
1
13
6
16
6
9
16
9
9
15
11
1
13
9
6
13
10
8
10
14
0
13
15
10
11
0
14
13
0
11
11
7
7
10
9
1
9
15
13
13
10
9
8
0
6
10
0
6
8
13
14
16
16
13
9
15
11
16
1
13
10
15
7
1
8
8
6
16
1
1
10
0
15
0
14
14
14
13
11
6
0
6
6
16
11
7
16
15
10
14
15
6
9
11
16
15
1
14
14
1
6
16
6
0
7
6
10
14
11
13
11
13
15
11
10
6
9
7
10
10
11
8
15
11
14
15
13
8
1
14
15
14
10
13
1
14
0
15
11
11
7
10
16
16
14
1
7
16
14
11
14
0
6
11
10
13
15
14
14
10
9
11
0
16
9
14
14
16
7
16
11
8
14
9
6
1
14
10
14
11
15
1
8
10
8
15
9
16
6
14
6
8
14
1
9
6
15
8
10
15
8
10
13
6
9
10
16
16
6
6
13
6
6
13
7
10
9
13
14
16
10
15
6
10
16
10
11
11
14
11
1
