15
16
9
11
6
8
15
14
7
14
8
14
7
7
11
16
13
7
9
7
15
10
6
16
9
0
0
13
14
1
0
10
13
10
13
0
16
0
8
0
9
14
11
6
16
0
0
8
15
7
15
13
10
10
6
9
15
1
14
16
16
10
14
6
0
13
15
8
1
13
14
0
16
13
11
14
1
15
1
15
15
14
1
8
11
9
16
6
14
15
16
9
13
1
14
13
9
0
13
0
8
1
14
6
16
6
16
14
6
7
9
6
8
13
11
8
7
15
10
11
15
13
10
13
1
15
9
14
7
13
11
11
13
16
7
15
14
11
15
11
13
16
14
14
14
9
11
11
11
11
11
10
9
6
11
14
16
7
16
16
1
16
1
11
13
9
13
0
6
7
10
9
0
6
9
13
6
10
16
10
11
13
11
7
6
11
13
8
9
14
14
8
9
11
15
13
15
1
13
6
8
13
11
15
1
9
16
0
8
16
7
16
1
10
16
0
14
15
11
0
7
1
0
6
13
14
1
13
7
9
9
7
16
13
0
14
0
14
15
13
13
16
6
14
13
13
8
13
1
10
9
1
6
0
9
15
7
15
11
6
6
10
15
6
11
13
15
10
11
8
10
7
0
14
16
9
7
11
13
1
16
6
8
8
10
8
14
9
13
1
7
9
1
0
9
9
1
16
11
6
6
1
14
