14
10
14
9
11
15
7
13
14
8
14
16
11
11
13
9
13
9
13
8
15
13
0
11
7
1
0
7
13
1
8
16
10
11
9
11
11
10
8
7
1
10
13
13
7
0
11
0
15
10
0
14
8
16
15
0
9
8
11
1
11
1
15
11
14
0
16
0
11
16
7
1
10
13
14
15
8
1
1
14
9
14
7
16
14
1
11
9
6
6
13
7
7
13
8
1
14
9
9
11
11
14
13
11
11
15
7
10
6
7
7
10
11
9
11
11
16
16
7
10
16
10
6
9
13
13
13
1
0
11
1
13
14
10
6
9
13
10
13
9
10
6
9
7
13
6
15
16
15
11
11
15
9
14
1
6
11
9
1
13
6
15
8
7
10
9
6
8
14
14
7
0
16
10
13
1
10
0
8
8
6
14
10
9
7
16
11
11
1
13
1
1
14
7
7
11
10
6
8
8
7
6
6
1
8
8
14
9
1
15
1
1
6
13
13
9
10
9
0
1
8
16
10
0
15
0
1
15
8
6
7
8
13
8
6
7
13
7
13
9
13
14
6
10
0
15
9
0
7
9
15
15
14
15
10
15
11
13
1
16
14
0
15
6
7
8
1
7
14
8
1
13
9
1
11
13
8
15
1
9
9
0
1
15
14
8
10
11
14
11
10
11
8
10
9
1
1
0
16
13
16
16
0
