15
1
14
6
10
8
8
9
14
14
7
0
14
16
1
16
8
6
11
10
11
6
13
14
0
15
10
15
15
6
14
10
1
14
7
7
13
14
11
0
15
14
7
11
8
15
11
0
15
6
11
10
11
0
11
15
14
10
11
13
11
8
1
0
13
10
14
10
11
11
15
15
14
10
10
16
14
7
11
9
1
15
6
0
13
15
11
10
9
6
9
16
14
9
13
16
11
11
9
7
10
13
11
14
8
10
10
6
6
6
11
13
16
0
10
7
13
14
0
14
11
15
10
9
1
10
11
0
15
0
1
14
16
14
10
11
14
14
10
11
11
6
0
7
0
0
10
7
16
7
7
8
9
13
13
15
7
13
6
14
9
15
11
7
13
15
6
13
6
6
8
6
11
6
14
15
15
11
6
8
15
11
11
16
14
1
15
15
7
14
7
1
14
9
1
9
11
11
6
8
16
7
6
16
11
11
10
8
10
16
14
9
1
7
7
16
16
15
10
13
16
0
15
11
13
6
8
1
15
15
7
11
7
16
10
9
9
6
11
8
1
16
8
16
6
13
15
14
15
11
7
10
10
6
16
13
1
0
13
6
6
9
14
1
13
13
8
14
16
15
16
13
0
6
0
9
13
8
0
10
9
7
10
10
10
8
14
0
8
14
1
13
6
9
13
6
10
16
6
16
11
8
13
