15
6
14
11
10
1
16
6
9
13
13
7
7
7
6
7
7
11
6
0
11
13
10
16
11
8
0
7
11
14
14
9
16
6
16
0
14
9
13
6
6
16
1
11
13
9
11
11
7
0
14
9
1
13
13
7
8
14
0
11
10
11
0
15
13
16
0
13
11
7
15
1
15
16
8
10
9
16
0
14
7
15
10
8
6
6
1
15
8
6
9
15
10
9
14
9
11
1
9
6
8
11
16
6
15
13
10
10
1
14
9
10
11
13
14
9
7
9
0
16
16
15
13
11
10
10
15
16
14
11
7
11
10
0
6
8
14
0
16
11
13
8
9
13
11
6
11
1
0
0
6
0
6
15
6
14
7
11
14
11
11
8
10
15
8
8
13
6
6
0
13
9
13
6
16
7
13
7
1
8
6
9
11
0
9
6
11
11
1
10
6
9
14
14
1
10
14
16
16
15
14
7
0
14
16
10
16
1
7
16
11
1
8
7
7
14
6
6
0
14
16
1
15
14
13
7
15
14
14
0
9
6
0
15
8
11
10
15
0
8
1
16
8
11
14
13
6
10
13
14
14
16
16
0
7
0
6
8
16
14
8
7
8
1
9
13
11
0
1
9
16
9
11
8
10
8
13
1
9
1
14
15
10
14
14
1
11
14
13
16
10
13
14
13
10
14
10
6
14
0
14
10
11
