6
14
11
11
13
16
16
1
6
10
0
11
16
15
9
1
15
14
0
9
11
1
15
14
6
1
15
7
7
1
13
10
9
14
6
0
9
15
6
15
7
8
1
0
6
9
13
6
1
14
15
15
16
9
9
7
10
16
15
1
13
9
15
7
11
6
0
15
13
8
14
14
15
11
8
11
13
9
0
6
1
11
16
9
1
14
9
1
13
10
14
9
6
13
6
14
7
1
15
16
9
16
15
13
1
14
8
13
9
7
16
16
11
13
9
10
15
1
16
1
15
16
8
7
6
10
14
13
14
8
1
1
16
9
9
7
15
10
13
15
0
13
9
13
7
1
10
13
0
0
15
10
10
15
8
16
11
14
0
8
7
6
15
13
10
10
9
15
16
14
15
6
11
10
1
13
0
9
11
11
9
9
14
14
6
16
0
15
16
0
10
14
9
1
1
9
7
0
10
9
7
11
16
10
9
16
7
6
13
15
0
10
14
16
1
0
11
6
14
7
6
11
13
10
9
13
0
16
0
10
13
15
7
7
6
14
14
6
7
1
10
15
0
14
6
9
8
7
16
10
1
10
7
9
6
0
11
15
9
14
15
15
8
13
16
0
14
9
15
11
7
7
1
0
7
7
14
13
8
6
7
16
15
15
16
6
16
6
13
6
9
14
6
10
9
9
14
10
1
11
15
15
11
