15
14
10
10
7
11
9
16
8
0
1
0
15
14
16
13
15
15
11
10
15
0
11
16
14
15
10
15
9
14
6
15
15
16
16
10
15
1
7
16
14
10
0
8
15
15
13
10
15
13
14
16
11
15
14
16
14
11
13
13
6
11
0
10
9
11
14
15
16
11
10
13
14
13
15
11
11
10
1
10
1
14
11
11
9
9
11
0
15
0
13
15
10
13
15
14
11
8
6
7
15
7
16
16
16
8
8
14
10
10
11
13
8
7
7
7
9
16
11
16
16
14
7
13
10
9
14
14
16
10
7
14
11
11
1
15
14
9
1
13
16
14
15
11
1
14
13
11
15
0
0
7
10
13
10
13
14
11
11
15
14
14
10
15
13
9
0
13
14
11
11
8
7
7
6
11
16
13
9
10
11
0
16
16
1
6
15
0
15
9
1
14
11
10
10
6
10
11
16
10
1
14
13
8
16
11
16
1
15
6
7
16
15
10
8
14
14
13
0
7
7
11
6
0
15
14
7
16
14
15
10
15
6
9
6
15
9
15
11
13
1
16
7
11
10
8
14
8
0
14
8
11
10
15
11
15
8
14
7
6
14
16
15
0
13
10
15
14
8
15
16
14
0
14
9
14
6
13
14
15
13
9
7
8
16
16
11
10
8
16
11
0
0
13
10
8
10
10
0
13
9
14
13
