6
1
11
6
15
14
6
0
10
14
8
15
14
11
9
16
13
9
15
14
1
10
7
8
13
1
0
7
11
14
9
16
10
10
10
16
10
11
0
11
11
14
7
16
11
15
7
8
11
8
7
9
15
0
13
1
13
16
16
13
13
1
1
7
15
9
14
10
7
11
7
0
0
6
9
6
6
11
9
9
10
14
11
1
14
8
6
8
1
8
6
1
0
13
6
10
11
7
14
0
0
11
11
1
13
10
11
0
11
1
13
14
14
9
8
11
13
7
13
6
8
7
0
16
16
11
13
15
10
16
1
6
7
15
16
15
8
6
6
6
15
1
10
7
13
9
14
14
11
0
11
7
10
13
6
7
16
14
0
6
10
14
15
6
10
11
14
15
1
7
10
10
14
16
0
0
7
14
1
14
11
9
1
13
15
15
10
6
9
0
10
10
10
11
13
11
0
15
15
6
16
14
9
9
10
0
11
14
15
10
11
11
10
10
11
16
14
14
13
11
14
13
14
0
1
8
10
6
14
8
8
10
9
15
0
16
9
14
13
11
1
8
15
8
14
13
6
9
1
10
14
7
6
15
6
15
6
15
1
16
6
8
6
11
15
10
9
14
15
16
10
15
1
10
13
10
8
0
13
16
13
6
6
6
8
13
8
6
6
11
8
9
10
6
6
10
16
6
14
11
14
14
1
