15
6
6
0
7
11
8
9
14
6
7
7
7
10
1
16
15
10
11
13
11
7
7
14
11
6
10
7
9
6
11
6
10
14
16
13
14
9
11
0
9
16
1
11
8
6
11
6
15
13
11
10
7
10
15
14
10
10
11
9
6
8
6
1
13
16
16
11
11
10
7
11
13
16
9
16
13
7
0
14
7
15
10
0
14
13
0
11
9
11
9
15
14
9
13
9
11
9
9
7
15
7
16
7
8
13
10
10
6
0
9
14
10
6
6
9
13
11
9
16
11
15
10
13
10
14
1
14
14
7
7
14
11
1
10
0
14
14
8
9
11
1
7
11
7
11
16
11
16
1
6
8
9
15
15
15
15
13
7
16
7
9
11
15
13
15
1
13
6
0
0
1
11
6
15
8
11
0
8
10
15
11
1
16
10
1
15
16
7
15
7
1
14
11
1
9
14
14
16
13
13
7
0
14
0
0
0
1
7
16
13
13
9
6
13
16
13
15
0
14
6
1
15
8
13
6
8
14
14
15
0
8
7
16
7
10
7
15
11
14
1
16
8
0
15
11
9
14
15
11
6
7
10
7
16
16
1
16
16
1
8
0
0
1
14
13
8
14
1
9
16
14
0
6
9
0
6
8
0
14
14
10
10
10
10
1
11
0
13
16
6
13
9
7
6
6
10
15
14
16
1
6
13
