15
13
8
14
11
16
11
7
6
14
7
7
0
6
15
7
13
11
9
10
7
11
7
13
11
1
11
15
9
8
1
13
11
0
0
13
15
15
11
10
10
16
1
11
10
15
9
9
15
7
6
1
6
13
16
1
10
10
16
15
16
9
1
9
11
16
6
11
13
1
10
1
14
10
8
16
13
7
0
6
7
15
10
11
14
10
1
13
6
11
9
15
10
9
14
13
11
14
0
11
14
6
16
15
14
9
10
11
6
13
13
0
16
13
14
9
13
1
13
16
16
15
0
13
6
1
1
14
1
11
7
10
10
9
13
11
10
7
1
11
11
0
13
13
6
15
11
1
16
13
6
6
0
9
7
13
10
13
9
11
16
8
11
16
0
10
8
13
7
0
0
1
8
6
15
11
13
0
16
6
10
11
1
16
15
10
9
15
7
15
1
0
14
16
11
16
6
9
10
13
14
14
0
14
7
14
0
1
13
7
11
13
7
14
11
14
6
1
0
14
10
13
1
8
13
10
0
16
11
15
11
6
14
16
14
10
7
16
6
7
0
6
8
0
1
13
8
6
9
14
0
0
16
11
14
10
13
8
8
11
8
13
0
10
14
6
1
16
10
16
13
15
0
14
9
14
11
11
16
8
15
6
10
10
15
11
11
14
14
16
10
13
11
11
13
14
1
6
8
16
10
6
13
