15
13
8
14
11
6
8
14
7
14
15
16
7
1
10
7
13
11
7
15
11
13
0
14
11
8
0
0
13
11
1
13
13
16
16
10
10
15
7
6
10
16
1
11
10
11
9
13
15
7
11
1
11
13
16
1
10
14
16
0
6
9
10
9
13
16
6
11
9
1
11
6
13
11
14
16
13
0
0
9
7
15
10
11
14
10
1
11
8
11
10
8
9
8
14
16
11
14
14
16
11
6
1
7
14
13
10
16
7
13
13
11
11
13
8
9
0
16
13
16
16
8
10
13
13
11
0
0
0
11
7
11
0
16
0
15
13
7
8
0
1
0
14
13
7
0
11
13
13
10
15
11
1
15
6
13
10
13
9
11
0
13
11
15
0
10
1
13
6
0
0
1
8
9
15
7
11
14
1
7
10
13
1
0
0
10
0
14
7
14
10
8
14
14
11
16
14
9
13
13
14
14
0
13
0
14
0
1
8
8
11
13
7
14
7
14
6
15
0
13
10
0
15
0
15
0
0
7
14
15
1
9
15
16
7
15
7
15
6
8
0
7
14
0
1
10
9
14
15
14
0
11
8
7
14
16
6
8
10
1
8
9
0
1
14
16
11
16
10
14
16
14
0
0
1
14
13
15
10
0
16
10
13
16
10
16
11
14
0
0
10
13
8
11
10
14
1
16
14
6
1
6
13
