15
13
14
7
7
11
0
9
14
15
7
14
9
11
1
16
15
10
11
10
11
7
13
16
1
6
10
7
9
13
11
6
14
14
16
10
14
16
7
0
14
16
14
11
10
9
11
6
15
13
11
10
0
10
15
14
10
10
11
13
6
6
6
14
7
11
14
6
13
10
7
11
13
11
11
16
13
7
8
16
11
15
10
9
14
13
7
11
14
11
13
15
14
9
6
11
11
8
9
7
15
10
8
8
16
13
10
10
6
0
9
0
10
0
7
8
0
11
9
16
11
15
10
6
10
1
0
14
14
10
7
14
11
1
10
11
14
16
8
9
1
1
7
11
7
11
16
11
16
1
6
6
9
15
0
15
9
11
7
16
7
8
14
15
13
10
1
10
6
0
0
16
13
6
14
6
11
16
8
10
15
11
16
16
10
1
15
10
7
9
7
14
10
9
9
10
14
14
16
13
1
14
0
14
10
0
10
1
7
16
9
13
7
6
13
14
10
15
0
14
6
1
15
8
13
6
8
13
14
15
10
9
6
11
9
10
0
15
11
14
15
16
8
9
8
11
9
14
16
11
11
7
10
7
16
10
1
7
16
14
6
6
0
1
13
13
1
16
1
9
16
14
0
6
9
0
6
8
14
7
14
6
10
14
16
1
6
0
13
16
13
13
11
7
6
6
10
15
11
16
9
6
13
