15
6
11
14
7
6
8
15
8
14
6
15
15
9
1
10
10
10
14
13
10
10
0
10
13
8
8
10
0
13
16
6
9
13
0
10
1
16
15
10
1
16
1
13
15
16
9
14
14
16
10
13
6
0
13
1
9
8
16
10
6
11
6
15
1
14
9
14
11
15
9
13
11
6
8
15
11
0
11
14
16
7
9
8
14
1
15
1
8
0
6
11
15
15
14
0
11
14
6
10
1
14
13
13
1
1
11
0
14
13
11
1
11
14
13
9
13
9
16
16
16
15
10
9
0
10
1
14
0
10
6
16
7
14
14
7
6
14
14
11
14
15
13
11
15
0
11
15
15
8
6
11
8
1
6
1
10
13
11
9
1
8
16
14
11
15
11
7
14
1
10
7
13
0
14
1
10
0
11
9
15
8
16
0
6
16
9
15
15
15
15
13
11
6
15
7
6
16
16
14
16
15
11
14
11
14
0
1
13
1
8
14
13
14
10
16
6
7
0
0
10
15
15
15
16
11
1
14
14
15
7
16
7
16
1
10
7
6
16
15
11
14
0
0
1
9
13
16
15
1
14
7
1
8
15
15
14
10
14
1
14
10
1
7
14
1
8
10
0
1
1
15
11
16
14
14
15
8
14
13
11
15
9
16
13
11
11
13
14
7
14
9
11
16
10
16
7
8
11
10
15
6
0
