1
10
13
0
14
16
10
14
13
11
1
14
7
14
10
11
11
9
6
9
16
7
13
16
8
10
8
6
14
15
8
1
13
6
14
0
0
13
8
8
8
14
9
1
15
14
13
10
13
14
1
16
11
6
14
7
11
7
16
11
9
7
1
1
8
11
6
16
8
6
1
1
11
0
13
11
6
13
1
10
13
14
1
14
6
1
0
10
1
16
8
8
0
8
7
16
15
14
11
16
14
9
10
15
14
1
13
13
13
13
7
15
10
10
15
14
7
14
16
15
11
1
16
11
8
11
13
6
15
8
7
6
7
14
7
15
0
0
14
14
13
14
14
15
15
13
16
11
1
1
15
15
16
1
0
16
6
8
15
1
7
0
7
8
8
0
8
11
11
6
14
10
0
9
15
7
8
11
15
13
16
13
11
13
16
14
0
15
13
1
11
15
11
1
16
6
1
1
9
16
1
6
15
9
0
10
9
10
11
0
14
9
8
8
14
1
8
16
15
1
9
14
15
1
15
9
11
8
11
16
16
14
10
11
7
16
9
6
14
10
13
13
7
15
14
8
7
11
7
7
11
1
11
10
14
9
8
9
14
11
16
11
9
13
15
14
15
1
11
7
11
16
14
7
6
15
1
6
9
6
0
8
13
6
13
13
15
9
9
13
7
7
13
8
7
16
15
9
9
16
15
16
6
