15
10
8
0
10
14
8
9
0
0
7
0
14
15
1
16
9
11
11
10
10
1
13
14
1
7
10
15
9
6
13
6
1
14
0
13
13
16
11
0
7
16
6
11
0
6
11
0
15
6
11
10
0
1
11
15
15
10
11
13
11
14
6
0
13
11
14
6
11
10
6
6
13
6
13
16
15
7
0
14
15
15
11
0
9
15
11
7
9
11
9
16
16
9
13
10
16
15
7
10
15
13
11
10
8
10
10
10
16
0
11
14
16
0
10
9
15
0
14
1
6
15
10
6
8
10
14
7
14
0
1
14
16
14
10
11
14
14
10
11
11
0
9
11
7
10
13
11
16
7
1
8
9
13
10
15
15
13
15
16
8
6
11
15
13
0
6
13
6
7
15
16
15
15
14
15
6
15
9
8
15
11
0
16
10
1
15
16
9
14
7
1
14
10
1
14
11
11
16
9
1
7
10
14
11
0
13
0
14
10
13
9
14
7
7
16
16
15
1
13
1
0
6
0
13
10
8
7
16
0
16
13
7
16
7
1
9
13
11
8
1
16
8
15
6
13
15
14
15
11
13
10
10
6
16
13
1
13
13
6
6
9
14
1
11
14
8
14
1
15
16
13
0
0
0
0
13
8
0
14
0
7
10
10
10
1
14
0
0
14
6
13
6
16
13
8
9
7
11
7
6
13
13
