16
6
15
10
15
8
14
6
14
14
7
14
15
7
9
7
8
10
11
11
16
13
0
9
14
11
14
8
0
6
9
9
1
13
14
11
6
1
1
14
11
8
14
13
9
10
1
13
14
1
14
14
0
14
11
13
8
15
11
11
6
0
1
16
15
6
10
1
14
11
8
10
9
1
10
9
9
1
14
8
9
7
6
0
10
16
14
14
6
15
15
15
1
13
15
10
13
11
7
9
11
16
7
14
11
0
7
8
7
14
10
16
1
13
15
1
6
11
14
15
7
7
9
14
9
16
15
14
14
16
10
15
11
10
16
8
14
8
14
6
1
13
14
16
7
11
11
13
10
16
7
1
16
9
11
16
7
15
6
7
1
15
15
13
1
10
16
15
0
10
14
10
10
15
10
16
10
6
10
14
7
0
6
16
10
1
16
16
1
14
15
11
6
15
14
10
15
11
11
14
16
7
15
7
6
16
8
6
8
9
9
16
14
16
7
15
6
13
8
9
1
0
0
11
6
7
6
15
8
9
14
7
9
11
1
13
6
6
14
8
16
7
10
11
10
16
0
16
16
10
13
7
10
15
1
14
10
8
10
10
8
0
14
0
15
9
11
6
15
8
10
16
1
8
1
15
0
10
15
14
6
6
8
15
14
15
15
14
14
13
11
15
16
11
7
8
0
6
10
8
14
14
1
