15
10
14
0
10
14
8
9
14
0
7
0
14
0
1
16
8
11
10
10
11
1
13
1
1
7
11
15
9
6
13
15
1
14
0
13
13
16
11
0
15
16
7
13
8
6
11
0
15
6
11
10
11
0
8
15
14
10
11
13
11
8
6
0
13
11
14
6
11
10
10
0
13
15
13
16
6
8
0
14
15
15
10
0
14
15
11
7
16
11
9
16
14
9
9
6
11
11
9
7
15
7
11
14
8
10
10
10
6
0
9
14
16
0
10
9
13
0
14
1
11
8
10
6
9
10
1
11
14
0
1
15
16
14
10
11
14
14
10
11
0
0
0
11
7
0
10
11
10
1
11
8
9
15
13
15
15
13
15
16
7
15
11
9
13
15
6
14
0
0
15
16
11
6
14
15
16
15
9
8
15
11
0
16
10
1
15
16
7
6
7
1
14
10
1
9
11
11
16
8
1
7
10
14
6
0
10
0
7
16
13
9
14
7
7
16
10
15
1
9
1
0
15
0
13
6
8
14
16
15
6
11
7
16
10
1
9
0
11
8
1
16
8
15
6
13
16
14
15
11
7
10
10
10
16
13
1
0
0
6
14
9
0
1
13
11
8
14
1
15
16
13
0
9
0
0
13
8
0
10
0
7
10
6
10
1
14
14
8
14
11
13
6
7
15
6
15
16
11
16
15
6
13
