15
6
16
11
7
16
11
10
14
14
7
0
7
1
16
7
11
11
11
0
11
7
7
8
16
8
11
1
11
7
14
13
13
16
16
13
11
16
11
6
1
16
1
11
6
7
7
6
16
0
6
16
13
15
16
10
10
14
16
6
6
9
11
9
16
16
16
9
6
1
15
13
15
7
7
13
13
7
0
14
7
13
10
0
15
13
1
11
9
11
7
15
10
9
15
9
11
15
16
6
14
14
8
14
14
13
10
10
15
13
9
11
11
13
14
9
13
15
9
16
16
15
9
9
13
14
7
14
8
11
7
11
10
1
10
8
14
0
6
11
15
0
16
15
7
15
16
9
16
6
1
15
9
15
6
13
15
13
9
11
10
8
11
15
1
15
10
13
6
0
0
14
0
15
15
7
11
16
10
15
10
9
1
16
10
10
8
15
14
7
8
8
9
9
1
9
16
11
16
13
14
7
11
14
16
14
15
8
7
10
11
13
14
6
7
14
8
6
0
15
10
1
1
8
13
7
0
16
14
15
1
0
13
9
9
10
7
15
16
14
1
16
8
0
1
15
9
8
15
14
7
7
16
7
6
15
6
7
16
1
14
10
13
1
14
13
8
13
1
9
8
14
0
8
9
8
13
8
0
7
8
13
10
10
10
0
15
1
13
16
10
13
11
16
10
14
10
6
14
10
10
6
13
