15
6
6
7
7
0
16
15
9
14
6
7
7
7
6
7
0
11
16
0
11
13
8
16
10
1
13
7
9
8
14
13
16
6
15
13
14
9
13
6
14
1
1
11
8
0
9
15
10
6
14
16
6
13
8
10
10
13
0
11
6
9
11
15
13
16
16
6
11
0
15
1
13
16
7
13
9
7
0
10
7
15
13
9
15
11
0
10
8
11
9
15
10
9
14
1
11
15
7
1
10
11
16
7
14
16
10
10
6
11
13
7
16
13
14
0
13
6
15
16
16
15
13
11
13
7
15
15
16
11
8
11
6
0
1
8
0
0
14
11
7
8
6
9
7
7
16
1
16
1
6
0
9
7
6
8
14
0
16
11
7
8
10
7
13
15
1
13
6
11
13
9
13
6
9
7
13
7
1
15
14
9
1
8
9
10
11
16
6
7
7
14
14
9
1
7
14
15
1
15
14
7
0
14
16
10
16
6
7
16
15
1
8
11
7
14
6
6
0
1
15
1
15
6
13
10
7
14
14
0
9
16
16
1
7
10
10
15
1
8
16
16
14
11
14
13
7
1
13
8
14
16
16
7
13
7
6
8
16
14
15
7
8
1
9
15
11
10
0
16
16
14
0
11
10
8
16
13
6
16
15
14
10
7
10
1
10
10
13
16
8
13
14
13
10
16
10
6
14
0
10
10
11
