13
13
8
14
10
11
8
7
6
14
14
7
0
6
13
7
13
11
16
14
14
11
7
15
0
1
1
15
13
8
7
14
1
16
0
0
15
10
10
1
10
7
1
10
11
9
9
15
15
15
15
16
15
13
16
1
10
6
6
15
16
0
15
9
7
13
6
16
10
6
1
1
11
9
8
10
13
7
0
6
9
14
0
11
11
10
1
13
11
1
9
15
7
10
0
14
11
10
6
11
15
6
16
15
13
9
10
7
0
13
8
13
16
6
10
13
6
1
13
6
9
11
8
13
0
1
13
8
1
11
7
10
7
14
13
1
10
13
11
8
11
7
13
13
13
15
11
11
16
13
7
6
16
11
14
10
1
10
9
10
9
8
6
6
0
10
15
7
15
9
10
1
11
6
15
11
1
6
9
9
14
7
11
7
7
10
7
7
10
7
1
7
14
16
11
14
16
7
0
8
14
11
11
14
0
14
0
14
13
9
14
6
6
14
14
10
11
1
1
11
10
13
1
6
15
9
13
13
11
15
15
6
11
8
0
13
15
13
6
7
10
14
14
9
13
14
11
14
0
14
9
10
7
10
14
1
13
8
11
11
9
13
8
10
14
6
10
16
9
15
13
10
0
1
9
7
11
11
16
14
11
6
10
10
15
11
1
15
9
16
10
6
13
7
13
14
7
9
14
7
10
6
0
