13
7
10
13
1
14
15
11
0
8
1
0
13
10
13
15
10
16
14
14
8
7
6
6
16
11
6
6
9
10
13
11
9
7
15
13
0
10
15
1
10
10
10
6
14
9
1
9
16
7
16
6
9
9
10
11
14
7
11
1
13
14
8
8
11
6
8
13
11
11
6
0
9
14
1
6
7
13
14
7
8
13
10
15
1
11
13
1
7
14
15
7
8
0
15
10
8
14
13
11
11
16
0
11
16
14
7
15
8
15
11
1
16
6
1
8
14
14
15
13
1
9
13
1
15
15
14
15
8
6
7
14
11
14
15
0
0
10
8
14
14
7
1
10
8
9
16
1
10
14
9
6
9
0
6
10
14
7
0
1
6
11
13
14
6
8
13
14
6
16
1
14
7
6
7
10
8
16
6
1
15
8
9
8
6
13
13
10
7
0
15
13
14
13
1
8
13
16
8
11
16
0
14
7
16
15
16
7
10
6
0
1
14
0
13
6
13
13
7
6
15
9
15
13
11
10
1
1
15
16
1
13
6
0
8
14
7
15
13
11
14
0
9
6
7
13
10
0
10
1
8
8
6
6
15
15
1
9
10
13
9
8
7
9
11
0
11
9
10
6
11
14
6
11
15
11
7
9
15
1
16
15
8
16
15
7
16
10
11
8
9
10
1
7
11
10
8
8
16
1
8
14
8
