6
15
8
13
6
7
6
9
0
11
7
13
6
14
14
14
7
15
13
7
11
9
14
15
14
15
9
15
1
0
11
11
6
14
14
16
6
16
10
10
0
10
14
11
9
13
6
16
7
15
14
16
8
14
6
1
10
1
15
15
14
10
1
14
6
7
16
16
0
0
0
6
15
7
1
9
10
8
16
10
10
11
7
10
14
11
13
8
8
9
13
7
9
16
13
8
6
15
14
9
10
0
10
11
13
6
10
1
16
14
0
7
7
10
13
15
13
6
16
7
7
11
16
6
11
0
0
15
8
13
8
13
13
9
7
13
8
16
6
6
10
7
10
1
9
10
8
14
16
13
0
1
7
10
16
7
10
0
9
1
7
11
13
1
10
0
10
10
8
15
15
0
13
8
0
13
16
15
13
15
15
9
10
14
14
0
7
8
10
16
7
11
11
0
16
10
14
0
16
13
1
9
6
11
10
11
14
14
1
14
10
13
14
6
11
1
1
11
0
13
9
10
14
13
16
7
11
10
0
14
15
11
1
9
9
7
7
13
6
13
10
10
0
10
14
15
7
1
9
16
11
1
14
16
11
6
7
15
13
0
15
9
16
1
0
6
1
10
0
16
10
11
8
8
6
10
11
16
15
10
8
13
8
10
6
16
8
13
15
7
13
1
7
13
14
11
10
8
11
8
13
9
9
