15
14
10
10
7
11
7
16
8
8
1
14
15
14
14
13
15
15
11
10
15
7
6
16
14
15
10
15
9
15
6
15
15
16
16
10
15
1
14
16
14
10
0
1
15
15
8
10
15
13
14
16
11
15
16
11
14
10
13
13
6
11
15
10
9
11
14
15
13
11
10
13
14
13
15
11
11
10
8
10
1
14
11
8
9
10
11
8
15
14
13
15
10
15
15
14
11
8
1
7
15
6
16
16
16
8
8
14
10
10
14
10
8
7
9
0
9
16
15
16
7
14
7
6
10
9
14
0
16
10
7
14
11
11
10
15
14
9
1
13
16
14
15
11
1
14
13
11
15
8
6
7
0
13
10
10
14
11
11
15
14
14
10
15
13
9
0
13
6
0
10
1
7
8
6
11
16
13
9
10
8
0
16
15
1
6
15
10
11
14
1
14
0
10
10
6
10
10
10
13
1
14
13
8
10
0
10
1
15
10
14
16
15
10
8
8
14
13
0
10
7
11
1
0
15
14
7
16
14
15
10
9
6
11
6
16
8
15
11
0
1
0
7
11
10
10
14
8
13
14
1
7
16
15
11
15
8
14
7
11
8
11
15
0
13
15
15
14
16
15
16
14
0
7
13
9
16
14
14
6
13
6
7
8
16
16
11
0
8
16
11
13
1
13
10
14
10
10
0
15
9
6
13
