16
6
15
11
13
8
14
16
14
8
10
8
15
7
8
7
15
11
14
11
16
10
13
0
10
6
13
1
0
8
15
13
7
8
9
0
6
9
8
14
0
16
14
14
14
16
1
8
8
13
14
6
9
0
11
9
0
0
7
16
6
1
10
14
6
13
13
7
0
10
0
15
9
6
10
13
7
8
14
8
0
15
14
6
10
16
15
11
6
15
15
9
7
10
9
7
13
7
15
14
1
14
6
14
16
0
15
8
16
0
10
0
0
6
11
16
8
11
7
8
1
7
15
13
14
16
9
14
15
14
6
11
11
10
0
11
15
16
0
8
1
8
6
8
7
11
10
8
10
14
7
15
16
11
15
6
9
13
10
9
14
13
15
13
10
10
0
14
0
15
11
13
10
9
1
16
6
1
8
15
16
11
13
16
11
1
1
16
1
9
15
15
14
13
16
9
10
15
14
10
0
0
13
1
6
9
11
6
11
0
1
13
0
11
7
8
11
9
11
16
6
0
0
11
6
16
6
11
8
11
1
14
11
11
1
13
6
6
11
8
6
0
16
9
15
0
16
16
6
6
15
9
10
6
11
15
13
8
1
1
8
0
0
8
16
13
1
16
14
8
13
14
13
14
1
8
10
7
1
9
9
6
8
15
9
9
15
14
15
14
14
15
0
7
13
8
9
9
10
10
8
14
13
