15
13
8
14
11
7
11
16
6
10
7
7
0
6
15
7
13
11
9
10
7
11
7
13
11
1
11
15
7
8
10
7
0
8
0
15
15
15
11
10
9
16
1
9
10
15
13
9
15
8
16
1
6
8
16
1
10
10
16
15
15
9
1
9
11
16
8
11
13
1
10
1
14
15
0
15
6
7
0
6
7
15
10
11
14
10
15
13
11
1
14
15
10
9
14
13
11
7
14
11
14
6
16
15
14
14
10
11
6
13
13
0
16
13
14
9
13
1
13
16
7
15
0
13
13
1
16
14
6
11
13
10
10
9
13
11
10
7
1
13
11
0
13
13
6
15
11
8
16
13
6
6
0
9
7
11
10
13
11
11
14
0
11
16
13
10
8
13
8
9
0
14
8
6
15
13
9
0
9
6
10
11
1
16
15
10
9
15
7
15
1
11
8
16
11
16
16
9
10
13
14
14
9
14
7
14
0
1
13
7
11
13
7
14
11
14
14
16
9
14
10
13
1
8
9
6
0
1
11
15
11
8
14
16
14
10
7
16
11
10
0
6
9
15
13
13
8
6
14
14
0
0
11
11
14
10
13
8
8
11
8
13
0
10
14
6
7
11
10
16
13
15
15
14
9
14
11
11
7
7
15
6
7
10
14
11
11
14
14
16
10
0
11
11
13
10
1
6
8
16
10
13
11
