15
14
14
10
7
11
0
15
8
15
11
14
15
14
1
13
15
0
11
8
16
7
7
16
14
10
8
7
9
14
11
6
15
15
16
0
14
16
14
0
14
10
8
0
10
7
8
6
15
13
14
16
0
10
7
11
10
10
15
13
6
6
8
9
9
11
14
15
13
7
7
11
15
13
11
14
13
10
8
16
1
15
10
14
9
13
13
16
14
11
13
15
13
13
6
11
11
8
1
15
15
6
16
16
16
9
8
15
10
7
9
0
7
11
9
14
6
11
13
14
11
15
7
1
10
1
0
14
14
16
7
14
11
1
10
15
14
15
8
9
11
14
15
11
7
11
16
11
15
1
6
7
1
15
10
6
13
11
7
16
7
8
0
15
13
9
7
13
6
0
0
14
13
6
10
11
16
10
16
10
6
11
16
16
1
16
15
10
8
6
16
14
0
6
16
7
14
10
6
13
6
11
0
14
10
0
14
1
7
8
16
16
15
1
13
13
9
13
0
13
7
7
15
8
15
14
10
16
7
15
10
1
6
15
8
1
14
15
11
11
15
16
8
11
8
11
16
11
13
14
1
7
13
15
8
15
8
7
8
1
14
15
15
0
13
13
15
14
16
8
16
14
0
9
8
0
1
11
14
6
13
6
6
10
16
1
11
0
13
16
16
13
11
13
11
6
10
15
13
13
9
6
13
