0
13
14
7
7
11
16
0
14
0
7
14
9
14
9
9
15
10
11
7
11
7
13
16
1
6
10
7
16
13
11
6
16
14
16
10
14
16
1
0
14
16
14
11
10
9
8
6
15
13
14
10
0
13
0
14
10
1
11
13
6
6
6
1
16
11
0
15
10
8
15
11
13
11
11
16
8
10
8
16
11
15
0
10
9
16
7
8
14
11
13
15
8
9
6
11
11
8
16
7
15
6
13
8
16
13
10
11
6
7
9
0
11
0
16
14
10
11
14
16
11
6
10
6
1
1
0
14
14
10
7
14
11
1
10
1
10
16
8
9
11
1
13
11
7
14
16
11
16
8
6
6
9
15
0
10
9
11
1
16
7
8
14
15
13
6
0
10
6
0
16
16
13
6
14
11
7
9
8
10
15
11
16
16
10
1
15
10
8
9
13
14
11
10
16
9
14
14
7
13
6
8
0
14
10
0
1
1
1
8
7
13
15
13
13
14
10
16
0
15
7
16
15
8
0
14
10
13
14
15
6
1
11
16
9
1
0
15
11
14
15
16
8
7
10
11
9
9
14
14
1
7
15
8
13
6
1
7
16
1
6
6
0
15
13
13
6
6
15
9
16
14
0
6
9
0
6
8
14
6
13
9
10
10
16
1
6
0
13
16
16
13
13
14
6
6
10
11
11
13
9
6
11
