15
10
6
14
0
1
8
15
6
0
16
15
15
13
15
6
8
8
11
0
13
7
15
0
0
11
13
11
6
14
10
13
9
13
13
15
8
15
15
6
15
13
1
9
15
0
0
13
7
7
6
16
8
8
14
15
11
15
16
9
9
16
6
6
13
15
9
11
11
6
1
11
9
1
1
14
14
10
14
10
10
11
8
16
15
11
6
1
15
1
8
11
9
8
6
6
9
13
14
16
15
14
9
10
8
6
0
16
14
13
13
11
1
13
14
16
13
9
9
9
16
10
10
15
7
15
9
13
16
6
7
16
7
0
16
8
1
14
10
9
14
6
11
10
8
11
10
6
8
8
10
14
0
6
6
16
13
13
1
10
9
6
11
8
10
11
11
14
0
11
15
14
14
15
13
10
10
0
0
6
11
16
14
13
1
9
7
11
0
7
0
0
7
6
16
9
14
9
10
9
8
15
11
14
1
8
7
1
8
6
16
13
16
0
7
8
6
1
10
10
1
6
15
0
15
8
1
14
11
15
7
9
9
16
1
10
7
13
15
7
11
14
6
9
0
11
13
10
15
7
13
10
1
14
0
13
9
15
11
13
16
11
0
11
11
15
16
16
10
15
10
0
16
16
8
16
13
0
11
1
16
8
14
16
1
16
1
8
7
11
8
1
7
0
11
15
0
6
14
0
1
14
13
