15
10
14
10
10
8
8
9
14
0
7
0
14
15
1
16
8
11
11
1
11
1
16
14
6
7
10
15
1
6
13
15
1
14
0
13
8
16
11
11
15
16
7
11
8
6
11
0
15
6
11
10
11
16
11
15
14
10
11
13
11
8
6
0
13
11
14
6
11
10
14
0
13
6
13
16
14
7
0
13
10
15
14
1
13
15
10
7
9
11
9
16
14
9
13
7
11
11
9
7
15
13
11
14
8
10
16
10
6
0
11
14
16
16
10
9
13
0
14
1
11
8
7
6
13
15
1
7
14
0
1
14
16
13
10
11
14
14
1
11
11
11
0
11
7
0
10
11
16
1
11
14
9
13
13
15
15
13
15
16
7
10
11
9
13
15
6
13
6
15
15
16
11
6
14
15
7
15
9
8
15
11
0
11
10
1
0
16
7
14
7
1
14
10
1
9
16
11
16
8
1
7
1
14
6
0
10
0
7
10
13
9
14
7
7
16
16
15
1
13
1
0
15
0
13
6
8
14
16
15
6
11
7
16
7
1
9
6
11
10
1
16
8
15
6
13
15
14
15
11
16
10
10
10
0
13
1
10
13
6
6
16
0
1
13
14
8
16
1
15
16
13
0
6
0
0
13
8
0
14
0
7
9
10
10
1
13
0
8
14
11
13
6
7
13
6
10
16
11
9
6
6
13
