6
1
1
1
6
8
6
14
10
14
8
11
14
7
8
13
13
7
9
11
15
1
6
8
9
1
0
16
14
16
9
10
11
10
10
14
16
11
0
0
11
13
1
16
14
15
0
8
8
6
15
16
14
10
16
9
11
11
14
16
13
1
14
7
15
13
14
8
7
15
7
1
16
15
7
13
6
14
9
9
10
14
11
7
11
9
6
14
9
7
10
14
0
13
15
13
14
10
14
15
11
14
14
7
7
10
7
14
16
7
13
13
8
13
7
8
15
6
6
6
10
16
6
16
9
13
14
15
8
6
0
11
7
15
16
6
8
11
10
6
13
1
10
14
15
8
9
14
11
11
8
10
9
6
14
16
7
11
16
6
8
16
15
16
9
11
16
10
1
16
10
11
14
14
6
13
7
10
11
14
7
6
1
14
6
10
13
8
1
11
10
8
0
14
10
6
15
1
13
16
8
14
9
14
10
9
16
8
15
16
6
13
10
10
16
16
7
14
0
16
7
11
0
0
8
11
10
6
8
14
9
10
8
13
0
7
0
14
13
0
15
16
11
14
14
13
6
1
14
10
9
6
15
15
7
15
9
15
6
10
6
11
15
11
1
1
13
11
14
8
15
1
8
14
6
8
9
15
13
13
13
9
1
8
10
13
6
9
16
13
6
13
13
10
6
10
10
10
11
11
0
9
11
