15
13
14
7
7
15
0
15
14
15
16
14
16
14
1
16
6
10
10
10
11
7
13
16
1
6
10
11
9
14
0
6
8
14
16
10
14
16
8
0
6
16
14
11
10
15
8
6
15
13
14
10
11
10
0
14
10
10
15
13
6
8
0
9
16
11
14
15
14
10
7
11
13
13
11
16
13
10
8
16
11
15
10
9
9
13
7
8
14
11
13
15
8
9
6
1
11
8
9
7
15
6
7
16
9
11
10
10
6
7
9
0
8
0
7
14
0
11
9
16
11
15
10
6
10
14
0
14
14
1
9
8
11
1
6
11
14
16
8
9
11
1
7
7
7
11
16
11
16
11
6
6
9
10
0
1
9
1
7
16
7
8
14
0
13
6
0
10
0
0
0
13
13
6
14
11
11
16
16
7
15
15
13
16
10
1
15
10
8
9
16
14
11
9
9
9
14
14
7
15
1
14
0
14
10
0
1
1
7
8
16
13
7
11
13
15
10
7
1
14
7
7
15
8
13
14
10
0
14
15
10
1
6
11
9
10
0
15
11
14
15
16
16
11
11
11
13
9
14
14
1
7
10
14
13
10
1
7
9
1
14
6
0
0
13
13
15
11
15
9
16
14
0
6
9
0
7
8
14
6
13
6
10
10
16
16
6
13
13
16
16
13
11
14
6
6
10
1
11
13
9
6
11
