15
0
10
10
7
11
0
15
14
15
11
14
15
14
1
13
15
10
11
10
11
7
13
16
14
10
10
13
9
14
14
6
0
14
16
13
0
16
6
0
9
16
1
0
10
15
8
0
14
1
14
10
0
10
9
14
10
10
15
13
6
6
8
10
16
11
14
15
10
10
14
11
13
13
11
10
8
10
1
16
11
15
10
0
16
13
13
8
14
11
13
15
8
6
6
0
11
8
9
13
15
6
7
9
16
8
16
10
10
10
9
16
8
11
9
14
1
11
8
14
11
15
10
6
11
7
0
14
14
10
7
16
10
1
10
15
14
16
14
9
11
1
6
7
7
11
16
11
11
1
6
6
9
15
10
9
9
11
7
16
7
8
7
15
13
6
0
13
16
13
0
16
13
16
9
14
16
16
16
10
15
14
11
16
7
9
15
10
10
6
13
13
8
9
8
9
16
14
6
13
1
14
0
1
10
0
8
1
7
8
6
16
7
11
13
13
10
7
0
0
7
10
15
16
13
14
10
9
14
15
10
1
6
11
9
1
13
15
11
13
15
11
16
11
8
11
7
11
13
14
13
7
13
1
6
15
0
7
15
6
14
15
15
0
11
13
7
14
7
9
11
8
1
6
14
8
8
11
14
6
13
8
14
10
16
1
6
11
13
16
16
8
11
14
6
6
10
14
11
13
9
6
11
