6
6
14
14
0
7
13
13
1
11
6
13
15
14
0
16
9
14
0
0
16
15
8
8
13
9
6
13
8
13
0
0
15
15
10
13
8
11
9
15
15
15
0
8
7
15
6
14
1
11
6
15
15
10
10
10
11
11
1
14
9
7
13
13
7
10
0
8
11
7
10
13
9
0
6
6
6
16
8
16
8
8
0
10
14
6
15
15
0
10
6
13
14
9
10
7
10
1
8
14
10
0
15
16
15
15
10
9
7
6
13
16
11
11
9
10
8
8
0
13
10
16
13
14
13
11
14
1
14
8
11
1
14
9
1
9
10
11
13
1
16
0
14
0
11
11
13
7
15
1
7
14
8
13
6
14
7
7
8
7
1
11
6
0
16
11
1
16
11
11
1
8
16
11
8
1
9
1
6
0
14
6
11
14
14
13
11
16
15
16
1
6
0
14
16
11
6
8
8
10
13
11
13
14
6
6
10
13
13
10
16
9
0
7
14
6
15
6
8
6
6
15
14
15
1
16
0
15
13
1
9
1
6
14
13
1
11
15
14
7
6
10
15
15
0
0
14
11
6
7
14
0
9
7
7
0
6
9
10
6
10
15
0
14
13
16
10
0
13
16
1
0
16
6
9
0
13
0
15
16
1
6
16
13
10
1
15
9
1
11
0
0
9
15
16
6
0
1
11
10
10
1
11
