10
14
14
10
7
14
11
16
8
11
1
14
15
14
9
13
15
15
11
10
15
16
6
13
14
9
10
15
9
15
6
15
15
16
15
10
10
1
14
16
11
10
0
1
15
15
8
10
15
13
6
16
11
15
16
11
14
10
13
13
6
11
0
10
15
11
14
15
13
11
10
13
14
13
15
11
13
10
11
10
0
14
11
11
13
10
11
8
15
14
13
15
10
13
8
14
11
8
1
16
15
6
16
16
16
16
15
1
10
10
13
10
7
13
9
0
9
16
15
16
11
14
7
6
13
9
14
14
16
10
7
14
11
11
10
15
16
9
10
0
16
7
15
11
1
14
13
11
15
8
0
14
11
13
10
10
14
11
11
6
14
14
10
15
13
9
10
13
13
0
10
1
7
8
6
15
10
13
9
10
8
7
13
15
1
6
15
10
11
9
1
14
9
10
10
6
10
10
6
13
1
14
13
11
10
0
15
13
13
10
7
16
15
1
8
15
14
13
1
11
7
11
1
0
15
14
7
16
14
15
10
9
6
11
6
16
14
15
14
0
10
16
7
11
7
10
14
8
13
14
0
1
14
7
11
15
16
14
7
11
16
11
15
0
13
15
15
14
16
15
16
14
0
11
13
9
16
13
6
6
13
6
7
8
16
11
11
11
8
16
11
13
1
13
10
13
10
10
0
15
10
6
13
