6
6
15
11
16
0
11
7
14
7
0
6
15
7
8
7
11
13
11
11
8
10
8
7
14
16
13
1
0
10
9
6
11
1
15
0
0
7
8
13
1
8
14
10
15
16
1
13
14
6
14
8
7
14
11
1
0
11
0
0
14
8
10
11
10
6
10
14
0
11
0
14
0
14
11
0
15
10
1
6
16
7
7
8
10
6
7
11
6
11
6
6
7
10
11
16
8
9
15
11
10
16
6
14
14
0
7
13
13
13
0
6
16
1
11
16
14
11
7
8
7
10
9
13
14
1
9
1
7
15
16
15
11
10
9
14
7
14
0
8
1
13
14
16
7
15
0
14
13
10
11
1
16
11
15
6
7
15
10
6
11
8
15
10
13
10
14
0
0
15
11
13
6
9
1
16
14
0
8
14
11
8
13
16
11
6
10
8
11
13
15
7
9
11
14
9
10
15
0
10
0
0
6
1
7
7
9
6
11
7
9
0
9
16
7
14
14
9
11
11
15
11
8
11
6
11
6
16
8
11
16
10
16
16
1
7
6
6
11
1
13
0
16
6
10
0
11
10
13
14
9
9
16
16
0
14
14
8
10
1
8
0
0
0
16
13
14
14
14
8
15
14
14
13
10
9
16
10
14
9
6
6
10
15
8
9
9
14
16
13
14
15
0
16
8
14
6
6
14
10
8
14
13
