15
13
14
0
7
11
0
9
14
15
7
14
9
10
1
14
15
10
11
10
11
7
13
10
1
6
10
7
9
6
11
6
10
14
11
10
14
16
7
6
14
16
14
11
10
6
11
6
15
13
11
10
0
10
15
14
10
10
11
14
6
8
6
14
0
11
16
6
13
10
7
11
13
9
11
11
13
7
0
14
11
15
10
0
14
6
7
15
0
11
9
15
14
9
13
13
11
8
9
7
15
10
8
8
9
11
10
10
6
0
9
0
10
0
6
8
13
0
16
16
16
15
10
6
10
1
0
14
14
7
16
14
11
1
10
9
14
11
8
9
11
1
7
11
7
11
16
11
16
1
8
8
9
15
11
15
9
11
7
14
7
8
6
15
13
15
1
10
6
0
0
16
13
6
14
8
11
16
8
10
15
11
16
16
10
1
15
10
7
15
7
14
14
10
8
9
14
14
16
13
1
7
0
14
10
0
10
1
7
16
9
13
7
6
13
9
13
15
0
14
6
1
15
8
13
6
8
14
14
15
15
9
10
16
9
10
0
15
11
14
15
16
8
7
6
11
9
14
15
11
6
7
9
7
0
10
1
7
16
1
6
6
0
1
13
16
8
16
1
9
16
14
0
6
9
0
6
8
0
14
14
6
10
10
16
1
6
1
13
16
11
13
9
7
8
6
10
15
11
16
9
6
13
