6
16
10
11
6
8
6
14
7
14
6
14
7
7
13
8
13
7
9
7
15
10
6
16
9
1
0
9
14
15
8
10
13
10
13
14
16
11
16
0
9
14
1
14
16
15
0
8
16
6
15
13
14
10
6
6
11
11
14
13
16
10
14
6
0
13
15
7
1
13
14
6
16
15
9
14
6
15
1
8
16
14
11
6
11
9
6
15
14
7
10
13
13
1
7
10
14
0
13
0
16
14
14
7
16
10
10
14
13
7
13
6
8
13
6
8
7
15
10
6
10
14
1
13
1
15
9
11
6
13
15
10
13
1
7
15
11
11
15
11
13
16
10
14
15
9
11
11
11
11
16
10
9
6
11
13
7
11
16
16
1
16
15
11
13
9
13
8
0
16
10
16
0
14
9
13
6
10
14
10
11
9
11
0
6
0
13
8
9
10
14
8
9
14
16
16
15
1
13
6
8
13
11
15
10
9
16
0
8
16
11
0
1
10
16
0
14
14
14
0
0
0
1
13
13
8
16
6
16
9
9
15
16
13
0
14
0
14
15
13
14
16
6
14
11
13
6
13
14
10
9
10
15
0
9
15
7
13
11
10
14
10
1
15
11
13
13
10
8
8
15
7
0
14
16
8
7
15
1
15
13
6
8
8
10
13
14
9
8
1
8
9
13
10
9
9
13
10
11
11
6
6
14
