16
15
10
14
13
7
14
11
16
15
7
8
8
6
8
0
11
10
1
16
13
7
13
0
16
1
8
9
0
11
8
10
0
15
13
1
10
7
16
8
7
11
0
1
10
1
15
16
6
7
8
14
9
6
8
6
7
14
16
0
7
11
1
1
11
13
11
13
9
9
7
9
16
13
11
7
14
14
14
7
7
1
16
11
9
1
1
1
10
8
15
11
6
9
16
14
8
7
9
0
13
1
14
10
9
10
0
10
9
10
0
15
8
8
11
6
15
11
16
0
13
9
1
8
8
7
1
6
1
14
6
11
16
7
11
10
11
15
16
14
13
13
1
10
16
14
7
14
10
6
14
10
7
16
8
6
10
13
11
6
10
8
11
10
13
14
15
15
7
0
6
10
8
15
9
11
6
7
10
9
8
11
6
10
15
9
16
16
14
8
11
15
7
15
16
11
0
7
9
8
13
11
15
0
14
11
7
16
11
9
10
9
13
1
8
14
16
8
9
10
7
13
9
13
11
0
6
10
9
10
6
16
9
10
1
14
6
10
15
8
13
8
11
10
0
7
7
7
1
13
8
16
15
0
6
14
9
9
8
9
7
1
10
9
0
1
15
13
11
13
10
15
1
10
9
10
6
16
11
6
15
10
7
8
8
10
16
1
14
11
14
9
13
14
11
0
15
15
8
14
6
0
7
