15
14
14
10
7
14
9
16
8
6
1
14
15
14
1
13
15
8
11
10
16
7
13
14
14
10
10
7
10
13
11
15
15
8
16
10
14
1
14
16
14
10
8
0
15
15
8
10
15
13
14
16
1
10
7
11
14
10
6
13
6
11
8
9
9
11
14
15
13
7
10
13
1
13
15
11
13
10
8
16
1
15
11
11
9
13
11
8
14
11
13
0
10
1
15
11
11
8
8
7
10
6
10
16
16
9
8
13
6
7
9
16
13
10
9
0
10
8
15
16
11
14
7
6
6
9
0
14
14
10
7
14
11
11
8
15
14
15
16
9
16
14
15
11
0
11
13
11
15
1
6
11
1
16
10
11
14
11
7
1
14
8
10
15
13
9
0
10
6
0
15
16
7
0
6
10
15
11
9
7
6
0
16
16
1
6
15
10
8
6
16
14
0
14
16
6
1
10
10
13
1
14
13
14
10
15
14
1
9
10
7
16
15
11
8
13
16
13
0
13
7
7
15
8
15
14
7
16
7
15
10
1
6
15
9
8
14
15
11
11
0
16
6
8
10
11
15
11
13
14
1
7
16
15
0
15
8
14
7
11
9
15
15
0
13
6
15
14
16
15
11
14
0
6
8
9
10
8
14
6
13
6
7
10
16
16
11
0
8
16
11
13
11
15
16
14
10
10
13
15
9
6
13
