14
13
8
14
11
11
11
9
15
14
7
14
11
6
15
7
15
11
15
10
16
11
7
8
11
16
10
15
0
11
7
13
11
7
0
13
15
15
11
1
13
16
1
11
9
15
9
16
15
10
0
16
6
13
0
7
10
6
16
15
16
0
9
9
13
11
14
7
7
1
10
1
0
14
8
16
13
14
0
6
9
15
6
11
14
10
1
10
14
1
9
15
13
9
0
13
11
9
6
11
14
15
7
16
9
9
8
11
6
8
8
0
16
8
7
9
13
8
13
10
9
11
0
6
6
10
0
14
1
11
7
10
10
9
13
11
10
13
7
8
11
0
0
13
6
10
8
0
16
13
6
15
16
9
15
13
9
7
9
11
16
8
11
16
0
10
10
8
8
0
0
11
6
7
0
16
13
0
1
6
8
10
1
16
1
10
7
15
16
7
1
14
14
16
11
7
14
13
10
16
7
11
0
14
13
16
0
14
13
15
14
13
7
14
16
14
14
10
1
14
10
13
16
13
13
15
0
13
11
15
8
6
11
8
15
15
15
16
6
7
6
6
11
0
13
0
8
14
9
14
9
10
14
6
14
10
13
11
8
11
16
13
0
10
14
6
11
14
0
11
15
15
0
14
9
14
11
11
16
11
8
6
10
10
15
11
10
11
14
16
10
11
10
11
13
14
1
9
14
13
10
6
13
