15
6
6
11
7
6
11
15
14
14
7
7
7
1
1
13
0
11
7
0
11
7
6
14
11
8
11
7
9
8
14
13
9
16
16
13
14
9
11
6
9
16
1
11
8
9
9
6
16
0
7
9
7
13
16
10
10
9
16
13
6
9
11
15
13
16
16
11
11
1
15
1
13
16
8
16
13
7
0
14
7
15
10
0
15
10
1
11
9
11
9
15
9
9
14
9
11
15
7
6
15
14
16
7
14
13
10
10
6
13
9
11
11
13
14
9
13
9
9
16
16
15
10
13
13
14
9
14
14
11
7
11
10
1
10
8
14
0
16
11
15
8
16
15
7
15
16
1
16
1
6
11
9
15
6
13
10
13
9
11
8
8
10
15
0
15
1
13
6
0
0
6
13
6
15
7
11
0
15
15
16
9
1
16
10
10
10
16
7
7
7
8
14
9
1
9
14
9
16
13
7
7
0
14
16
14
0
1
7
7
11
13
14
6
7
14
6
6
0
14
10
1
15
8
13
7
0
14
7
15
1
6
13
16
7
10
7
15
6
14
9
16
8
0
8
13
9
10
15
14
14
7
16
7
14
15
6
7
16
1
14
7
8
1
14
13
6
10
1
9
16
14
0
8
9
0
13
8
0
9
15
10
10
10
10
1
11
0
13
16
10
13
11
7
10
14
10
1
14
16
10
6
13
