10
1
0
9
8
0
14
10
8
1
9
7
7
9
14
14
11
15
10
13
9
15
0
11
8
15
1
8
16
10
13
8
11
15
15
11
1
8
9
14
1
14
13
1
0
13
14
8
6
15
14
9
15
15
0
7
16
0
10
14
13
13
11
14
9
13
13
7
11
1
1
11
9
0
13
15
15
0
13
7
6
7
11
6
6
1
14
8
13
11
9
16
9
14
9
7
13
1
7
7
8
15
7
8
8
6
14
0
1
16
10
8
8
11
8
14
10
15
13
7
0
11
15
10
15
0
9
15
0
9
11
10
8
6
1
0
14
6
9
16
7
9
14
11
8
13
9
13
6
1
0
11
14
15
10
9
1
9
1
7
14
10
8
9
13
0
16
13
7
11
13
9
0
7
15
10
16
1
7
6
1
16
13
13
9
7
1
10
0
16
0
8
7
8
6
13
0
10
16
13
11
15
9
7
13
10
16
13
15
7
7
16
16
16
6
9
1
15
15
7
14
6
16
9
0
11
6
14
8
16
10
10
13
13
15
7
15
13
16
6
10
11
16
14
11
7
7
6
11
15
9
1
9
7
14
7
0
14
8
16
14
13
10
6
9
8
0
10
14
10
11
0
7
9
16
0
0
10
6
1
16
16
11
0
14
1
15
10
8
14
7
8
15
16
1
14
1
8
15
8
0
16
8
