15
14
14
10
7
11
1
15
8
15
1
14
15
15
1
13
15
10
11
10
16
1
13
16
14
10
10
7
0
14
11
6
15
15
16
10
9
1
14
16
1
10
8
0
7
15
7
6
15
13
14
16
0
10
7
13
15
10
9
13
6
6
8
9
0
11
13
15
13
7
13
11
15
9
11
14
16
10
8
16
1
15
10
14
9
13
13
8
14
11
16
10
10
13
15
11
11
8
1
7
15
6
16
9
16
9
8
16
10
10
9
0
8
0
9
14
11
8
9
14
11
15
7
6
10
1
0
14
14
10
1
14
11
16
10
0
10
15
8
9
11
14
15
11
7
11
16
11
15
1
6
7
8
9
10
6
14
11
14
16
7
8
10
15
8
9
10
13
10
0
14
16
7
6
15
11
16
13
16
10
6
0
16
16
1
6
15
10
8
6
16
14
0
6
8
9
14
10
6
1
6
14
0
11
7
1
14
0
16
8
16
16
15
1
13
13
9
13
0
10
7
7
15
0
15
14
10
16
7
15
10
1
6
15
9
1
14
15
11
11
15
16
9
11
8
11
16
11
13
14
10
7
13
15
14
15
11
7
7
11
15
15
15
0
13
13
15
10
10
8
16
14
0
6
8
0
6
9
14
6
13
11
6
10
16
1
11
0
13
16
11
13
0
13
0
6
10
10
13
13
11
16
13
