11
11
11
11
7
1
15
14
15
16
7
7
7
8
15
6
8
13
16
0
6
14
10
9
16
16
0
11
8
14
15
13
16
6
15
13
11
10
14
10
11
16
11
8
11
9
6
9
10
7
14
11
15
10
9
14
10
7
6
0
14
7
16
1
13
16
16
16
1
14
15
15
16
9
7
0
8
10
0
15
9
14
13
1
15
0
15
10
9
11
7
14
10
0
13
1
11
0
7
16
8
11
16
9
14
6
10
10
6
11
13
7
11
0
14
16
0
10
1
16
16
7
15
6
1
15
15
10
14
6
8
10
11
14
10
8
14
0
16
11
13
14
6
16
15
6
14
1
16
9
13
15
8
16
10
6
7
9
7
13
0
8
10
8
13
7
1
11
9
8
8
11
11
16
9
8
13
13
6
13
6
6
7
0
16
0
9
11
0
7
9
15
10
10
13
7
0
15
7
0
14
11
0
14
14
10
16
8
16
8
1
13
8
13
7
7
0
15
6
9
15
8
15
15
15
10
8
8
0
16
9
13
16
16
16
0
15
15
10
8
9
6
14
11
14
6
0
6
13
0
15
16
16
8
10
7
6
11
16
11
0
0
16
1
11
16
11
13
1
9
11
14
13
10
10
14
13
0
13
11
8
13
6
13
16
9
11
0
9
7
8
13
13
6
7
9
10
13
9
11
10
9
7
