15
14
10
10
7
11
0
16
8
14
1
0
15
14
16
13
15
15
11
10
15
10
6
8
14
15
10
15
9
10
6
15
15
16
9
10
15
1
14
16
14
10
0
0
15
15
8
10
15
13
14
16
11
15
16
13
14
10
13
13
6
11
0
10
9
11
14
0
16
11
10
13
14
13
15
11
11
10
8
10
1
11
11
11
9
9
0
0
0
14
13
15
10
13
15
14
11
8
6
7
15
16
16
16
16
8
8
14
16
10
11
7
15
13
7
7
1
16
15
16
16
14
7
9
11
14
14
14
16
10
11
14
13
11
1
15
14
9
8
6
16
14
15
6
1
14
13
11
15
0
6
14
10
13
10
13
14
11
15
15
14
14
10
8
13
9
0
13
14
11
14
8
7
7
6
11
16
13
9
10
11
13
7
15
15
6
15
8
11
9
1
14
11
10
10
6
10
10
16
13
1
14
13
14
10
11
1
1
15
10
7
16
15
10
8
14
15
13
0
10
7
14
1
10
15
0
7
16
14
15
10
10
6
9
6
1
14
15
11
0
1
16
15
16
10
8
13
8
0
14
1
11
10
15
11
15
15
14
10
6
9
11
15
0
9
8
15
14
16
15
16
14
0
14
13
14
6
1
14
0
6
0
7
16
16
16
11
10
8
16
11
14
0
13
10
8
10
10
9
13
15
14
13
