0
10
6
0
10
1
10
14
8
11
1
14
15
14
13
0
10
9
15
0
16
14
0
13
8
10
8
1
14
9
8
1
15
6
7
0
6
11
16
16
7
11
9
14
15
14
6
10
13
7
10
16
16
7
10
1
11
7
0
11
14
8
0
8
15
11
9
16
8
6
15
16
9
13
14
11
8
13
9
16
10
11
11
10
14
1
16
13
7
9
9
8
16
8
7
16
16
11
7
15
11
15
15
15
14
1
13
8
9
1
10
10
7
0
15
14
7
10
14
14
8
8
13
1
13
15
13
6
8
8
14
14
7
11
9
15
10
11
7
11
15
16
11
0
11
15
13
11
1
14
6
15
15
10
14
6
1
1
15
1
8
16
10
8
8
0
13
14
11
15
0
6
1
16
7
13
9
11
0
7
16
6
11
1
14
14
0
15
13
0
14
11
7
9
7
10
7
13
10
16
1
6
0
11
9
10
9
13
1
15
14
11
11
9
13
13
6
9
15
0
9
0
15
1
15
11
7
8
13
8
16
16
13
8
16
15
6
13
8
14
1
8
7
16
16
8
8
0
7
7
11
6
11
10
1
9
11
9
15
9
14
13
15
9
15
7
15
15
15
7
10
14
13
16
6
7
15
0
9
0
1
16
16
13
10
13
16
7
8
14
15
0
13
8
13
16
14
11
0
16
15
16
11
