14
13
8
14
11
11
11
11
6
14
10
14
11
6
6
7
13
11
15
10
16
11
10
10
14
16
11
0
14
11
7
13
11
11
1
13
15
7
11
6
10
16
1
11
8
15
9
16
15
10
15
14
9
13
16
10
10
15
16
14
16
0
1
9
13
16
14
16
7
8
10
10
0
15
8
16
13
7
0
6
9
15
10
10
13
10
11
8
6
14
9
15
7
9
9
14
11
9
14
11
14
6
16
15
9
9
10
11
6
13
8
0
16
9
7
8
13
8
13
10
9
11
0
10
6
1
1
0
14
11
7
10
10
16
13
11
10
13
1
8
11
15
1
13
6
10
11
7
16
13
10
10
6
9
15
13
9
13
9
11
16
8
14
16
0
10
10
8
15
0
0
1
6
13
0
8
13
6
1
6
1
10
16
16
1
10
10
15
10
11
8
14
14
16
11
7
14
13
10
13
16
11
6
14
7
16
0
14
13
15
14
7
15
14
16
14
6
13
1
0
10
1
11
0
14
15
13
13
11
15
8
6
11
6
11
6
15
16
6
7
11
6
14
13
13
13
8
14
9
14
6
10
16
16
14
8
13
8
13
8
13
7
0
10
14
6
10
0
0
16
13
15
0
14
9
14
11
11
16
11
8
6
14
10
15
11
11
14
14
16
7
13
1
15
13
9
1
7
14
7
15
13
13
