15
6
13
11
7
13
16
15
15
14
16
7
7
7
14
7
1
6
6
0
11
13
15
16
11
8
0
7
9
10
14
13
1
6
16
6
14
10
13
6
14
16
1
11
8
9
9
6
10
6
14
9
1
13
13
0
1
14
0
11
11
9
11
15
1
16
1
7
11
7
15
10
13
16
8
10
9
7
0
8
7
15
9
1
15
6
1
11
6
11
9
15
10
16
14
9
11
15
7
6
8
11
16
7
8
13
10
10
6
11
8
15
11
7
14
14
13
0
9
16
16
15
13
11
13
9
15
16
14
11
7
11
10
0
7
8
14
0
16
11
15
8
6
14
7
6
16
1
16
1
7
0
9
15
6
6
7
0
16
11
11
11
10
15
9
16
1
13
16
0
13
9
16
6
9
7
1
7
6
6
6
6
1
10
9
10
11
0
6
7
7
8
14
9
1
9
14
15
16
15
14
7
0
8
9
10
16
1
9
16
11
9
8
11
7
14
6
6
1
14
16
1
15
14
6
7
7
14
14
0
8
0
15
16
7
6
10
15
1
8
1
16
8
11
14
13
9
10
13
1
14
10
16
14
14
7
14
8
16
7
8
7
8
1
9
13
11
10
1
7
16
14
0
6
10
8
10
1
6
9
14
10
10
7
10
1
11
8
13
16
10
13
14
13
10
14
10
6
16
0
10
10
11
