16
6
14
14
13
8
14
6
14
8
7
14
15
7
9
7
8
10
11
11
14
8
0
9
14
15
13
1
0
11
9
9
11
10
14
0
6
1
1
14
16
8
14
13
9
10
1
13
14
1
14
16
0
14
11
13
9
15
11
16
6
0
1
16
15
6
10
1
14
11
6
10
9
6
10
8
9
14
14
8
9
7
6
9
10
16
15
11
6
15
15
15
1
13
15
9
13
11
0
9
11
16
7
14
11
0
7
8
13
6
10
16
0
0
7
9
8
11
1
15
7
7
9
14
15
16
15
11
14
16
15
15
11
10
0
11
14
8
14
6
1
13
14
16
7
11
10
13
10
14
7
1
16
9
11
0
7
15
7
7
7
15
15
13
1
10
11
11
0
10
11
10
10
15
16
16
6
6
8
15
7
0
6
16
1
1
16
16
1
1
15
11
9
15
14
10
15
11
11
14
16
13
1
7
6
16
8
8
11
0
9
16
15
16
7
15
6
9
11
9
15
0
0
11
6
7
6
15
8
16
1
11
9
11
1
13
6
6
14
8
16
0
16
7
10
0
13
16
15
10
0
7
16
15
1
14
10
8
10
1
8
0
7
0
15
9
11
16
15
8
13
16
1
8
1
16
0
10
15
9
6
6
8
15
7
15
15
14
14
13
11
15
16
11
7
8
0
6
10
8
14
14
11
