16
15
14
1
0
16
13
13
1
11
6
13
8
13
0
16
9
14
9
0
16
15
8
8
14
9
1
13
15
15
7
0
15
15
10
13
8
10
9
15
15
16
14
8
7
10
9
14
1
0
6
8
15
10
11
10
14
11
1
14
9
9
13
13
7
10
6
8
11
16
7
13
15
10
6
10
6
16
8
16
8
8
14
16
14
6
6
11
8
0
6
15
14
8
10
7
10
1
8
14
10
9
8
16
15
15
1
9
7
13
10
8
11
15
9
16
9
1
0
13
15
16
13
13
13
13
14
1
14
11
11
11
8
16
1
7
9
11
11
1
16
0
16
9
11
11
13
7
16
1
7
14
11
11
6
7
0
16
8
7
1
11
13
1
16
13
8
16
11
7
1
8
16
9
8
1
9
1
6
14
10
6
11
14
14
13
11
1
10
9
1
0
14
14
1
8
6
9
8
10
13
1
1
15
13
9
10
15
13
10
13
9
16
16
14
10
13
10
16
6
6
15
14
15
1
16
6
9
13
1
9
1
14
16
1
1
11
15
14
7
11
10
15
11
16
13
14
11
6
0
14
0
9
8
7
0
10
8
14
6
10
10
0
15
0
16
10
7
0
16
13
6
16
6
9
0
13
0
15
16
16
6
15
13
10
1
10
9
1
16
8
13
9
15
16
14
0
10
15
10
15
1
11
