0
7
15
14
8
7
14
6
14
11
16
14
15
7
8
7
8
13
11
11
14
9
11
16
14
15
14
1
0
10
9
13
1
16
14
0
6
1
1
14
16
8
14
13
14
10
1
13
14
6
14
16
0
14
11
13
9
0
11
16
6
0
1
16
8
6
10
10
10
9
14
0
9
6
10
0
9
14
14
8
13
7
10
9
10
16
15
6
15
15
15
15
15
7
11
6
13
15
14
9
11
16
16
14
11
10
7
6
11
6
10
7
0
8
7
9
8
11
15
15
7
7
9
14
14
16
15
14
7
16
8
15
11
10
0
11
15
8
14
8
1
13
1
7
7
11
10
7
10
14
7
1
1
11
15
13
7
8
7
16
11
15
15
13
13
11
11
0
0
8
8
10
14
9
1
8
6
6
8
15
7
0
16
16
10
0
16
16
1
9
16
7
7
11
1
6
10
15
14
13
14
13
13
1
9
16
15
7
11
8
9
16
15
16
10
11
13
9
11
9
15
0
0
11
6
14
10
15
13
1
1
11
9
11
1
13
6
15
14
8
16
0
16
13
1
15
13
16
10
16
0
7
15
11
11
14
10
8
10
1
8
0
7
0
15
9
14
16
8
8
13
9
6
8
1
16
0
14
6
9
6
6
8
15
9
0
15
14
14
13
11
15
15
11
7
9
0
13
1
8
6
6
7
