14
10
8
14
11
13
1
11
9
14
10
14
11
11
13
7
13
11
15
10
16
11
7
15
11
15
11
15
8
11
7
13
14
11
16
13
15
15
11
13
10
16
1
11
10
11
1
16
15
14
9
1
6
13
16
10
10
6
16
6
16
0
9
10
13
13
6
16
11
8
10
1
0
7
8
9
16
9
13
6
9
14
10
11
9
10
0
8
6
14
9
15
7
0
0
13
15
1
14
11
14
6
16
15
9
9
9
11
6
14
8
0
16
15
6
13
7
8
11
8
1
0
0
6
6
1
1
14
1
1
7
10
10
16
13
11
10
13
10
0
11
0
13
13
10
11
13
15
15
13
10
11
6
9
15
13
9
13
11
11
16
0
11
16
0
10
13
1
15
0
0
13
6
13
16
16
11
0
1
10
15
13
1
16
1
10
10
15
7
11
1
14
7
16
11
7
14
13
15
10
7
11
0
14
7
16
0
14
13
7
14
13
14
8
16
14
6
16
1
1
10
1
11
14
13
15
1
10
6
15
0
6
11
8
11
15
15
16
6
7
13
16
14
0
14
13
8
14
9
14
9
10
14
6
14
10
13
8
8
11
10
7
0
10
14
6
10
16
7
16
14
15
0
14
9
14
9
8
16
0
8
6
11
10
15
11
14
15
14
1
7
13
1
15
13
14
11
7
14
9
6
9
13
