15
13
6
14
0
14
15
15
6
0
16
15
15
13
1
10
15
8
16
0
13
10
7
10
0
11
0
11
0
14
6
6
9
13
13
15
15
11
15
6
11
15
1
0
15
10
0
13
7
7
6
16
8
16
1
15
9
15
16
9
7
6
6
9
13
16
11
11
11
9
1
6
14
1
1
16
7
10
7
10
1
11
8
15
14
1
6
1
7
7
7
11
15
9
14
14
9
14
10
16
15
14
14
15
1
1
0
1
14
13
13
14
11
13
13
16
13
9
16
16
14
9
10
6
7
15
1
14
0
6
7
16
7
15
8
16
14
13
15
11
14
6
8
13
8
10
11
6
16
8
6
14
0
6
6
16
13
13
1
10
1
0
9
8
11
13
11
14
0
0
11
14
14
15
13
1
10
0
6
9
11
10
6
7
6
9
7
10
0
7
14
15
7
6
15
7
7
7
16
14
1
15
0
14
15
8
7
1
14
7
0
1
11
0
7
14
6
1
9
10
1
8
15
0
15
13
1
14
6
15
7
0
9
16
1
10
7
13
1
16
6
6
14
9
1
11
13
10
15
15
13
7
1
13
11
15
9
15
8
13
11
11
14
14
14
0
16
16
10
11
16
14
16
11
8
16
7
8
14
13
13
0
0
16
9
9
15
11
10
11
8
11
7
16
0
15
0
6
10
7
0
14
10
