15
10
8
0
10
14
16
9
0
0
7
0
14
15
1
16
9
11
11
10
10
14
13
15
13
7
10
15
9
0
13
6
0
14
0
13
14
0
11
0
7
16
7
11
0
6
11
0
15
6
11
10
0
1
7
15
15
1
11
13
11
14
6
8
13
11
14
6
11
10
6
15
13
6
15
16
15
7
0
14
15
15
11
0
9
15
11
1
9
11
9
16
16
9
13
15
9
15
7
10
15
13
11
10
8
13
10
10
16
0
11
14
16
14
10
9
15
0
14
11
6
15
10
6
8
10
14
7
14
0
1
14
16
14
10
11
14
14
0
13
11
6
10
11
7
10
13
11
16
6
1
9
8
9
7
15
15
13
10
9
8
14
10
15
13
0
6
13
6
7
1
16
15
15
14
15
6
15
10
10
15
11
0
16
10
11
15
16
14
14
7
1
16
10
13
14
11
11
16
9
1
7
9
14
11
14
13
0
14
16
13
9
14
10
7
16
16
15
1
13
1
0
6
0
13
10
10
7
16
14
16
13
7
16
7
11
9
13
11
8
1
16
8
15
0
13
15
13
15
11
13
10
10
6
16
16
8
13
13
7
6
9
14
1
11
14
8
14
1
15
16
13
0
0
0
0
14
8
0
10
0
0
9
10
10
1
14
0
0
14
8
13
15
16
13
8
16
7
11
7
6
13
13
