15
16
1
10
0
13
0
16
14
14
9
8
0
16
0
14
10
6
1
1
8
7
1
1
1
11
14
16
1
13
7
0
11
0
6
10
15
10
8
13
0
6
11
15
16
15
10
7
14
11
8
8
10
15
8
11
1
0
10
14
6
1
1
8
9
8
1
13
10
14
15
14
9
0
6
1
10
13
11
16
11
0
8
1
16
1
6
9
9
13
13
14
14
7
16
11
7
10
13
15
9
11
9
10
8
8
9
1
13
11
14
8
1
6
7
7
0
14
10
15
15
11
16
7
15
14
0
11
1
14
11
0
8
10
15
11
6
8
14
6
1
13
14
0
6
0
0
9
9
9
10
9
13
7
9
14
8
15
1
0
7
0
8
15
11
16
6
16
10
0
14
16
15
16
1
0
14
16
16
7
8
10
6
15
10
10
7
11
0
16
1
14
13
7
11
9
1
13
7
13
1
16
15
14
0
9
8
16
13
0
8
15
10
0
10
13
11
14
13
14
6
14
11
14
6
14
8
11
7
10
6
13
1
16
7
7
0
15
14
10
0
14
14
16
11
9
7
1
15
9
8
16
6
1
13
7
16
6
15
1
13
9
9
1
14
7
9
14
6
15
9
11
10
16
8
0
9
10
9
6
9
15
7
9
9
16
14
14
6
0
10
11
13
11
13
15
13
14
15
14
9
15
10
