13
6
15
14
8
8
10
6
10
8
1
14
15
7
8
1
8
10
11
11
14
10
0
16
0
15
9
1
0
10
9
15
11
13
14
0
14
1
1
14
16
8
14
0
14
10
1
13
15
6
14
16
0
14
11
13
9
0
11
16
6
15
1
16
15
8
10
10
14
11
0
10
6
6
10
0
9
14
13
10
7
0
6
9
10
11
15
11
9
15
15
15
9
14
9
6
15
11
6
16
11
16
7
14
11
7
7
0
16
6
10
16
11
15
8
15
8
11
15
15
14
11
0
13
14
0
15
10
7
14
16
15
13
10
0
0
11
8
14
8
6
0
9
10
7
11
10
13
14
14
7
1
16
11
11
13
7
15
7
7
7
15
15
13
13
14
10
0
0
8
11
10
0
9
1
16
6
1
8
15
7
6
6
14
11
0
16
16
1
9
15
7
8
7
14
6
10
15
7
8
16
13
13
1
6
9
10
6
11
11
9
16
10
10
7
15
6
14
15
9
11
8
0
9
6
16
6
15
8
16
1
14
9
6
1
13
6
8
13
13
16
0
16
7
16
0
13
8
15
10
0
14
16
11
11
14
7
0
10
1
8
11
1
9
15
11
7
16
14
8
8
1
7
7
1
16
0
14
8
9
6
15
8
15
9
15
15
14
14
13
6
15
0
13
7
7
0
6
7
8
15
14
15
