16
6
14
16
13
8
14
0
11
8
7
14
15
7
9
7
8
10
11
11
14
8
15
9
14
15
14
1
0
11
14
9
11
10
14
14
6
7
1
14
16
8
14
13
16
1
1
13
13
14
7
16
0
0
11
13
9
15
11
16
6
0
1
16
15
6
1
6
14
11
6
10
11
6
10
8
9
14
14
10
9
15
6
9
10
16
15
11
6
15
15
15
1
13
15
9
13
11
0
9
11
16
7
14
11
0
7
8
13
6
10
8
0
0
8
9
8
11
14
15
7
7
9
14
15
16
15
13
14
16
15
15
11
10
0
11
6
8
14
6
1
13
14
16
7
11
10
13
15
14
7
1
16
9
11
0
7
15
7
15
1
14
14
13
10
10
11
11
0
10
11
14
10
15
16
8
6
6
8
15
7
0
7
16
7
8
11
16
1
1
15
11
9
15
13
13
15
11
11
14
7
13
1
14
15
16
8
8
11
0
9
16
15
16
7
15
6
9
11
9
1
0
0
15
6
7
6
15
8
16
1
10
9
13
1
1
9
6
14
10
16
1
16
14
10
0
13
16
15
10
0
7
16
15
1
14
10
13
10
1
0
0
7
0
15
9
11
16
10
8
7
16
1
8
0
16
7
8
15
9
6
6
8
15
7
14
15
14
14
13
11
15
16
11
7
8
0
9
10
8
14
14
11
