13
14
0
10
13
1
7
13
6
8
8
8
1
14
6
11
10
0
15
10
15
8
9
1
9
0
1
10
6
1
11
16
14
9
16
16
14
16
10
13
15
9
9
7
1
1
13
16
1
13
6
9
7
8
1
11
16
11
8
15
8
14
10
11
10
8
0
7
8
13
16
0
0
11
9
13
11
11
9
1
9
10
11
16
15
10
9
0
11
16
1
0
13
14
8
9
16
11
8
14
0
0
10
14
8
9
10
14
10
16
10
10
14
10
8
1
13
8
8
0
15
0
6
15
14
0
16
9
10
16
7
11
16
9
14
9
1
15
7
7
1
9
13
11
9
6
8
15
16
8
6
0
10
6
14
11
9
9
9
11
16
16
0
13
10
9
7
11
0
15
0
10
10
9
7
0
8
1
16
13
6
8
15
10
9
0
13
9
14
13
10
11
6
1
14
10
16
1
11
13
11
13
8
16
7
0
13
1
15
13
0
7
6
7
0
6
10
6
10
16
10
15
11
15
1
15
1
16
14
8
16
11
8
10
10
16
11
8
6
11
6
14
11
1
14
10
9
7
1
14
1
15
0
11
1
7
9
9
10
11
1
15
15
11
11
1
9
7
16
10
15
10
15
0
9
6
10
14
11
11
9
16
9
15
7
10
16
0
0
1
7
9
7
8
16
9
8
14
0
11
16
8
1
