6
1
6
6
13
8
6
14
13
14
8
11
14
7
8
9
13
7
15
11
15
10
6
8
13
1
0
13
14
14
9
16
11
10
10
1
16
11
0
0
9
13
1
16
14
15
0
8
8
6
0
10
14
10
16
16
0
9
16
16
13
1
0
7
15
9
14
14
14
15
7
11
11
13
9
6
6
14
9
9
10
14
11
1
11
9
6
14
9
7
10
14
0
13
8
13
11
10
14
13
0
1
15
7
7
10
0
11
16
15
13
13
8
13
8
8
6
16
0
6
16
7
6
16
14
13
6
15
11
16
1
6
7
16
16
15
8
8
15
13
11
1
10
8
15
9
13
14
11
15
15
10
0
6
6
16
11
11
6
6
9
14
15
16
9
11
16
15
15
16
10
1
14
14
6
13
7
6
7
14
0
9
1
10
15
11
10
8
9
7
10
8
11
14
10
9
15
15
13
8
0
14
10
14
10
9
8
14
15
6
11
8
7
10
16
16
14
14
0
16
14
11
14
0
11
11
10
6
13
14
13
10
9
11
0
16
0
1
13
15
15
10
11
8
14
13
6
16
14
10
14
6
15
15
8
15
16
15
6
7
6
14
6
8
14
1
13
11
15
8
1
15
8
10
13
8
9
15
13
16
13
6
6
8
10
13
6
9
8
13
6
11
8
10
6
10
7
8
11
11
14
11
1
