15
13
14
7
9
11
0
9
14
7
7
6
11
11
1
16
15
10
11
10
10
7
13
10
7
6
10
15
9
6
11
6
14
14
16
10
14
16
7
0
14
16
14
14
10
6
11
6
15
11
11
10
0
15
15
14
10
10
11
13
6
8
13
14
0
11
16
6
13
10
7
11
13
9
11
16
13
7
0
16
11
7
10
0
14
13
7
8
8
11
13
15
14
16
6
11
11
8
9
7
15
10
8
8
8
13
10
10
6
0
9
8
10
0
6
8
13
11
9
10
10
15
10
6
10
1
0
14
14
15
7
14
11
1
10
9
14
16
8
9
11
1
15
11
7
11
14
11
1
1
14
8
13
15
0
15
9
11
7
16
7
8
14
15
13
15
1
10
6
0
0
16
13
6
14
6
11
16
8
10
15
11
16
16
10
1
15
10
7
14
7
14
14
6
1
11
14
14
16
13
1
7
0
14
10
10
0
1
7
16
0
11
7
6
13
14
10
15
0
14
6
9
15
8
13
6
8
14
14
15
15
9
10
11
7
10
0
15
11
14
15
16
13
9
8
11
9
14
15
1
6
7
10
7
16
10
1
7
16
1
6
6
0
1
13
13
8
16
1
9
16
14
0
6
9
0
6
8
14
6
14
6
9
10
16
15
6
0
13
16
13
13
9
7
6
6
10
15
11
16
9
11
11
