16
14
16
11
10
1
7
16
6
0
0
7
16
15
9
1
15
1
0
0
14
8
15
14
8
1
14
7
7
11
8
10
9
13
13
10
13
0
16
15
16
8
13
1
6
9
8
0
16
15
10
1
16
10
9
9
10
11
15
1
13
1
15
7
14
6
16
15
13
13
6
14
1
11
8
11
16
9
11
6
1
1
16
1
1
14
15
1
16
10
11
9
0
13
1
14
7
1
15
8
9
16
13
13
9
14
9
13
9
7
16
14
7
13
0
10
11
1
16
16
11
7
9
9
6
10
14
10
16
6
1
1
16
9
9
13
15
10
13
15
0
9
10
13
7
1
0
13
13
13
1
10
10
1
8
8
11
14
10
0
7
6
15
13
10
10
16
15
16
14
11
6
11
10
1
13
16
8
7
1
9
9
14
14
6
16
11
11
16
0
10
0
9
13
9
1
8
9
10
8
8
11
15
8
16
0
6
6
13
1
8
10
0
16
7
11
8
16
14
8
16
1
8
10
14
13
0
16
16
8
13
15
7
6
14
14
7
14
11
1
11
15
0
14
10
9
0
7
16
10
15
10
14
13
6
0
14
15
9
14
15
6
11
13
8
0
6
6
8
11
6
14
0
7
7
8
14
13
8
16
7
16
15
15
13
6
16
6
13
7
1
14
6
10
13
9
8
10
1
11
15
15
11
