15
14
14
10
7
11
13
15
8
15
11
14
15
14
1
13
15
10
11
10
16
7
13
16
14
10
10
7
9
14
11
6
15
15
16
10
14
16
14
0
14
10
8
0
10
15
8
15
15
13
14
16
0
10
7
11
10
10
15
13
6
6
8
9
9
11
14
15
13
7
7
11
15
13
11
14
13
10
8
16
1
15
10
14
9
13
13
8
14
11
13
15
13
13
6
11
11
0
1
7
15
6
16
16
16
9
8
15
10
7
9
0
8
0
9
14
6
8
9
14
11
15
7
6
10
1
0
14
14
10
7
14
11
1
10
15
14
15
8
9
11
14
15
11
7
11
16
14
15
1
6
7
1
15
10
6
9
11
7
16
7
8
0
15
13
9
0
13
6
0
0
16
13
6
15
11
16
10
16
10
6
11
16
16
1
16
15
10
8
6
16
14
0
6
16
9
14
10
6
13
6
14
0
14
10
0
8
1
11
8
16
16
15
1
13
13
9
13
0
10
7
7
15
10
15
14
10
16
7
15
10
1
6
15
9
1
14
15
11
11
15
16
8
11
8
11
16
11
13
14
1
7
14
15
14
15
8
7
8
1
14
15
15
0
13
13
15
14
16
8
16
14
0
6
8
0
1
16
14
6
13
6
6
10
16
1
11
0
13
16
11
13
11
13
0
6
10
15
13
13
9
6
13
