16
6
15
1
13
8
11
16
14
15
7
14
15
7
8
15
11
16
11
11
15
6
8
0
1
1
9
1
9
10
9
13
11
8
7
1
6
9
8
10
0
8
14
16
15
16
1
13
14
6
14
6
10
1
11
13
0
0
11
0
6
16
10
11
6
6
13
7
9
0
13
0
8
6
10
13
9
8
14
8
0
7
14
8
9
7
15
11
8
15
15
9
7
10
9
7
13
7
15
11
11
16
6
8
0
16
7
8
11
7
10
11
16
11
15
9
8
11
7
8
11
7
6
13
6
14
9
14
0
11
9
16
11
10
0
11
15
16
14
8
11
6
6
11
7
11
10
13
13
0
15
1
16
11
15
8
15
15
10
6
11
1
15
13
13
10
11
0
0
15
11
6
10
9
1
7
6
11
6
15
16
7
13
13
11
7
16
10
9
9
15
6
16
15
14
9
10
15
14
14
11
13
13
1
7
13
11
6
8
8
0
13
8
9
0
6
14
7
11
9
15
1
16
11
6
11
10
15
8
11
6
14
9
9
1
13
6
6
11
8
10
0
0
9
10
11
13
16
6
10
7
9
9
6
10
7
0
8
14
7
7
0
15
0
15
13
14
16
13
8
13
14
13
8
1
16
16
14
6
9
14
6
8
15
9
9
8
10
16
7
14
10
10
7
7
0
9
15
1
8
8
14
8
