14
13
8
14
6
11
11
11
6
14
10
14
11
6
15
7
13
11
10
10
16
11
7
15
11
15
15
15
8
11
10
13
11
11
16
13
15
15
11
1
8
16
1
11
10
15
9
16
15
10
15
1
6
0
16
10
10
6
15
8
16
0
14
9
1
16
6
6
7
8
10
1
11
7
8
16
13
7
0
8
10
15
10
11
13
10
11
8
6
14
9
15
7
10
0
13
11
9
14
0
14
6
16
15
9
9
10
11
6
13
8
0
16
15
7
13
7
8
13
10
9
0
0
6
6
9
1
14
1
11
11
10
10
16
13
11
10
13
1
8
11
0
1
13
6
10
11
15
16
13
10
8
6
9
15
13
9
13
11
11
16
8
15
16
0
10
10
6
15
0
0
1
6
13
16
0
13
8
1
6
14
13
1
16
1
6
10
15
7
1
1
14
14
16
9
16
14
7
6
13
6
11
0
14
7
16
0
14
13
15
14
13
15
14
16
14
6
16
1
14
10
1
11
0
14
15
9
13
11
15
0
15
11
8
11
15
6
16
6
7
13
6
14
15
13
13
8
14
9
14
9
10
14
6
14
1
13
8
8
11
10
16
0
14
14
6
10
16
14
16
13
15
0
14
9
14
11
8
16
6
8
1
10
10
15
11
10
14
14
1
7
13
1
15
13
14
1
7
14
7
15
13
13
