6
16
9
11
6
8
6
0
7
14
10
14
13
9
13
10
14
7
9
7
9
11
13
16
9
1
0
9
14
16
1
14
13
10
13
14
16
11
16
0
9
16
11
14
11
7
9
13
10
6
10
13
8
10
6
11
11
11
15
16
16
10
14
0
0
0
13
8
7
13
14
7
11
8
9
13
6
15
1
9
16
7
13
10
11
1
11
11
14
7
10
9
13
1
6
8
11
0
13
0
16
14
8
7
10
1
10
14
6
7
15
6
8
13
7
15
13
15
13
6
9
11
1
10
16
15
10
15
9
9
15
11
13
11
0
1
8
11
15
11
8
16
10
15
9
9
11
13
11
11
0
16
7
13
11
1
14
10
16
8
15
14
11
15
13
9
16
7
0
11
9
9
0
14
9
8
6
1
14
0
13
16
1
0
6
10
13
8
0
16
1
11
13
14
10
9
15
1
13
15
8
0
11
15
7
8
8
0
8
16
11
13
1
10
16
11
10
14
14
9
7
9
0
13
13
14
1
13
14
9
9
1
16
9
0
16
8
14
15
14
8
1
7
14
11
13
6
1
14
16
9
13
15
9
9
16
7
1
11
0
11
6
1
15
14
13
10
10
8
15
15
7
0
0
16
9
10
0
16
8
1
14
7
14
10
13
14
10
8
15
6
11
14
10
9
9
13
7
11
0
6
6
14
