14
13
10
14
11
1
11
16
6
14
16
8
11
6
16
7
8
9
15
10
16
16
10
10
14
16
11
0
14
11
7
13
11
11
7
13
6
9
0
6
10
0
1
11
8
15
16
16
15
8
15
14
9
13
16
10
10
15
16
14
16
10
1
9
13
11
14
16
7
16
10
10
0
15
8
16
0
7
0
6
9
15
10
0
13
10
11
7
6
14
9
15
7
9
9
14
11
9
14
1
14
6
16
10
10
9
10
11
6
13
8
0
16
9
7
11
13
8
13
15
9
11
0
10
13
1
1
0
14
11
7
10
10
16
13
11
10
13
1
8
11
15
8
13
6
10
11
7
16
13
10
10
6
9
15
13
9
13
9
11
16
11
14
9
0
10
10
8
15
0
15
1
14
13
0
6
13
6
15
6
1
10
16
0
15
10
10
13
10
11
8
14
7
16
11
7
14
13
10
13
16
11
6
14
9
16
0
14
13
15
14
7
15
14
16
14
6
13
1
0
14
1
11
0
14
15
13
13
11
15
8
13
11
6
11
6
15
16
6
7
11
6
16
13
6
13
14
14
9
15
10
10
16
16
14
0
16
8
13
8
13
7
10
8
14
6
14
6
0
7
13
15
0
14
9
14
11
11
16
11
8
6
14
10
15
11
11
14
14
16
7
13
1
15
13
9
1
0
14
7
15
13
13
