15
10
6
14
0
6
8
15
6
0
16
15
15
13
10
10
8
8
16
0
13
10
15
10
0
11
0
11
6
14
6
6
9
13
13
15
8
14
15
6
11
1
1
0
15
10
0
13
7
7
6
16
8
16
14
15
10
11
16
9
6
6
6
15
13
14
11
11
11
6
1
11
14
1
1
9
14
11
7
10
10
11
8
16
14
1
6
1
0
7
11
11
15
9
14
6
9
14
14
1
15
14
14
15
1
7
0
1
14
13
13
14
11
13
13
16
13
14
16
16
16
10
10
6
7
10
1
14
0
6
7
6
7
14
8
15
14
14
15
11
14
6
8
13
8
10
11
6
15
8
6
14
0
6
6
16
13
13
16
10
1
0
9
8
13
10
11
14
0
0
15
14
14
15
13
1
10
0
6
9
11
10
6
8
1
1
7
15
0
7
14
13
7
6
15
7
7
7
10
10
8
15
0
14
15
8
7
1
8
1
0
0
16
0
7
14
6
1
9
10
1
8
15
0
15
13
1
14
14
15
14
0
9
16
1
15
7
13
1
7
11
14
14
9
1
11
13
10
15
14
13
7
1
8
11
15
9
15
11
16
11
11
14
11
14
0
16
15
10
15
10
14
16
11
8
16
16
8
14
13
0
8
0
16
7
9
10
11
10
11
8
11
6
16
1
15
0
6
8
1
1
14
16
