15
14
14
10
7
11
11
15
8
15
1
14
15
14
1
13
15
8
11
10
16
7
13
16
14
10
10
7
9
13
11
15
15
8
16
10
14
1
14
16
14
10
8
11
10
15
8
10
15
13
14
16
1
10
7
11
10
10
15
13
6
6
8
9
9
11
14
15
13
7
10
13
1
13
11
11
13
10
8
16
1
15
10
11
9
13
13
8
14
11
13
13
10
13
15
11
11
8
8
7
15
6
16
16
16
9
8
15
10
7
9
0
8
8
9
14
6
8
15
16
11
0
7
6
10
1
0
14
14
10
7
14
11
0
8
15
14
15
8
9
16
14
15
11
0
11
1
11
15
1
6
11
1
15
10
11
9
11
7
16
14
8
10
15
13
9
0
13
6
0
15
16
7
6
15
11
16
13
16
10
6
0
16
16
1
6
15
10
8
6
13
14
0
14
16
6
16
10
10
13
1
14
13
6
10
0
14
1
7
10
16
16
15
10
13
13
16
13
0
10
7
7
15
11
15
14
10
16
7
15
10
1
6
15
9
16
8
15
11
11
15
11
6
11
8
11
16
11
13
14
1
7
13
15
14
15
8
14
7
11
9
15
15
0
13
13
15
14
16
15
16
14
0
6
8
9
10
9
14
6
13
6
6
10
16
1
11
0
8
16
11
13
11
13
16
6
6
10
13
15
9
6
13
