15
16
8
10
7
11
0
16
8
0
1
14
15
14
14
13
15
15
11
10
16
7
6
16
1
15
10
7
9
13
11
15
15
8
16
10
14
1
14
9
14
10
13
0
15
15
8
10
8
13
14
16
16
15
16
11
14
10
15
13
6
11
8
10
9
11
14
15
13
6
10
13
14
13
15
11
13
10
8
10
1
11
11
11
9
10
15
8
15
14
13
13
10
13
15
6
10
8
8
7
16
6
16
16
16
8
8
14
10
7
9
16
8
11
9
0
6
16
15
16
11
14
7
6
10
1
14
14
16
10
7
14
11
11
10
15
14
9
1
10
16
14
15
11
0
14
1
11
15
8
6
7
1
15
10
11
14
11
11
9
14
14
10
1
13
9
0
13
6
0
10
16
7
6
6
11
16
13
9
10
14
0
16
15
1
6
15
10
8
6
16
14
11
14
10
6
10
10
10
13
1
11
13
15
10
10
14
1
0
10
7
16
15
1
8
8
14
13
0
10
10
11
15
11
15
14
7
16
14
15
10
9
6
11
9
13
14
15
11
0
1
16
6
11
10
10
16
11
13
14
1
7
16
15
14
15
8
14
15
11
9
15
15
0
13
15
15
14
16
15
16
14
0
7
13
9
7
15
14
6
13
6
7
10
16
16
11
0
8
16
14
13
14
13
10
14
10
10
13
0
9
6
13
