15
10
13
11
16
16
8
9
14
15
16
0
14
16
16
16
6
11
11
6
11
7
13
14
11
15
10
15
1
14
13
6
15
14
6
13
13
0
11
0
15
7
10
10
8
6
11
0
7
6
11
16
11
0
11
15
10
10
13
13
9
11
10
9
0
10
7
11
11
6
15
9
10
15
14
15
14
10
0
13
7
15
16
15
8
15
11
8
10
9
9
16
14
9
13
10
11
11
9
8
13
11
11
14
8
11
9
13
6
7
10
14
16
0
16
9
13
13
6
1
11
15
10
0
15
10
10
0
10
6
15
14
16
14
13
1
14
14
10
10
1
8
14
14
7
0
10
14
16
1
8
8
9
9
9
15
14
13
14
14
7
8
11
0
13
14
13
13
14
14
15
16
14
6
14
15
13
15
9
8
1
16
0
16
16
10
10
9
1
14
13
1
14
0
1
7
11
9
16
6
16
1
0
7
10
11
10
0
8
10
13
14
1
10
7
16
16
6
1
14
1
8
10
0
13
11
8
14
16
15
13
16
7
1
7
10
13
0
14
10
1
16
8
15
9
16
0
7
10
1
7
10
15
16
16
11
1
0
11
1
8
10
14
11
13
13
6
14
1
15
0
10
0
6
9
0
13
6
8
13
6
7
10
0
11
7
14
16
9
14
6
13
6
7
10
13
10
6
11
15
11
6
10
