6
7
1
0
14
8
6
11
10
14
13
7
14
9
8
13
16
7
9
15
15
10
6
7
11
1
11
6
0
14
0
10
11
10
10
14
1
11
0
0
16
13
1
10
14
15
0
8
8
6
16
10
14
10
16
16
11
11
13
16
6
1
14
13
6
16
10
8
9
15
7
7
16
15
9
13
14
9
9
7
1
15
15
1
11
9
0
14
9
10
10
14
11
13
15
14
14
8
15
13
14
0
6
6
14
10
11
7
13
7
9
11
16
13
8
8
7
6
13
6
10
7
6
16
8
0
14
9
15
9
15
11
7
15
16
13
11
11
1
15
13
16
9
9
11
0
9
14
11
1
11
10
0
0
14
6
14
11
16
6
10
13
15
16
16
11
1
1
1
16
10
1
14
14
15
13
7
14
11
14
1
9
16
14
8
10
13
8
9
11
7
15
0
14
10
10
15
1
13
16
8
14
9
14
10
9
16
14
15
10
11
10
15
10
16
16
14
14
0
16
7
15
0
0
6
10
15
11
8
0
9
10
16
13
0
8
16
14
13
0
15
16
11
14
7
10
9
8
14
10
11
6
11
14
7
15
7
15
14
10
6
14
15
8
8
0
13
1
13
16
15
13
8
14
1
7
16
15
6
7
13
9
13
8
10
13
6
1
15
1
6
6
7
10
6
7
9
10
11
16
16
9
11
