15
9
6
14
6
6
11
9
6
0
16
15
15
14
8
10
8
8
16
9
13
10
7
10
0
11
0
11
6
14
6
6
9
7
0
15
15
10
11
6
7
15
13
9
16
10
0
13
7
7
6
16
15
16
14
16
9
15
10
9
6
1
6
15
1
14
11
16
11
7
1
11
14
1
10
9
11
10
15
14
10
14
8
8
16
1
6
8
15
7
1
7
6
9
14
6
11
14
6
16
15
6
14
13
1
1
15
6
14
13
11
14
11
14
0
10
13
9
16
16
9
15
10
6
7
15
1
14
0
6
8
13
16
14
10
10
14
14
8
1
14
6
15
13
8
15
11
6
16
8
16
14
15
6
6
1
13
13
11
15
11
0
16
7
11
10
8
14
0
6
11
0
14
0
13
1
10
7
10
0
10
16
11
8
6
0
11
15
0
11
14
15
16
6
15
15
7
10
14
9
8
15
0
14
11
8
7
1
13
8
15
0
14
16
15
16
10
1
0
15
10
10
15
0
13
14
13
1
16
15
1
16
7
1
14
10
16
14
13
7
11
6
11
6
0
11
13
10
15
15
13
7
16
8
15
15
16
15
11
13
11
11
6
6
16
1
16
11
10
15
10
8
0
11
16
10
0
8
7
13
13
8
0
11
10
11
10
7
1
14
15
11
14
16
10
8
6
7
14
7
1
14
13
