6
9
11
14
9
13
6
11
7
14
9
14
7
0
11
8
13
10
8
7
15
10
6
1
6
9
6
13
14
1
8
10
0
10
16
14
16
11
16
0
9
14
1
13
7
11
13
6
8
6
1
10
14
10
14
6
11
11
14
16
16
11
13
6
0
13
15
1
0
13
14
8
0
15
9
8
14
15
1
0
16
16
11
6
14
15
9
15
14
7
10
6
13
1
7
13
16
0
13
16
10
6
6
7
16
1
10
14
13
7
11
6
8
13
1
9
7
15
10
6
16
14
0
13
10
15
11
9
8
8
15
11
16
1
0
11
11
11
16
8
1
16
10
14
1
9
9
11
16
11
1
8
9
14
1
7
7
11
16
16
15
16
15
0
9
9
7
0
0
6
10
9
15
13
9
16
6
10
6
10
11
15
11
10
11
10
6
8
10
10
14
8
8
14
16
16
15
1
13
6
8
1
15
15
10
16
16
0
0
11
11
13
8
10
16
0
14
14
1
0
13
0
0
1
13
14
16
9
7
10
9
16
16
13
11
13
0
14
13
13
14
16
6
14
11
8
15
13
14
9
9
14
15
7
7
7
7
15
11
10
0
16
1
15
11
13
13
10
8
8
15
7
0
11
16
9
7
15
7
0
13
8
8
8
10
13
14
9
8
11
13
9
10
10
9
9
6
10
11
11
0
6
14
