15
13
14
10
7
11
0
15
14
15
11
14
15
14
1
13
15
10
11
10
11
7
13
16
14
10
10
13
9
14
11
6
0
14
16
10
14
16
6
0
14
16
14
0
10
15
8
0
15
1
14
10
0
10
0
14
10
10
15
13
6
6
8
9
16
11
14
15
16
10
7
11
13
13
11
16
10
10
1
16
11
15
10
0
9
13
13
8
14
11
13
15
8
13
6
0
11
8
9
7
15
6
7
16
16
9
14
10
10
10
9
0
8
16
9
14
0
11
9
14
11
15
10
6
11
1
0
14
14
10
7
14
10
1
10
15
14
16
14
9
11
1
6
11
7
11
16
11
14
1
6
6
9
15
10
9
9
11
7
16
7
8
0
15
13
6
0
13
16
0
0
16
13
6
9
11
16
16
16
10
15
11
16
16
7
16
15
10
8
6
16
14
0
9
9
9
14
14
6
13
1
14
0
1
10
0
14
1
7
8
16
16
7
11
13
13
10
7
0
0
7
7
15
8
13
14
10
16
14
15
10
1
6
11
9
1
0
15
11
14
15
16
16
11
8
11
7
11
13
14
1
7
13
14
6
15
1
7
9
11
14
15
15
0
13
13
15
14
1
9
11
8
0
6
9
0
1
11
14
6
13
6
6
10
16
1
6
0
13
16
16
8
11
14
6
6
10
15
11
13
9
6
13
