15
14
14
10
7
11
0
16
8
14
1
14
15
14
1
13
15
14
11
10
16
7
13
11
8
10
15
7
9
13
11
15
15
8
16
10
14
1
14
16
14
10
8
10
15
15
8
10
15
13
13
16
10
10
16
11
14
1
15
13
6
11
13
8
9
11
14
15
0
7
10
13
1
13
15
11
13
10
7
10
1
15
11
15
9
10
13
8
15
11
13
13
10
13
15
11
11
8
8
7
15
6
16
16
16
9
8
14
10
7
9
16
8
8
9
0
6
16
15
16
14
0
7
6
8
1
0
14
14
16
0
10
11
11
8
15
14
7
10
10
16
14
15
11
0
11
1
11
15
1
6
7
1
16
10
11
14
0
7
9
14
9
10
15
13
9
0
16
6
0
15
16
7
6
6
11
16
13
9
10
14
0
16
16
1
6
15
13
8
6
9
14
0
14
16
6
16
10
10
9
8
14
13
14
8
11
14
1
15
10
7
14
15
1
8
13
16
13
0
6
7
11
15
11
15
14
7
16
7
15
8
1
6
0
9
16
14
15
11
11
8
16
6
11
10
10
16
11
13
14
1
7
16
7
14
15
8
14
7
0
9
15
15
0
13
6
15
10
16
15
16
14
0
7
13
1
10
15
14
6
13
6
7
16
16
16
11
0
8
16
11
13
11
13
0
6
10
10
13
15
9
6
13
