15
1
14
6
10
8
8
9
14
14
6
0
14
16
16
16
8
6
11
10
11
6
13
14
0
15
10
15
15
10
14
10
1
14
7
7
13
14
11
0
10
14
7
11
8
15
11
0
15
6
11
10
11
0
11
15
14
15
11
13
11
8
1
0
13
10
0
10
11
11
15
15
14
10
1
16
14
7
8
9
1
15
6
0
13
15
11
10
9
6
9
16
14
9
13
16
11
16
9
8
10
6
11
14
8
10
10
6
6
6
11
13
16
0
10
7
13
14
7
14
11
15
10
9
1
16
11
0
15
8
1
14
16
14
10
11
14
14
10
11
13
6
0
15
0
15
10
7
16
7
7
7
9
13
13
15
7
13
6
10
9
15
11
7
13
15
6
13
6
6
8
6
11
6
14
15
15
11
6
8
15
11
11
16
0
1
11
11
7
14
7
1
7
9
9
9
11
11
6
8
16
7
1
16
6
11
10
16
10
16
14
9
1
14
16
16
16
15
14
13
16
0
15
11
13
6
14
1
13
15
10
11
7
16
10
9
9
6
11
8
1
16
8
13
6
13
0
14
11
11
7
10
10
6
8
13
16
0
15
6
6
9
14
1
13
13
8
14
16
15
16
13
0
9
0
9
10
8
0
10
9
9
10
7
10
8
14
0
8
14
13
14
6
9
13
6
10
16
6
16
11
8
13
