14
6
11
14
7
6
1
15
7
15
6
15
15
9
16
10
10
10
14
6
10
10
8
1
13
8
8
10
15
9
0
6
9
13
0
9
15
16
15
10
14
16
1
13
15
9
9
13
14
16
10
0
6
0
16
1
9
15
16
10
6
11
6
15
1
14
9
15
11
0
6
7
11
6
8
15
11
0
7
14
16
15
9
8
14
1
1
8
8
0
6
11
15
15
7
0
11
14
6
0
1
14
14
13
1
1
10
8
10
1
13
1
11
14
13
14
13
9
16
0
15
15
10
10
0
15
1
14
0
10
6
16
7
14
8
7
6
14
14
11
14
15
13
11
15
0
11
11
15
8
6
11
8
1
6
1
10
13
11
10
1
0
16
7
11
15
11
7
14
1
10
7
13
0
14
1
10
0
11
9
7
6
16
0
6
16
9
16
15
7
15
13
11
6
15
13
9
16
16
14
16
15
11
14
11
14
0
1
7
8
0
14
10
14
10
16
6
16
0
0
10
13
15
15
16
11
1
14
14
15
7
16
7
16
1
10
7
6
9
1
11
14
0
0
1
9
13
16
15
1
14
1
1
16
15
10
14
10
14
1
14
10
1
7
14
1
8
6
10
1
16
15
0
16
14
14
7
8
14
13
13
15
10
16
13
11
11
13
10
7
14
9
11
16
10
16
7
8
11
7
7
1
7
