15
1
14
10
7
11
0
16
8
15
6
14
15
14
1
13
15
8
11
8
16
16
13
16
8
10
10
7
9
13
11
15
15
8
16
10
14
1
14
16
14
10
8
0
15
15
0
10
15
13
14
16
10
10
16
11
14
10
15
13
0
11
10
9
11
11
10
1
13
7
10
13
1
13
15
13
13
10
8
10
14
15
11
11
9
10
8
8
14
11
13
14
10
13
15
11
11
8
8
7
15
6
16
16
16
9
8
14
11
7
9
16
8
8
9
0
6
16
15
16
11
14
7
6
10
1
0
14
14
10
7
14
11
11
8
15
14
6
10
9
16
14
15
11
7
11
1
11
15
1
6
7
1
15
10
11
14
11
7
9
14
8
10
15
13
6
0
13
6
0
15
16
7
6
6
11
16
13
9
9
6
0
16
16
1
6
15
10
8
6
16
14
0
14
16
15
16
15
14
13
1
14
13
14
10
8
14
1
15
10
7
9
15
1
8
13
16
13
13
10
9
11
15
11
15
14
7
15
7
15
10
1
6
11
9
16
15
15
11
11
0
16
6
11
10
10
16
11
13
14
1
11
16
15
14
15
8
14
7
11
9
15
15
16
13
11
15
14
16
15
16
14
0
7
8
9
8
15
14
6
13
6
7
10
6
16
11
16
8
16
11
13
11
13
0
6
10
10
13
7
9
6
13
