6
6
14
15
14
10
8
7
14
14
7
15
15
7
16
8
11
7
11
11
8
10
11
15
1
16
13
16
0
14
9
0
15
1
9
0
0
11
7
14
7
8
14
7
8
13
1
6
14
6
14
8
9
10
11
7
1
7
9
13
7
9
8
7
7
14
11
9
0
0
1
11
0
14
11
0
15
10
15
6
0
10
13
6
11
11
16
11
0
7
6
10
7
10
10
1
13
8
14
7
9
16
9
14
10
0
11
15
7
13
0
14
13
13
15
16
9
11
16
6
7
14
6
13
14
10
9
1
15
14
7
15
11
14
13
14
7
14
0
8
15
9
0
16
7
6
11
10
14
10
11
10
9
11
15
11
7
15
10
8
11
15
15
13
13
10
14
15
0
15
11
13
6
1
1
16
16
0
16
6
1
6
15
0
14
6
10
8
1
0
15
7
15
11
6
9
11
10
15
16
0
0
6
8
7
7
11
9
8
9
11
16
11
13
10
10
0
9
11
6
15
8
13
6
0
13
6
16
8
10
9
10
13
6
16
7
6
8
15
15
15
6
8
6
11
6
13
1
15
1
14
9
13
16
0
14
6
8
0
9
8
14
8
0
16
11
14
16
0
15
15
1
6
13
15
11
16
14
14
9
6
1
10
15
8
9
9
6
10
15
14
10
0
13
1
9
6
7
14
15
11
14
13
