8
7
15
11
1
8
14
7
14
9
7
14
15
7
8
7
8
10
11
11
15
10
11
16
1
15
13
1
16
10
9
13
11
16
14
0
6
0
8
14
7
8
14
16
15
16
1
13
14
6
14
16
0
15
11
13
9
0
0
11
6
0
1
16
6
6
13
7
8
11
0
10
9
14
10
0
9
14
6
8
7
7
14
9
10
16
15
8
6
15
15
15
9
0
9
6
13
7
15
11
1
16
7
14
9
0
7
8
11
6
10
16
16
11
7
9
8
11
15
15
7
7
9
13
14
16
15
14
7
16
16
15
11
10
0
11
15
8
14
8
1
13
1
16
7
11
10
13
10
14
7
1
16
11
11
7
7
15
10
7
11
13
15
13
13
16
11
0
0
8
11
13
10
7
1
16
0
6
8
15
7
8
6
16
11
0
16
16
1
9
15
7
9
15
14
6
10
15
14
14
0
13
13
1
6
13
11
6
11
8
9
7
0
16
7
8
6
9
7
9
15
0
0
11
6
7
6
15
8
11
1
11
9
11
1
13
6
6
14
8
13
0
16
9
10
0
13
16
15
10
0
7
10
11
1
14
10
8
16
1
8
0
7
0
16
9
13
16
14
8
13
1
6
8
7
16
10
8
1
9
6
1
8
15
9
15
9
14
6
15
14
15
15
11
7
8
6
6
1
6
6
14
7
