13
7
10
13
0
14
15
11
0
8
1
0
13
10
1
15
10
16
14
14
8
7
6
6
16
11
1
6
9
10
11
11
9
7
15
13
0
10
15
1
10
10
10
6
14
9
1
9
6
7
16
9
9
9
10
13
14
7
7
1
13
8
8
8
11
6
8
13
11
11
1
0
9
14
1
16
7
13
14
7
8
13
10
15
1
11
13
1
7
14
15
7
8
0
15
10
8
14
13
11
11
15
0
11
16
14
7
15
8
10
11
1
10
6
1
8
14
14
15
13
8
9
13
1
15
15
14
15
8
6
7
14
14
14
15
10
0
10
6
14
14
7
6
10
8
9
13
9
10
14
9
6
9
0
6
10
14
7
0
1
6
11
11
14
6
8
13
14
6
16
1
14
8
8
7
10
8
16
11
1
15
8
9
8
9
13
13
10
7
0
15
13
14
13
1
16
13
16
8
11
14
0
7
7
16
15
1
7
10
6
14
1
14
0
0
6
13
13
7
6
15
9
15
13
11
10
1
1
15
16
1
13
6
6
8
14
7
15
13
11
0
0
9
6
7
13
10
0
10
1
8
8
6
6
15
1
1
9
10
13
9
8
7
11
11
0
11
9
10
6
11
14
11
11
6
11
7
9
15
1
16
15
8
16
15
7
9
10
15
8
9
10
1
7
10
10
8
8
13
1
8
14
8
