15
7
6
14
6
6
8
15
6
0
16
15
15
14
8
10
8
8
16
9
13
10
7
10
0
11
0
10
6
14
6
0
9
13
16
15
15
10
11
6
7
7
1
0
15
10
0
13
7
7
6
16
15
16
14
16
9
15
16
9
6
6
6
15
13
14
11
11
11
0
1
11
6
1
1
9
9
10
7
10
10
13
8
8
14
1
6
1
15
7
14
11
15
9
14
6
11
0
6
16
15
14
14
13
1
1
0
7
16
13
13
14
11
13
13
10
13
9
9
16
16
15
10
10
7
15
1
13
0
6
7
6
7
14
0
15
14
14
1
11
14
7
16
13
8
15
11
6
16
8
6
14
1
6
6
9
13
9
11
15
1
0
16
7
11
10
11
14
0
0
11
14
14
16
13
1
10
7
0
7
10
16
6
8
6
1
11
15
0
7
14
13
7
6
15
1
7
10
7
14
8
15
0
14
11
8
14
1
8
8
0
1
10
14
11
16
14
1
0
10
1
10
15
0
13
13
1
8
16
15
7
6
7
9
1
10
1
14
13
7
11
6
0
9
1
11
13
10
15
15
13
7
1
8
15
15
9
15
11
13
11
11
14
11
14
1
16
16
10
15
10
14
0
11
8
16
7
8
14
13
13
8
0
16
7
11
10
16
10
7
8
11
7
7
10
8
6
6
8
7
1
14
0
