15
11
8
14
11
11
8
15
6
1
7
7
7
1
14
7
13
11
7
14
7
13
9
13
6
8
11
15
1
8
1
16
10
11
7
10
15
16
11
11
10
16
1
11
11
8
9
9
15
7
6
1
6
10
16
1
10
14
16
6
11
6
0
15
13
16
1
11
11
1
15
10
13
14
8
16
13
7
0
14
7
15
10
0
9
10
1
11
8
11
9
15
10
9
6
15
0
14
0
6
14
16
16
7
14
13
9
11
13
13
13
11
11
13
14
9
13
9
13
14
16
15
10
13
1
9
10
14
1
11
11
11
10
8
13
7
14
11
0
10
7
15
7
11
10
15
11
1
16
13
6
11
7
13
6
13
10
13
9
11
11
8
11
16
0
10
1
16
6
0
0
1
11
6
15
7
6
14
1
7
10
11
1
16
15
1
8
16
7
7
1
8
14
6
1
16
14
11
16
13
14
14
1
10
6
9
10
1
8
16
11
16
8
14
0
14
6
6
13
14
10
0
15
0
13
0
0
16
0
15
1
6
13
13
7
10
13
15
0
13
1
7
8
0
1
13
13
14
15
14
0
7
8
7
9
15
1
8
16
1
14
7
0
1
14
1
8
16
6
14
16
14
0
15
9
14
13
15
0
7
15
15
10
15
10
11
11
14
9
10
10
13
15
11
10
14
8
6
14
16
1
6
13
