15
14
6
11
15
1
16
16
10
9
14
1
15
8
8
15
14
8
14
13
16
11
14
13
11
13
16
15
8
11
8
8
14
13
16
16
6
13
11
15
11
9
11
15
15
6
14
16
10
8
11
15
9
7
14
15
14
8
16
7
15
11
6
10
7
1
16
16
7
10
14
13
16
16
16
9
15
10
11
8
10
1
13
11
7
11
7
11
15
1
14
11
11
13
8
11
16
13
13
7
15
9
14
1
16
1
7
11
11
14
16
6
14
16
6
7
11
13
6
11
15
15
11
11
0
14
14
14
14
9
13
6
11
11
16
14
14
1
14
15
11
16
14
0
7
10
13
9
16
14
1
15
9
14
0
15
16
13
15
7
8
0
15
10
0
8
15
6
14
15
10
13
1
15
1
7
9
10
7
9
13
16
13
1
15
14
15
7
8
11
11
16
14
10
9
16
9
14
16
14
14
11
10
1
8
14
16
9
14
16
10
14
15
7
11
15
6
8
16
6
6
0
15
15
10
7
8
10
16
14
7
11
7
6
10
15
0
16
14
15
10
6
15
13
11
14
14
9
11
11
7
15
7
16
6
11
14
15
1
8
14
11
16
14
13
14
13
11
13
14
14
16
13
1
11
15
7
8
10
10
15
0
14
7
10
0
0
6
14
10
15
13
15
1
0
16
11
10
1
11
11
11
10
