15
13
11
7
7
11
0
9
14
15
7
0
9
14
1
16
15
0
11
10
11
7
13
16
1
6
10
7
9
16
11
6
0
14
16
10
14
16
7
0
10
15
14
11
10
9
8
6
15
13
14
11
0
10
10
14
10
10
11
13
6
10
6
8
16
11
14
15
13
14
7
11
13
11
11
16
15
10
8
16
11
15
10
9
14
13
7
8
14
11
13
15
8
9
6
11
11
9
15
7
15
6
7
8
16
1
7
10
6
0
9
0
8
0
7
14
0
11
9
16
11
15
7
6
10
1
0
14
14
10
7
14
11
1
10
11
14
16
8
9
11
1
13
11
7
11
16
11
11
1
6
6
9
15
15
9
0
11
7
16
14
8
14
15
13
6
13
15
6
0
0
6
13
6
14
11
11
16
8
10
15
11
16
16
10
1
15
10
13
9
16
1
1
9
9
9
14
14
7
13
1
14
0
14
10
0
1
1
7
8
16
13
7
11
13
14
10
7
0
16
7
16
15
8
11
14
10
13
14
15
10
1
6
11
16
1
0
15
11
7
15
16
8
7
8
14
9
13
8
14
1
7
15
14
13
10
1
7
16
1
6
6
0
0
13
13
1
16
15
9
8
14
0
6
9
0
6
8
14
6
13
10
10
10
16
1
6
6
6
16
16
13
11
14
6
6
10
15
11
13
9
11
8
