6
10
1
1
6
8
6
14
10
14
8
11
14
7
8
10
13
7
14
11
16
10
6
8
9
15
16
8
6
11
9
10
13
0
15
9
16
11
0
0
11
9
15
16
14
1
8
8
8
6
10
16
13
10
1
15
11
8
0
16
13
1
0
7
15
13
14
8
11
15
7
1
16
15
9
13
15
13
9
1
10
1
6
1
11
9
11
6
15
7
10
14
0
13
8
13
14
10
14
8
9
14
14
6
7
10
11
14
13
8
13
13
8
13
8
8
7
6
16
15
10
13
6
16
10
13
14
15
8
9
15
6
7
0
16
16
1
11
13
15
13
1
10
14
15
0
9
0
11
11
14
7
9
15
11
16
7
15
6
6
10
16
6
15
9
1
16
16
1
16
10
11
1
14
6
6
7
10
11
14
9
14
1
14
14
10
13
8
8
16
14
10
0
14
10
13
15
1
9
6
8
14
9
14
10
9
16
14
15
15
11
13
10
10
16
16
14
14
0
8
15
11
0
0
11
11
10
6
7
16
9
1
1
13
0
7
0
14
7
0
15
16
11
14
14
7
6
1
6
10
9
8
8
15
6
15
7
15
14
10
6
14
0
16
1
1
8
11
14
8
15
1
8
14
1
14
9
6
11
13
13
8
6
8
10
7
6
9
16
11
6
6
13
10
6
10
10
10
11
11
6
9
15
