6
1
6
16
9
14
6
14
10
14
8
15
14
0
15
16
13
7
15
1
1
10
7
8
13
1
0
13
14
14
9
16
11
10
10
1
16
8
0
0
10
13
1
16
14
15
11
8
15
6
0
10
14
0
8
1
13
16
16
16
13
1
0
7
15
9
14
1
7
11
7
7
11
13
9
6
6
9
9
9
10
14
11
1
14
9
6
8
9
8
8
14
0
13
14
10
11
14
14
13
0
11
11
7
7
10
0
16
15
11
13
13
1
9
8
11
6
16
0
6
8
7
0
16
16
6
13
15
11
16
1
6
7
15
16
15
8
8
15
9
1
1
10
0
15
9
14
14
11
7
11
10
0
6
6
16
11
7
16
6
10
14
15
6
9
11
16
15
1
16
10
1
14
14
6
0
7
6
10
14
11
13
1
10
8
11
10
6
9
7
10
10
11
14
10
11
0
15
10
8
0
14
9
14
10
9
1
14
15
10
11
11
7
10
16
16
14
14
0
1
8
11
14
0
6
7
15
6
15
14
13
10
10
11
0
16
9
16
13
16
7
16
11
8
14
13
6
13
14
10
14
6
0
15
8
15
16
15
6
16
6
14
6
8
15
1
9
11
15
8
10
15
8
7
13
15
9
10
13
16
13
6
6
6
10
13
0
6
9
13
14
14
14
10
6
9
9
10
10
11
14
11
1
