15
15
14
11
10
16
8
13
14
13
7
0
14
16
16
16
8
11
11
10
11
1
9
14
8
15
10
15
1
6
8
6
15
14
0
7
13
16
11
0
15
10
7
10
8
6
11
0
10
6
11
10
11
0
11
15
10
10
11
13
8
8
10
9
0
10
7
11
11
11
15
15
15
14
10
15
14
10
0
13
15
15
10
15
8
15
11
7
10
7
9
16
14
11
13
11
11
11
9
7
13
13
11
14
8
13
15
13
6
6
11
14
16
0
10
9
15
11
14
1
11
15
10
13
8
10
1
0
14
0
11
14
16
14
10
11
14
16
6
9
11
16
0
11
7
0
10
11
16
1
11
8
9
13
10
15
7
13
6
14
13
13
11
0
13
15
9
13
14
14
15
16
13
6
14
1
13
15
9
8
1
16
0
16
6
7
15
16
10
14
13
1
14
0
1
9
11
11
16
8
11
1
10
7
6
16
10
0
7
10
13
14
1
7
7
15
16
7
1
13
1
8
6
0
13
7
8
14
16
15
15
15
7
16
7
10
13
0
9
7
1
16
8
15
9
13
9
7
10
1
7
0
16
16
16
13
1
0
10
1
6
10
14
1
13
13
11
14
1
15
16
13
0
6
9
0
13
8
1
13
14
7
10
0
10
7
14
9
0
14
6
13
6
7
10
13
10
6
6
16
11
6
0
