15
10
14
11
10
8
8
9
14
14
7
0
14
16
1
16
8
7
11
10
11
16
13
14
0
15
10
15
15
6
14
10
1
14
7
7
13
14
11
0
15
14
7
11
8
15
11
0
15
6
11
8
11
0
13
15
14
10
11
13
11
8
1
0
14
9
14
10
11
11
15
15
9
13
10
16
14
7
11
9
1
15
6
1
13
15
11
7
9
6
9
16
14
9
13
16
11
11
9
7
10
13
11
14
8
10
10
6
6
6
11
13
16
0
10
7
13
14
14
1
11
15
10
9
1
10
11
0
14
0
1
14
16
1
14
11
14
14
10
11
11
6
0
7
0
0
10
7
16
7
7
8
9
13
13
15
7
14
6
14
15
15
11
7
13
15
6
13
6
9
8
16
11
6
14
15
15
11
9
8
15
11
11
16
7
1
15
15
9
14
16
1
14
1
1
9
11
11
6
8
16
7
6
16
6
11
10
8
7
16
14
9
1
8
7
16
16
15
10
16
9
0
15
11
15
6
8
11
10
15
7
11
7
16
7
9
9
6
11
6
1
16
8
16
11
13
15
14
15
11
11
10
10
6
16
13
1
0
13
6
6
9
14
1
13
13
8
14
16
15
16
13
0
6
0
9
15
7
0
10
14
7
10
10
10
10
14
0
14
14
11
13
6
9
13
16
10
8
6
16
11
6
13
