1
14
9
11
8
16
14
1
9
13
16
6
6
16
7
7
11
16
8
11
0
8
9
9
14
14
14
15
14
0
1
11
10
0
7
13
13
7
15
8
13
16
0
1
15
15
14
11
1
14
16
1
0
13
6
14
6
0
6
14
14
1
8
16
6
11
8
9
11
10
7
9
13
11
10
10
16
11
9
9
9
14
9
8
7
6
10
14
9
15
13
1
1
16
9
13
11
6
14
14
0
14
8
11
10
15
8
13
7
6
14
16
15
16
15
15
14
6
8
16
6
16
11
8
8
15
0
9
15
0
13
8
11
7
11
13
6
9
9
1
7
14
15
0
9
16
15
8
15
7
1
6
8
9
13
7
14
15
0
11
14
7
14
16
9
7
11
6
0
7
9
11
1
16
6
6
0
8
13
15
9
7
15
9
14
14
9
13
7
13
6
15
9
7
11
16
16
6
0
14
6
0
15
16
7
11
9
10
16
15
14
14
11
7
7
8
1
14
15
1
8
0
11
14
6
6
1
15
1
10
0
1
8
16
10
11
0
10
6
16
9
14
15
10
10
1
7
1
1
8
7
13
13
13
1
6
1
9
0
15
8
1
15
8
9
11
1
15
7
1
11
1
1
7
7
7
1
15
10
11
1
0
11
1
15
6
13
15
13
10
1
14
0
16
13
1
0
6
13
10
9
14
14
