15
6
6
11
15
9
1
15
9
14
10
10
8
7
6
7
0
11
6
0
11
13
10
16
11
8
0
14
0
8
14
13
16
6
16
13
14
9
10
6
14
16
1
11
8
9
9
6
14
6
14
9
0
13
13
10
10
14
0
11
6
6
11
9
13
10
16
7
11
7
9
1
13
16
8
10
6
7
0
14
7
9
10
10
15
6
1
11
8
11
7
15
10
9
7
9
11
15
7
1
8
11
16
7
14
10
10
10
6
11
9
9
1
9
14
9
13
9
6
16
16
15
13
11
6
13
9
16
14
11
7
11
10
0
7
8
14
0
16
11
15
8
6
8
10
6
6
6
16
1
6
0
15
8
6
8
7
0
16
11
16
8
15
15
0
8
1
1
6
1
13
9
13
6
15
7
11
16
1
9
6
1
1
0
9
10
13
16
6
7
7
8
14
9
1
9
14
15
6
13
14
7
0
14
16
16
16
1
1
16
9
9
8
11
7
14
6
6
0
14
16
1
15
14
13
7
7
11
14
0
10
0
6
16
6
10
10
15
1
8
13
16
11
6
14
13
9
8
13
6
14
16
16
7
14
7
7
8
1
14
8
7
1
1
9
13
11
10
1
9
16
14
0
8
10
8
13
0
14
11
14
10
10
7
10
6
11
8
13
16
10
13
14
13
10
14
10
6
8
13
10
10
6
