1
13
14
7
7
11
16
6
14
15
7
14
16
9
1
16
15
10
11
16
11
9
13
16
1
6
10
7
9
13
11
6
0
0
16
16
14
14
7
0
14
0
14
11
10
9
11
6
15
15
14
10
0
10
15
0
10
10
11
13
6
10
6
14
16
11
14
15
13
14
7
11
13
11
11
16
10
10
8
16
11
15
10
14
9
13
7
8
14
11
13
15
13
9
6
11
11
8
13
7
15
11
7
8
16
16
10
10
6
0
9
6
14
9
7
14
0
11
9
16
11
15
1
6
10
1
0
14
14
10
7
14
11
11
10
11
14
16
8
10
1
1
16
11
7
11
16
16
16
10
10
6
9
15
9
9
9
11
7
16
14
9
14
10
13
6
14
7
6
0
0
11
13
9
14
11
11
16
16
10
15
11
16
16
10
1
15
11
8
9
16
1
1
9
15
9
14
14
7
9
1
14
10
14
15
0
1
1
7
8
16
13
7
10
7
14
10
7
0
9
7
16
15
9
13
11
10
13
14
15
15
1
6
11
9
1
11
15
11
14
6
16
8
15
6
11
9
8
8
14
1
13
10
14
13
10
1
7
1
1
14
6
0
0
13
13
1
16
15
8
16
14
0
6
9
0
6
8
14
6
13
6
10
10
9
8
6
0
8
16
14
13
11
8
6
6
10
15
11
13
9
6
13
