16
6
15
11
13
8
11
16
14
15
7
14
15
7
8
7
11
16
11
11
15
8
8
0
1
16
13
1
0
10
9
13
11
8
14
1
6
9
8
14
0
8
14
14
15
16
1
13
14
6
14
0
0
14
11
13
0
0
0
0
6
16
10
11
6
6
13
7
9
0
0
10
9
6
10
0
9
8
14
8
7
7
14
6
10
16
15
11
6
15
15
9
7
10
9
7
13
7
15
11
1
16
6
14
0
0
7
8
11
1
10
15
0
11
11
9
8
11
7
8
7
7
9
13
14
7
9
14
7
11
16
9
11
10
0
11
15
16
14
8
15
6
6
16
7
11
10
13
13
14
7
1
16
11
15
7
7
15
10
10
11
13
15
13
13
10
11
0
0
15
11
13
10
9
1
16
6
11
8
15
16
8
13
16
11
1
1
16
1
9
15
7
9
15
14
9
10
15
14
10
0
14
13
1
6
13
11
6
11
8
0
13
8
14
7
8
14
9
11
9
15
0
16
11
6
11
6
15
8
11
1
14
9
11
1
13
6
6
11
8
13
0
16
9
10
0
13
16
6
10
13
9
6
6
11
7
10
8
14
7
7
0
0
0
8
13
14
16
14
8
13
14
13
8
1
16
10
14
6
9
14
6
8
15
9
9
11
14
16
13
14
10
10
7
7
0
9
15
1
8
8
14
13
