15
16
6
14
6
6
8
13
6
11
16
15
15
14
10
10
8
8
16
9
6
10
13
10
0
15
0
11
6
14
6
14
9
7
16
15
0
10
11
9
7
15
7
9
16
10
0
13
7
7
6
11
15
16
14
16
9
15
16
9
6
11
6
15
9
14
9
11
11
0
15
11
14
1
10
11
11
10
16
10
10
14
8
7
14
9
9
8
8
7
14
11
6
11
11
6
11
14
1
16
15
6
14
13
1
1
15
1
14
10
11
10
7
14
10
10
11
9
16
16
16
15
10
6
8
15
1
14
0
16
15
6
7
14
8
15
16
14
11
11
14
6
15
16
8
15
11
6
16
8
16
14
15
6
6
1
9
13
11
15
14
16
16
7
11
6
15
14
0
0
6
14
1
13
13
1
10
7
10
0
8
16
6
8
0
0
11
15
0
7
14
15
16
13
15
15
7
10
6
14
8
6
0
14
11
9
7
1
0
8
0
0
8
16
6
16
10
1
0
10
15
10
15
0
13
6
13
11
16
15
1
6
7
16
14
10
7
16
13
7
11
6
11
6
0
11
13
11
15
15
13
7
1
8
15
15
15
15
11
13
11
1
15
11
14
1
10
16
10
15
10
8
0
11
16
10
7
8
7
13
7
8
0
16
7
11
10
7
10
7
8
11
7
16
10
8
7
7
14
7
1
14
13
