16
14
11
11
7
16
7
10
1
1
8
7
0
7
15
8
8
11
16
0
9
14
10
6
16
10
11
11
16
14
15
13
16
8
15
10
13
10
14
10
0
16
13
8
7
0
9
7
10
7
14
9
9
15
11
7
10
14
6
0
14
7
16
6
13
15
16
16
1
9
11
11
16
9
14
0
8
7
0
0
11
14
15
1
11
11
14
10
15
11
14
10
10
9
13
11
8
14
14
10
8
8
16
9
6
13
10
13
14
7
6
15
9
0
8
9
8
10
7
16
16
15
8
8
1
15
9
10
14
11
8
10
11
14
13
7
14
0
16
11
13
13
6
16
8
1
13
16
1
10
13
7
8
16
0
15
7
14
16
10
0
8
10
8
13
7
1
15
9
8
8
16
10
16
9
0
13
0
0
13
8
15
0
14
16
8
9
11
0
10
15
15
14
0
14
7
0
15
1
0
14
13
0
15
0
10
16
1
7
8
1
0
8
11
16
10
1
10
6
1
13
8
8
15
0
10
1
8
1
10
9
9
16
14
16
0
0
1
14
0
0
13
15
9
7
9
0
10
8
13
6
16
11
8
10
7
6
0
6
9
9
7
9
14
14
7
8
9
1
16
11
14
10
8
10
14
13
13
11
11
1
15
16
0
7
1
11
13
13
7
7
13
13
6
6
9
13
13
16
6
10
9
7
