6
14
11
11
13
1
7
16
6
10
0
11
13
15
10
1
15
14
7
14
16
8
15
14
1
11
15
7
7
1
15
10
11
14
13
11
13
0
8
15
7
13
7
0
6
15
13
15
1
14
14
16
16
11
9
7
11
8
15
1
13
9
15
14
11
6
0
10
13
8
8
14
6
11
8
11
13
9
1
16
9
0
16
9
1
1
16
7
11
10
14
9
0
13
6
14
13
1
15
16
0
16
13
13
1
14
0
13
9
13
8
1
7
13
9
10
13
1
16
0
11
11
8
9
6
10
16
13
14
8
1
1
16
0
9
1
10
10
13
6
0
13
9
8
7
0
10
9
11
0
6
10
10
14
8
16
11
14
0
8
7
10
15
13
16
13
9
0
16
14
15
6
11
10
1
8
15
9
14
1
9
9
14
14
6
14
0
11
16
0
10
8
8
1
9
9
8
0
10
9
7
11
16
10
9
14
9
6
11
1
10
10
14
16
1
0
11
0
14
7
11
1
13
10
9
13
0
16
0
10
13
15
15
7
13
14
7
6
16
1
11
7
0
10
14
9
13
11
16
13
1
8
7
9
15
16
11
11
7
14
15
6
8
13
16
0
14
9
15
11
7
15
1
13
11
7
14
13
8
6
10
11
15
15
16
0
16
6
13
6
8
14
14
0
9
0
14
6
1
11
15
7
11
