14
13
8
14
11
11
11
11
6
14
10
14
11
6
6
7
13
11
15
10
1
11
10
10
14
10
7
0
14
11
7
13
11
11
1
10
15
7
6
6
8
16
1
11
8
13
9
7
15
10
15
14
0
13
16
10
10
15
16
14
16
1
1
9
13
11
14
16
14
13
16
10
0
15
8
16
13
10
0
6
9
15
10
10
13
10
11
8
6
14
9
15
7
9
9
14
11
9
16
16
14
6
16
15
9
9
16
11
6
13
6
0
16
6
7
8
6
9
13
15
13
11
0
10
6
1
1
0
14
11
7
10
16
14
13
11
10
13
1
8
11
6
1
13
6
10
11
7
16
13
10
10
6
9
15
13
9
13
9
11
16
8
14
16
0
10
11
1
15
6
0
1
13
13
8
8
13
13
1
6
10
10
10
16
15
10
11
9
10
11
8
14
14
10
7
7
14
13
10
16
16
11
6
14
7
16
0
14
13
15
14
9
15
14
16
14
6
13
1
0
14
11
11
15
14
6
13
13
0
15
8
6
11
6
16
6
8
16
6
7
11
6
14
13
13
13
8
14
9
15
8
10
16
16
14
8
13
8
13
6
13
7
9
10
14
6
10
0
0
16
15
11
0
14
9
14
11
16
8
9
13
6
14
10
15
11
11
14
14
16
10
15
1
16
13
9
1
7
14
7
15
13
13
