16
7
15
14
13
8
8
6
14
8
7
14
15
7
15
11
8
10
13
11
14
10
11
16
14
15
13
1
0
10
15
13
11
16
13
0
6
1
1
14
16
8
14
13
14
10
15
13
14
6
14
16
0
14
11
13
10
11
11
16
13
0
1
16
15
6
10
10
14
11
6
15
9
6
10
0
7
14
14
8
0
10
6
9
10
16
9
11
6
15
11
15
9
8
9
6
13
11
15
9
11
16
7
14
11
0
7
8
11
10
10
16
8
11
16
9
6
11
16
15
7
10
9
14
13
16
11
14
7
16
16
15
11
10
0
11
14
8
14
8
1
13
1
16
6
11
10
13
10
14
7
1
15
11
8
13
7
1
7
7
11
15
14
13
13
10
11
8
0
15
11
10
10
9
1
16
6
6
1
10
7
8
6
16
11
0
16
16
1
9
13
7
9
15
14
1
10
13
14
14
0
13
13
1
6
16
11
6
11
8
8
16
15
16
7
8
6
9
11
9
15
0
0
11
6
7
6
15
8
16
1
11
9
11
1
13
6
6
14
8
16
0
16
7
10
0
13
16
15
10
0
7
16
11
11
14
10
8
10
6
8
0
7
0
15
9
14
16
14
8
8
1
6
16
1
16
6
0
14
9
6
6
8
15
9
9
15
14
9
15
8
15
15
1
7
8
0
6
1
8
6
14
7
