10
7
7
16
15
16
11
7
13
7
10
8
7
0
7
10
9
14
16
7
13
16
14
1
11
9
1
0
15
13
0
15
1
9
6
13
0
11
6
13
15
10
16
8
1
13
0
14
8
10
9
14
1
7
0
15
15
0
9
7
14
8
15
0
14
10
8
13
16
11
16
11
6
16
13
13
9
0
16
15
6
9
16
8
7
0
7
0
1
15
8
14
16
0
13
15
11
8
13
14
7
15
0
15
10
11
11
0
1
10
14
8
14
15
1
7
11
9
8
8
14
15
13
15
10
11
11
9
15
6
1
11
9
9
10
15
0
13
11
14
9
11
8
9
11
14
16
13
16
11
16
6
9
6
8
9
16
16
7
1
16
0
14
11
16
9
1
14
0
14
11
1
11
13
13
7
16
14
8
7
9
9
8
16
16
14
9
13
6
16
10
15
9
0
9
9
15
7
13
13
10
7
10
11
13
11
16
11
11
10
8
6
10
16
1
16
7
16
8
16
13
13
6
10
10
6
10
6
10
0
6
0
14
7
11
9
0
8
13
1
7
13
14
16
8
9
16
1
9
7
11
11
1
9
0
7
0
15
6
15
8
0
6
14
9
9
10
7
6
15
16
14
15
11
8
16
0
14
14
11
9
1
13
11
11
0
8
10
11
0
0
11
8
11
8
7
0
15
15
6
15
16
10
