14
16
14
9
16
1
8
8
8
8
14
16
7
11
13
16
9
9
13
14
15
13
14
11
11
1
11
0
11
1
14
16
1
0
6
1
7
14
1
15
0
9
13
13
7
0
11
1
15
16
0
14
0
16
15
0
9
6
11
1
6
11
15
9
16
1
10
8
13
16
13
15
8
11
14
0
7
1
0
11
9
14
7
1
14
13
7
16
7
15
16
7
6
13
6
13
8
9
15
11
11
13
14
7
11
16
1
10
6
10
7
10
9
9
6
9
1
8
11
14
10
6
11
0
13
13
11
9
0
14
8
13
14
10
6
9
13
15
1
9
10
15
11
0
7
7
15
11
13
11
8
9
7
14
7
6
11
9
1
10
15
1
15
11
10
15
1
8
14
14
7
0
10
8
13
1
7
0
8
14
13
8
9
8
1
16
11
13
15
13
1
8
11
8
10
8
10
6
15
15
15
6
0
1
8
16
14
16
8
15
6
16
6
13
15
9
6
9
6
0
1
16
14
7
15
10
1
13
16
11
7
11
8
8
6
1
7
16
6
13
13
14
13
10
0
15
15
0
7
9
15
15
7
9
9
15
8
0
1
16
16
0
1
6
11
15
14
9
1
15
1
15
16
10
13
16
8
15
8
11
9
16
6
9
14
10
10
1
16
15
8
11
16
10
1
1
1
8
16
14
16
0
14
