14
6
14
9
15
15
7
13
14
13
14
14
11
11
13
6
9
8
6
8
15
13
0
0
7
1
0
6
13
13
8
16
10
0
9
11
7
10
1
0
9
7
13
13
7
0
11
14
15
14
0
14
15
16
15
0
9
8
11
1
11
1
15
13
7
0
16
0
11
16
7
1
9
13
14
0
7
1
14
6
9
14
14
16
14
14
10
9
6
6
13
7
7
13
8
13
14
9
9
0
11
14
13
11
11
15
7
10
6
0
9
10
11
9
11
11
16
16
15
10
16
11
11
0
13
13
13
1
0
11
1
13
14
10
15
9
13
10
1
9
10
6
9
7
6
6
15
16
15
11
8
15
6
14
1
10
11
13
1
10
6
15
8
6
10
9
1
8
16
14
7
13
10
10
13
1
8
14
8
8
14
14
10
9
7
1
11
16
1
13
8
9
14
7
7
8
10
6
7
13
7
6
6
1
8
8
11
9
1
15
1
1
0
13
11
9
0
11
0
1
7
16
10
16
7
0
1
15
7
6
7
6
13
7
6
16
13
7
13
11
13
14
6
10
0
15
9
8
7
10
9
15
10
15
10
15
8
8
1
16
14
0
15
6
7
8
1
9
6
8
14
13
9
7
14
13
8
15
1
9
9
0
1
15
14
8
10
11
11
11
10
11
8
10
9
6
1
0
16
13
16
16
0
