15
10
13
9
16
16
8
0
9
7
16
0
14
16
16
16
8
11
11
10
11
1
9
14
8
15
0
15
1
14
13
6
14
14
7
16
13
0
7
0
15
7
10
10
8
6
11
0
15
6
11
16
11
0
11
15
10
10
16
13
8
8
10
9
0
10
7
11
11
11
15
15
15
14
10
15
14
10
0
13
7
15
8
15
8
15
11
8
10
7
9
1
14
9
13
11
11
11
6
7
13
16
11
14
8
11
9
10
6
7
16
14
16
0
10
7
13
13
6
1
11
15
10
0
8
10
10
0
11
8
8
14
16
14
10
1
14
14
10
0
11
10
0
14
7
0
10
14
16
10
8
0
9
9
10
15
7
13
14
14
7
8
11
0
16
14
13
9
14
14
15
16
13
6
14
1
13
15
9
8
1
16
0
7
6
10
0
16
1
14
13
1
14
15
1
7
11
9
16
6
11
0
10
7
10
16
10
0
7
10
13
14
1
7
7
16
16
6
1
7
1
8
10
0
13
7
8
14
16
15
15
16
0
9
7
10
13
0
14
10
16
13
8
15
16
11
0
7
10
1
7
0
15
16
16
11
1
0
11
15
6
7
14
11
13
13
6
14
1
15
16
0
0
6
9
0
13
14
16
13
14
7
10
0
10
7
14
16
8
14
6
14
6
7
11
13
10
13
6
16
14
6
15
