14
13
8
14
11
11
11
7
6
14
7
7
0
6
15
7
13
11
16
10
16
11
7
15
11
1
11
15
9
11
7
13
11
8
0
13
15
15
11
1
10
16
1
11
10
15
9
9
15
10
15
1
6
13
16
1
10
6
16
15
16
0
1
9
13
16
14
16
13
1
10
1
0
9
8
16
13
7
0
6
9
15
10
11
14
10
1
13
6
11
9
15
7
9
0
13
11
9
6
11
14
6
16
15
15
9
10
11
6
13
8
0
16
8
7
13
13
1
13
16
9
11
0
13
6
1
1
14
1
11
7
10
10
14
13
11
10
13
1
8
11
0
13
13
6
15
11
1
16
13
6
6
16
9
7
13
9
13
9
11
16
8
11
16
0
10
10
8
15
0
0
1
16
6
15
11
13
0
1
6
14
16
1
16
1
10
7
15
7
7
1
0
14
16
11
7
14
13
10
13
14
11
0
14
0
14
0
14
13
9
14
13
7
14
16
14
6
1
1
14
10
13
1
0
13
15
0
13
11
15
15
6
11
8
15
15
15
16
6
7
0
6
14
0
13
13
8
14
9
14
9
10
14
7
14
10
13
8
8
11
8
13
0
10
14
6
10
16
0
16
13
15
0
14
9
14
11
11
16
8
8
6
10
10
15
11
11
14
14
16
10
13
1
11
13
14
1
6
14
7
10
6
13
