15
14
14
10
9
11
0
16
16
14
1
14
15
7
1
6
15
6
11
10
16
7
13
16
8
10
6
9
9
13
9
9
15
8
16
10
14
11
14
14
14
10
8
0
15
15
8
7
15
13
13
16
10
10
16
11
14
1
15
13
6
11
8
9
9
11
14
15
13
15
10
13
10
13
15
11
13
9
7
9
16
15
11
11
9
10
9
8
15
15
13
13
10
13
15
11
11
7
8
1
15
6
16
16
16
9
10
13
10
7
9
16
8
8
9
0
6
16
16
16
0
14
15
6
10
1
0
1
14
10
7
14
11
11
8
15
15
7
10
10
16
14
15
11
0
11
1
0
15
6
6
6
1
15
10
11
16
11
7
9
9
6
10
15
13
9
14
13
10
0
7
16
6
10
6
11
16
11
9
10
14
0
16
16
1
6
15
10
10
16
16
14
0
14
16
6
16
15
15
14
1
14
13
6
10
8
14
1
15
10
7
16
15
1
8
9
13
13
0
10
7
11
15
15
16
14
7
16
6
14
10
1
6
15
9
16
14
15
11
11
0
16
6
11
14
0
16
11
13
14
13
8
16
15
14
15
8
14
7
11
9
15
15
0
13
6
15
14
16
15
16
14
0
7
8
9
10
11
14
6
13
6
6
16
6
16
11
0
8
16
16
13
0
13
10
6
11
10
13
15
9
6
10
