16
7
16
16
15
10
8
16
14
8
7
14
15
16
8
0
8
15
0
11
11
16
11
15
1
11
1
1
10
10
6
8
1
16
14
0
6
0
1
7
0
8
14
13
14
6
11
13
11
6
14
16
10
15
11
13
9
9
8
11
6
0
14
16
15
6
13
7
9
7
0
10
13
1
0
0
0
14
7
8
7
13
6
1
8
9
16
11
0
15
15
15
9
7
9
6
1
13
15
9
1
16
10
14
6
0
7
11
0
6
10
11
14
11
7
9
1
11
15
13
0
7
9
16
14
7
15
10
9
16
16
1
11
10
0
11
15
8
8
8
1
10
15
16
0
13
10
13
6
7
13
1
16
11
14
7
7
15
14
14
1
16
11
15
13
10
10
0
0
8
11
15
10
9
14
16
0
6
8
15
7
0
6
15
15
0
16
16
1
8
11
7
9
15
8
16
16
15
8
14
16
13
13
14
6
16
11
6
11
8
9
16
15
16
7
14
6
1
1
9
1
0
13
10
16
7
8
15
8
15
1
11
15
13
8
13
6
6
14
6
6
0
16
7
10
14
13
14
15
10
15
7
16
11
8
9
10
9
10
16
8
0
8
11
15
9
14
16
15
14
13
9
6
15
1
16
10
14
14
9
6
10
8
16
9
8
13
15
6
16
11
15
15
1
13
6
1
6
7
9
6
14
16
