15
14
11
11
7
1
7
14
15
14
16
7
7
8
15
6
8
11
16
0
6
14
10
6
16
16
0
11
9
14
15
13
16
8
15
13
13
10
14
10
11
16
1
8
11
9
6
9
10
7
14
11
9
10
9
7
10
14
6
0
14
7
16
11
13
16
16
16
1
14
15
1
16
9
7
0
8
7
0
0
7
14
11
1
14
0
15
10
9
11
14
10
10
9
13
1
8
15
7
16
8
11
16
9
14
6
10
10
6
11
13
7
11
0
14
9
0
10
1
16
16
15
15
8
1
15
15
10
14
6
8
10
11
14
13
8
14
0
16
11
13
14
6
16
15
6
13
1
16
9
13
15
8
16
0
6
7
9
7
10
0
8
10
8
13
7
1
11
9
8
8
10
11
16
9
0
13
0
1
13
6
10
6
0
16
10
9
11
16
7
15
15
10
10
13
7
0
15
1
0
14
11
0
14
14
10
16
1
7
8
1
13
8
11
7
7
10
16
13
1
15
8
15
15
0
10
7
8
0
10
9
13
16
16
16
0
15
15
10
8
0
14
15
11
14
6
0
10
13
0
6
16
16
8
10
7
6
11
16
9
0
7
9
1
11
16
11
13
1
9
11
14
10
10
10
14
13
0
13
11
8
13
16
13
16
9
11
8
13
7
8
13
13
6
6
9
10
13
14
14
10
9
7
