15
14
14
10
7
11
0
16
9
15
1
14
15
14
1
13
15
8
11
10
16
14
13
16
14
10
10
11
9
13
11
15
15
8
16
10
14
1
14
16
14
10
10
0
15
15
8
10
15
13
14
16
1
10
7
11
14
10
15
13
14
11
16
9
16
11
14
14
13
14
10
13
1
13
15
6
13
10
8
16
6
15
11
11
10
13
8
8
14
11
13
13
10
13
15
11
11
8
13
7
15
8
16
16
16
9
8
15
10
7
9
16
13
8
9
0
6
8
15
16
11
14
7
6
10
1
0
16
14
10
7
14
11
11
8
15
14
15
10
9
16
14
15
11
7
11
9
11
13
14
6
7
1
15
10
11
9
11
7
16
14
8
11
15
13
9
0
13
6
0
15
16
7
6
6
11
0
13
9
10
6
0
16
16
8
16
15
10
8
6
16
14
14
14
16
6
16
10
10
13
1
14
13
14
10
0
14
1
7
10
7
16
15
1
8
13
10
13
0
15
7
15
0
14
15
14
10
16
7
15
10
1
6
15
9
16
14
15
11
11
0
16
6
11
10
11
13
11
13
14
1
7
16
15
14
15
8
14
7
11
9
15
15
0
13
6
15
14
16
14
16
14
0
6
8
9
10
1
14
6
13
6
7
10
16
16
11
0
8
16
11
13
11
13
0
6
10
11
13
15
9
6
13
