14
13
8
14
15
11
11
7
6
14
7
7
11
7
15
7
13
10
8
10
16
11
7
7
11
1
11
15
9
11
1
13
13
6
1
16
15
9
14
6
15
16
1
11
10
16
0
9
15
1
15
11
1
7
16
1
13
6
14
15
10
0
1
9
14
16
14
16
7
16
8
1
0
9
0
11
13
7
0
6
15
15
10
11
14
10
11
7
6
11
9
15
7
9
0
13
11
9
6
8
14
16
16
15
1
9
10
11
6
13
15
0
6
8
7
16
13
8
13
16
9
11
13
13
6
1
0
15
1
6
10
10
10
14
13
11
16
13
1
8
11
0
0
13
6
10
10
1
16
13
6
6
16
6
15
14
10
13
9
11
16
0
9
16
8
10
0
15
15
0
0
1
13
6
6
11
13
0
10
6
14
15
0
16
1
10
9
15
7
7
10
0
14
16
11
13
14
13
10
13
0
9
0
14
11
16
0
14
15
13
14
13
13
14
16
14
8
14
1
14
10
13
15
0
13
15
10
13
8
15
11
8
11
10
15
8
7
16
14
7
13
14
14
0
10
0
8
14
11
15
9
10
13
7
10
10
13
8
8
11
8
13
0
14
14
15
10
16
0
8
13
15
0
14
9
14
11
11
8
11
6
6
10
10
9
11
7
9
14
16
10
13
1
11
14
14
7
7
14
7
10
6
13
