15
16
6
11
7
6
11
1
14
6
7
7
7
1
14
7
14
11
7
0
11
7
7
14
11
9
0
10
7
8
14
11
9
6
16
8
13
9
13
15
13
16
16
11
11
9
14
6
16
0
6
9
7
13
16
0
10
14
16
0
6
13
11
15
13
16
16
11
11
0
15
1
0
13
8
16
13
7
0
14
8
0
10
7
0
16
1
11
9
11
9
15
7
9
14
9
11
15
7
0
15
14
16
7
14
13
10
10
6
13
9
11
11
13
14
9
13
15
9
16
16
15
8
10
13
14
9
14
14
14
7
0
10
1
15
8
14
0
10
11
15
8
14
15
7
15
10
1
16
8
6
11
15
15
16
13
10
13
9
11
15
8
11
15
0
6
1
8
6
15
0
6
15
6
15
16
11
0
1
7
10
9
1
16
10
8
8
16
7
7
10
6
13
9
1
9
14
9
16
13
14
7
0
14
16
14
0
1
7
16
0
13
1
1
7
13
6
11
0
11
10
1
15
8
13
7
0
14
0
15
13
14
13
16
7
0
6
15
6
14
15
13
8
0
11
13
9
10
15
14
14
7
16
14
14
15
6
7
16
1
14
1
8
1
10
13
8
1
1
9
11
11
0
11
14
0
13
11
0
7
15
10
10
7
16
10
14
0
14
11
7
13
10
6
10
14
10
6
14
6
11
6
8
