16
15
8
9
6
7
6
9
0
11
7
13
6
9
16
14
7
15
13
7
11
9
14
15
1
15
9
15
1
0
8
13
6
14
14
16
6
16
10
8
0
10
6
9
9
13
6
16
13
15
10
7
8
14
6
14
10
1
15
15
0
10
9
14
13
7
16
13
0
0
16
6
15
7
1
6
10
6
16
10
13
11
7
10
8
9
13
8
8
9
13
7
9
16
7
8
6
15
14
11
14
0
10
11
13
10
10
15
16
14
0
7
7
10
13
15
13
9
16
7
7
11
6
6
1
0
8
0
8
13
8
13
13
9
7
13
8
16
6
6
10
7
14
1
9
10
14
14
16
13
0
9
7
10
16
7
10
15
9
1
7
11
13
1
10
0
10
10
8
15
15
0
13
8
0
13
16
15
13
15
15
9
10
14
6
0
7
8
10
16
7
9
11
0
16
10
14
0
16
16
1
9
6
11
9
0
14
14
1
14
10
1
14
6
11
1
1
14
0
13
7
10
14
13
16
7
11
10
0
7
15
11
1
9
9
7
7
13
14
13
10
10
0
10
6
15
16
1
9
14
11
1
14
16
11
6
7
15
13
0
15
9
7
1
0
6
6
6
0
16
10
11
13
8
6
10
11
16
15
10
8
13
8
10
6
16
8
13
15
7
13
1
15
13
14
11
10
7
11
8
13
9
9
