15
10
14
0
16
14
8
1
14
0
7
0
14
15
1
14
8
11
11
6
11
1
13
14
1
7
10
15
9
6
13
6
8
14
0
13
13
16
11
0
15
16
7
11
8
6
10
0
15
6
11
11
11
0
11
6
14
10
11
13
6
8
6
0
13
11
13
6
11
10
10
0
13
15
15
16
14
7
0
14
15
15
6
0
14
15
11
7
9
11
9
16
14
9
13
7
11
11
9
7
15
13
11
14
8
10
10
10
6
0
11
14
16
0
11
9
15
0
14
1
11
15
10
6
8
10
1
7
14
14
1
14
16
7
10
11
6
14
10
11
11
9
0
11
7
0
10
14
16
1
11
8
9
13
13
15
15
13
14
16
7
10
11
11
13
15
6
13
6
0
15
16
11
6
14
15
7
15
9
8
15
11
0
0
10
1
15
16
7
0
7
1
14
10
1
9
11
11
16
8
1
7
10
14
6
0
10
0
7
6
13
9
14
7
7
16
0
15
1
15
1
0
15
8
13
6
8
14
16
15
7
11
7
16
7
1
9
6
11
8
11
16
8
15
6
13
15
14
15
11
7
10
10
6
9
11
14
0
9
6
6
9
0
8
13
14
1
14
1
15
16
15
0
6
0
0
13
8
0
14
0
7
10
10
10
1
14
0
8
14
11
13
6
7
13
6
8
16
11
16
6
6
11
