6
1
11
1
15
16
16
14
13
9
8
11
14
6
7
13
13
13
9
6
15
10
6
8
9
9
14
13
14
14
9
7
11
10
10
8
16
11
0
0
14
13
1
8
8
15
0
11
1
14
15
16
0
10
10
9
11
11
14
16
14
1
0
7
16
10
14
8
14
15
0
0
16
14
9
13
6
14
1
11
1
1
11
1
11
6
6
14
9
16
10
14
11
11
8
11
14
16
14
6
13
14
14
7
7
8
11
16
16
7
13
7
8
14
1
11
7
6
0
6
10
7
6
16
9
13
14
15
6
14
15
11
7
14
16
6
13
11
15
11
10
1
8
0
11
8
15
15
15
11
15
1
7
6
11
16
7
11
16
6
15
16
15
14
11
6
8
0
1
16
16
11
14
6
6
13
0
10
6
16
7
11
9
14
6
10
13
6
9
16
9
8
10
14
9
15
15
11
6
16
8
1
9
7
10
9
11
14
15
16
11
0
10
10
6
16
15
0
7
16
13
11
0
0
16
11
10
6
8
15
9
10
8
13
1
1
0
10
13
6
9
15
1
14
14
13
6
1
15
10
9
6
15
15
16
16
13
13
6
10
10
8
15
9
1
16
16
10
14
6
15
1
8
6
1
8
9
7
13
13
13
9
11
8
10
13
6
9
16
8
6
1
13
1
1
10
8
10
11
11
6
7
14
