10
14
10
10
7
14
7
16
8
11
1
14
15
14
9
13
15
1
11
10
15
16
6
16
14
15
10
15
9
15
6
15
15
16
16
10
10
1
14
16
14
10
0
1
15
15
8
6
15
13
6
16
11
15
16
11
14
10
13
13
6
11
0
10
15
11
14
15
13
11
10
13
14
13
15
11
13
10
8
10
0
14
11
11
15
10
11
8
15
14
13
15
10
13
15
14
11
8
1
16
15
6
16
16
16
8
8
14
10
10
13
10
8
13
9
0
9
16
15
16
11
14
7
6
10
9
14
14
16
10
7
14
11
11
10
15
14
9
10
13
16
14
15
11
1
14
13
11
15
8
0
14
1
13
10
10
14
11
11
6
14
14
10
15
13
9
0
13
6
0
10
1
7
8
6
15
16
13
9
10
8
7
16
16
1
6
15
10
11
9
1
14
9
10
10
6
10
10
6
13
1
14
13
11
14
0
15
13
16
10
7
16
15
1
8
8
14
13
0
11
7
11
1
0
15
14
7
16
14
15
10
9
6
11
6
16
14
15
11
0
1
16
7
11
10
10
14
8
13
14
0
1
14
15
11
15
16
14
7
11
16
11
15
0
13
15
15
14
16
15
16
14
0
11
13
9
16
13
14
6
13
6
7
10
16
16
11
0
8
16
11
13
1
13
10
14
14
10
0
15
9
6
13
