15
16
6
11
0
0
16
11
10
1
7
1
7
1
14
7
16
16
7
16
11
7
11
16
11
9
10
10
7
8
14
14
9
6
16
8
13
9
13
15
13
16
11
11
14
9
14
6
16
0
6
9
7
15
16
0
1
16
10
0
6
13
11
15
13
15
10
11
11
0
15
1
0
15
6
16
13
16
11
14
8
0
10
11
0
16
1
1
16
14
9
15
7
9
14
16
11
15
7
0
15
14
16
7
7
13
10
10
6
13
13
10
16
13
14
9
13
15
9
16
16
11
8
10
13
14
9
14
7
14
0
0
7
1
15
8
14
10
10
11
15
8
14
9
7
13
10
1
16
16
6
11
15
15
16
13
10
13
9
11
15
8
11
15
0
6
6
8
6
15
10
6
15
6
15
16
11
0
14
7
0
9
1
16
10
13
9
10
7
7
10
6
13
9
1
9
14
9
16
13
14
7
0
14
16
14
0
1
14
1
0
13
11
7
7
13
6
9
0
11
7
9
15
8
13
7
0
14
1
15
0
14
13
16
13
0
13
10
6
14
10
13
8
0
11
7
9
10
15
14
16
7
16
14
14
15
6
7
16
11
14
1
8
8
10
14
6
1
1
6
11
11
0
11
14
0
1
11
0
7
15
10
11
0
16
10
15
0
14
11
7
13
9
15
10
14
13
6
13
6
11
6
8
