15
0
8
6
7
6
9
13
1
14
14
7
15
8
10
11
8
11
6
15
11
13
13
16
11
8
9
11
8
6
14
11
16
0
1
8
14
9
11
6
14
11
1
11
7
9
9
6
10
6
14
9
11
13
13
13
10
14
0
9
6
7
10
15
13
16
16
9
9
15
7
6
1
8
14
10
9
7
0
6
7
15
10
1
1
6
13
13
15
1
9
15
10
0
14
9
11
13
7
0
11
11
15
1
10
13
10
16
1
11
9
7
14
13
14
1
7
9
16
7
16
11
13
8
13
13
7
16
14
11
7
13
11
14
7
8
9
0
13
0
14
8
6
14
13
0
6
1
16
9
8
0
9
15
6
0
16
15
9
11
11
10
10
11
10
8
1
6
6
0
13
9
13
1
16
11
11
8
8
14
6
9
15
14
14
14
11
16
14
6
6
11
0
9
1
9
14
15
14
9
14
7
13
14
7
11
16
15
7
10
11
1
7
11
9
6
7
6
0
7
7
6
15
14
9
13
7
14
16
11
9
6
14
9
7
9
10
15
8
16
1
16
8
11
7
16
7
10
13
10
14
14
16
7
14
16
6
8
10
8
0
16
8
13
9
13
11
11
10
15
8
16
15
8
6
9
13
1
11
11
14
10
10
1
10
1
8
8
6
14
10
13
14
13
8
14
10
6
14
6
11
14
11
