15
14
10
10
7
11
7
16
8
8
1
14
15
14
14
13
15
15
11
7
15
7
6
16
14
15
10
15
9
15
6
15
15
16
16
10
15
1
14
16
14
10
0
13
15
15
6
10
15
13
14
16
11
15
16
11
14
10
13
13
6
11
15
10
9
11
14
15
16
11
10
13
14
13
15
11
13
10
8
10
1
14
11
11
9
10
11
0
15
14
13
15
10
13
15
14
11
8
1
7
15
7
16
16
16
8
8
14
10
10
14
10
8
7
7
6
9
16
15
16
16
14
7
6
10
9
14
14
16
10
7
14
11
11
1
15
14
9
1
13
16
14
15
11
6
14
13
11
15
0
6
7
1
13
10
10
14
11
11
15
14
14
10
15
13
9
0
13
14
11
10
8
7
7
6
11
16
13
9
10
8
0
16
15
1
6
15
9
11
9
15
14
11
10
10
6
10
10
16
13
1
14
13
8
10
0
13
1
15
10
7
16
15
10
8
1
14
13
0
10
7
10
1
0
15
14
7
16
14
15
10
9
6
9
6
16
14
15
11
0
1
16
7
11
10
10
14
8
0
14
1
7
16
13
11
15
8
14
7
11
9
1
15
0
13
15
15
14
16
15
16
14
0
7
13
9
16
13
14
6
13
6
7
8
16
8
11
10
8
16
11
13
1
13
10
14
10
10
0
15
9
6
13
