15
14
10
10
7
11
0
16
8
0
1
14
15
14
14
14
15
15
11
11
15
7
10
16
1
15
7
15
9
15
6
15
15
16
16
10
15
1
14
16
15
10
13
1
15
15
6
10
15
15
14
16
11
15
0
11
14
10
13
13
6
6
15
10
9
11
1
15
13
11
1
13
14
13
15
11
1
10
15
11
1
14
11
11
9
10
15
8
15
14
13
16
10
13
15
11
11
8
13
7
15
6
16
16
16
8
14
14
6
10
14
7
8
14
7
0
9
6
15
16
11
14
7
16
10
9
14
14
15
10
7
14
11
11
0
15
14
9
1
16
16
7
15
11
6
14
1
11
15
0
6
7
1
16
10
10
14
11
11
15
14
14
10
15
13
9
0
13
7
0
10
1
7
10
13
11
16
13
9
10
6
0
16
15
1
0
15
10
8
9
16
15
11
10
10
6
10
10
10
13
1
1
13
15
10
7
14
1
15
10
7
16
15
14
8
8
14
13
9
10
7
11
1
11
15
14
7
16
14
15
1
9
6
11
6
16
14
1
11
0
1
16
0
11
10
10
0
11
13
14
1
7
16
15
14
11
14
14
7
11
9
11
15
0
13
10
0
14
16
15
16
14
0
7
13
9
10
15
14
6
13
6
7
1
16
16
11
0
1
16
14
13
14
13
1
14
10
10
13
15
9
6
13
