10
7
7
16
15
14
6
7
13
7
10
8
7
0
14
10
7
14
16
7
13
13
6
1
0
9
7
0
15
0
0
15
1
9
6
13
0
11
6
13
15
14
9
8
1
13
0
1
8
10
9
14
1
7
0
15
15
11
9
7
14
8
14
0
14
10
8
11
16
11
16
11
6
16
11
8
9
0
16
13
6
10
16
8
7
0
14
1
1
15
14
1
16
0
13
15
11
9
13
14
7
15
8
15
10
11
11
13
1
13
0
8
14
15
1
7
11
9
8
8
14
11
9
15
10
11
11
9
15
15
1
11
9
10
10
15
0
10
11
14
9
11
8
9
14
14
16
13
16
11
0
15
9
6
13
9
16
7
7
1
16
0
14
11
16
9
15
14
0
6
11
1
8
13
13
10
16
14
16
7
9
9
8
16
16
14
9
13
6
16
10
15
9
0
9
9
15
7
13
13
6
7
8
11
13
11
16
11
11
10
0
9
10
16
1
13
7
16
8
16
1
13
7
10
10
6
10
6
10
1
6
9
6
7
11
9
0
8
13
1
6
13
14
16
8
9
14
8
9
7
13
1
1
9
0
7
0
15
14
0
8
0
15
14
16
9
7
7
6
7
16
14
15
11
8
16
0
14
14
9
9
1
13
11
11
0
8
13
11
13
14
11
8
11
8
7
0
15
15
6
15
16
10
