15
6
6
0
7
0
8
15
14
14
7
7
7
1
1
7
15
11
7
13
11
7
7
14
11
13
11
10
9
8
14
13
9
16
16
13
14
9
11
6
9
16
1
11
8
9
9
6
15
0
8
9
7
13
16
11
10
10
16
1
6
9
11
15
13
16
16
11
11
11
15
1
13
16
8
16
13
7
0
14
7
15
10
0
14
10
1
11
9
11
9
15
10
9
14
9
11
15
9
6
8
7
16
7
14
10
10
10
16
13
9
11
11
13
14
9
13
9
9
16
6
15
10
9
13
14
1
14
1
11
7
11
10
1
10
0
14
14
16
11
15
1
7
11
7
15
16
1
16
1
14
11
9
15
15
7
10
13
9
11
7
8
11
15
0
15
1
13
6
0
0
1
13
6
15
8
11
0
1
15
10
11
1
16
10
10
8
16
7
7
7
14
14
6
1
9
14
14
16
13
13
7
0
14
0
14
0
1
7
16
11
13
14
6
16
14
6
6
0
14
13
1
15
8
13
7
0
14
14
15
1
0
13
16
7
10
7
15
16
14
1
16
8
0
1
13
9
14
15
14
15
7
16
7
14
15
6
7
16
15
14
7
1
1
14
13
8
10
1
9
16
14
0
8
9
8
6
8
0
10
15
10
10
10
10
1
11
0
13
16
10
13
11
7
6
11
10
6
8
16
10
6
13
