7
7
0
13
11
6
11
1
8
10
10
7
7
1
11
7
14
11
7
0
11
1
7
9
11
15
15
10
8
16
14
9
6
7
16
8
8
9
15
15
16
16
16
11
11
9
14
8
11
16
11
14
9
11
16
0
10
9
16
0
6
6
11
15
0
7
16
11
6
0
15
1
6
13
8
0
13
7
15
14
8
0
10
1
13
16
1
11
14
11
9
15
0
9
14
11
11
15
6
0
15
14
1
7
0
13
10
9
6
13
9
11
11
0
14
9
7
6
6
7
16
15
8
10
13
14
9
1
14
14
7
0
10
1
15
8
6
10
0
0
15
10
6
16
7
15
7
1
6
15
8
11
11
14
16
1
6
13
9
6
15
15
10
15
0
0
0
0
6
9
0
6
15
7
13
9
11
0
15
0
10
9
1
16
10
8
13
16
6
7
6
6
13
9
16
14
10
8
1
10
1
6
0
14
0
14
0
1
0
7
0
15
10
6
7
8
14
11
0
11
10
1
15
8
6
7
0
13
0
15
13
14
13
0
7
15
6
15
13
14
7
14
1
0
11
9
9
10
15
14
9
7
16
14
8
15
8
11
8
1
14
1
15
13
10
6
8
8
1
9
11
11
0
11
6
8
13
6
0
11
1
13
13
7
10
16
14
0
14
11
9
1
13
9
15
15
10
10
14
6
11
9
8
