15
6
14
0
7
11
6
9
14
15
7
7
7
1
1
16
15
10
11
11
11
7
13
14
1
6
10
7
9
16
11
16
10
14
16
13
14
16
11
0
13
16
14
11
8
9
11
6
15
13
11
10
0
10
15
6
10
10
11
13
6
8
6
14
13
6
16
6
11
10
10
9
13
1
11
16
13
7
0
14
7
15
10
0
14
13
0
11
9
11
9
15
14
9
13
6
11
7
9
7
15
10
8
7
8
13
10
10
6
0
9
14
10
0
6
9
13
11
9
0
11
15
10
6
10
1
1
14
14
13
7
14
11
1
10
11
10
14
8
9
11
1
7
11
7
11
16
11
16
1
8
8
6
15
0
15
15
11
7
16
7
6
11
15
13
15
1
13
16
0
0
16
13
6
14
8
0
16
8
10
15
11
1
16
10
1
15
16
7
15
7
1
14
10
1
9
14
14
16
13
15
7
0
14
10
0
10
1
7
9
13
13
9
6
13
16
13
15
0
14
6
1
15
8
13
6
8
14
14
15
0
9
7
16
7
14
6
15
11
14
1
16
8
0
6
11
9
14
15
11
6
7
10
7
16
10
14
16
16
1
6
0
0
1
13
13
8
14
1
9
16
14
0
6
7
0
11
8
0
14
14
15
14
10
10
1
11
0
13
16
11
13
9
7
6
6
10
15
11
16
1
6
13
