15
6
6
11
7
6
11
15
14
14
1
7
9
1
1
7
15
11
7
0
14
7
1
8
10
8
11
13
9
8
7
13
10
16
16
13
14
9
11
6
11
16
15
11
8
9
14
6
16
0
6
9
11
13
16
13
10
10
16
0
6
9
11
15
13
16
16
11
11
1
15
1
6
9
8
16
13
7
0
16
14
15
10
0
15
9
1
6
9
11
9
11
10
9
14
9
8
15
7
6
15
14
16
15
14
13
6
10
6
1
9
11
11
13
14
9
13
9
9
16
16
15
10
13
13
14
9
14
14
11
7
11
15
1
10
8
14
0
16
1
15
8
16
15
7
15
9
1
16
1
6
11
9
15
7
13
11
13
9
11
7
8
11
7
6
15
1
13
6
15
0
6
13
6
15
7
11
0
1
10
10
9
1
16
10
10
8
16
7
7
7
8
14
0
1
9
14
9
16
13
14
7
0
11
16
14
0
1
0
0
15
13
14
7
7
14
6
6
0
14
10
0
15
8
13
7
0
14
9
15
1
0
13
16
7
14
15
6
6
14
15
16
8
0
1
13
9
10
15
14
14
7
16
7
14
15
6
13
16
1
9
7
8
6
14
13
8
14
1
7
16
13
1
8
9
0
13
8
0
7
15
10
10
13
10
1
15
0
10
16
10
13
14
7
16
13
10
6
14
16
10
6
7
