15
14
10
10
7
14
7
16
8
8
1
14
15
14
14
13
15
15
11
10
15
7
6
16
14
15
10
13
9
15
6
15
15
11
16
10
15
1
14
8
14
10
7
13
15
15
8
10
15
13
14
16
11
15
16
11
14
10
0
13
6
11
15
10
9
11
14
15
16
11
10
11
14
13
15
11
13
10
13
10
1
14
11
11
9
10
11
0
15
14
13
15
10
13
15
14
7
8
1
7
15
7
16
16
16
8
14
7
7
10
10
13
8
7
7
6
9
16
15
16
16
14
7
6
10
0
14
14
16
7
14
14
14
11
1
15
14
9
1
16
16
14
15
11
16
14
13
11
15
0
6
7
1
13
10
10
14
11
11
15
14
14
10
15
13
9
14
13
14
15
10
16
7
15
6
8
14
13
9
10
8
0
0
15
1
16
15
10
15
9
1
14
11
10
10
6
10
10
16
13
1
14
13
8
11
0
16
1
15
10
8
11
15
10
8
1
14
13
0
10
7
11
10
0
15
14
7
16
14
15
10
10
6
9
9
16
14
15
11
14
1
16
6
11
10
8
14
14
0
14
8
11
16
15
11
15
8
14
7
11
9
11
15
0
13
9
15
14
16
15
11
14
0
7
14
11
16
13
14
6
13
9
7
8
16
16
11
10
8
16
11
13
7
13
10
8
10
10
11
13
9
7
8
