15
10
14
11
10
16
8
9
14
13
13
0
15
0
16
16
15
11
11
10
11
1
11
14
8
0
10
15
1
6
13
6
15
8
7
7
13
16
11
0
15
1
7
10
8
6
11
16
15
14
11
10
11
0
11
15
10
10
10
13
8
8
10
9
0
10
7
11
11
11
15
15
15
14
10
15
14
9
6
13
15
15
10
15
8
9
11
7
10
7
9
16
14
9
13
11
11
11
9
7
14
13
11
14
8
13
9
13
6
6
11
14
16
0
10
9
13
11
14
1
11
9
10
13
8
10
1
16
14
0
11
14
16
14
10
0
15
15
6
14
11
16
0
11
7
0
11
11
16
1
11
15
9
13
10
15
9
13
6
14
15
13
13
0
13
7
13
13
14
14
15
11
13
6
16
1
13
15
9
8
1
16
0
16
10
1
15
16
15
14
10
1
14
0
1
0
10
11
16
8
11
1
10
7
6
16
10
0
7
10
13
14
1
7
7
15
16
7
1
13
1
8
6
0
13
7
8
14
16
7
11
15
7
16
7
10
13
1
9
8
1
16
8
15
9
13
9
7
10
1
7
0
16
16
16
13
1
0
10
1
6
10
14
1
16
13
11
14
1
15
16
0
0
6
9
8
13
8
1
13
14
7
9
0
10
7
14
9
8
14
11
13
6
7
10
1
10
6
6
16
11
6
13
