15
6
14
0
7
11
6
9
14
15
7
7
7
15
1
16
16
10
11
10
11
7
13
11
1
6
10
7
9
6
11
6
10
14
16
13
16
16
11
0
10
16
14
11
8
6
11
16
15
13
11
10
0
10
15
14
8
10
11
13
1
15
6
1
13
11
16
6
11
10
10
11
16
9
11
16
13
7
0
14
15
15
10
0
14
13
0
11
9
11
7
15
14
9
13
9
11
9
9
7
15
10
1
7
8
13
10
10
6
0
9
14
10
0
6
9
13
11
9
0
11
15
10
9
10
10
1
14
14
7
7
14
11
1
10
11
14
14
8
7
11
1
7
11
7
9
16
14
16
1
8
8
0
15
0
15
15
11
7
8
7
6
11
15
16
15
1
13
6
0
0
9
8
6
14
8
9
16
7
10
14
11
11
16
10
1
15
16
7
11
7
1
14
10
1
1
14
14
16
13
1
7
0
14
10
10
10
1
14
16
13
13
15
10
13
16
13
10
0
6
6
9
15
8
13
6
8
14
14
15
0
1
7
11
7
10
0
15
11
14
1
16
8
15
6
11
9
14
15
11
6
7
10
7
16
10
1
16
16
1
6
0
0
9
13
13
8
14
1
8
16
14
0
6
9
0
6
8
0
14
14
6
10
10
10
1
11
0
15
16
11
13
9
7
0
6
10
15
11
11
1
6
13
