15
14
14
10
7
11
0
16
16
14
1
14
15
14
1
6
15
14
11
10
16
7
13
16
8
10
10
9
9
13
11
9
15
8
16
10
14
1
14
16
14
10
8
0
15
15
8
10
15
13
13
16
10
10
16
11
14
1
15
13
6
11
8
9
9
11
14
15
13
7
10
13
10
13
15
11
13
10
7
10
16
15
11
11
9
10
13
8
15
11
13
13
10
13
15
11
11
8
8
7
15
6
16
16
16
9
8
14
10
7
9
16
8
8
9
0
6
16
16
16
11
14
7
6
10
1
0
1
14
10
7
14
11
11
8
15
10
7
10
10
16
14
15
11
0
11
1
11
15
11
6
7
1
15
10
11
14
11
7
9
1
10
10
15
13
9
0
13
6
0
15
16
6
10
6
11
16
13
9
10
14
0
16
16
1
6
15
10
10
16
16
14
0
14
16
6
16
10
10
9
1
14
13
0
10
8
14
1
15
10
7
16
15
1
8
9
13
13
0
10
7
11
15
11
15
14
7
16
6
15
10
1
6
15
9
16
14
15
11
11
0
16
6
11
10
1
16
11
13
14
1
8
16
15
14
15
8
14
7
11
9
15
15
0
13
6
15
14
16
15
16
14
0
7
8
9
10
11
14
6
13
6
7
16
6
16
11
0
8
16
11
13
11
13
0
6
11
10
13
15
9
6
13
