16
6
14
14
8
8
14
6
0
8
9
14
15
15
9
13
8
10
11
11
10
16
8
9
14
16
13
1
0
11
14
9
10
10
14
1
6
1
1
14
11
8
15
13
11
1
11
13
14
15
8
16
0
14
11
13
9
9
11
6
6
0
1
16
6
6
10
1
14
1
6
10
11
11
10
8
9
14
14
8
9
1
6
9
10
8
15
14
6
16
15
15
1
13
15
9
7
11
0
9
11
9
7
14
11
0
7
8
13
14
10
16
0
0
7
9
8
11
14
15
7
1
9
14
15
16
15
11
14
16
11
16
11
10
0
11
6
14
9
1
1
16
14
10
7
11
8
13
10
14
11
1
16
9
7
0
11
15
7
7
7
15
15
13
1
10
11
11
0
10
11
10
10
15
16
16
6
16
8
15
7
0
6
16
1
1
16
16
1
1
15
11
6
15
14
10
15
11
11
13
7
13
6
7
6
16
8
8
11
0
9
10
15
0
7
15
6
9
11
9
15
7
15
11
7
7
6
1
8
16
1
11
9
15
1
13
6
6
14
8
16
1
14
7
10
0
13
16
15
10
0
7
14
15
1
14
10
8
10
10
8
0
7
0
15
9
11
16
15
8
7
16
1
8
0
16
0
10
15
10
6
6
8
15
7
14
15
14
14
16
11
15
16
11
7
8
0
6
10
8
14
14
11
