15
6
11
11
10
15
16
9
9
14
14
9
0
7
7
10
11
0
6
0
11
13
10
6
11
8
0
7
15
8
14
13
16
6
15
13
14
9
13
6
13
6
1
11
8
9
14
11
10
6
13
9
1
13
13
7
10
15
0
11
6
10
11
15
13
16
16
7
11
7
15
1
13
16
8
11
15
14
0
6
7
15
1
1
15
6
1
11
8
10
0
15
10
9
14
11
9
15
7
8
8
11
16
7
14
13
10
13
6
14
9
0
11
13
14
9
13
1
9
16
16
9
13
11
9
13
15
16
14
11
7
9
10
0
10
13
14
0
16
13
15
8
15
14
7
6
16
1
10
1
6
0
9
15
6
8
7
0
16
11
13
8
10
15
0
15
1
13
0
14
6
9
13
6
15
7
11
7
16
16
6
0
1
0
15
15
11
15
14
7
16
8
14
10
1
9
14
15
16
10
14
7
0
14
16
10
1
16
7
15
13
1
7
11
8
14
6
6
8
14
13
1
10
11
15
16
7
7
14
0
9
0
6
16
1
10
10
15
1
8
16
16
8
11
14
13
9
10
7
0
9
16
16
7
14
13
6
8
16
14
8
14
8
1
13
11
6
10
1
9
16
0
0
7
10
8
13
11
6
11
14
16
10
11
15
11
7
8
13
14
10
13
14
13
10
14
11
6
14
0
10
14
11
