6
6
14
0
7
13
6
9
14
15
7
7
7
16
1
16
15
10
11
10
11
7
13
14
1
6
10
7
1
6
11
6
10
14
16
15
14
16
11
0
9
1
15
8
8
6
11
6
15
13
14
10
0
10
15
14
10
10
11
13
6
7
6
10
13
11
13
6
11
10
10
11
13
9
11
16
13
7
0
1
15
15
15
14
14
13
0
11
7
11
9
15
14
9
13
9
11
9
9
7
15
10
8
7
8
13
10
10
6
0
9
13
9
1
6
6
13
11
9
16
11
15
10
6
10
1
6
14
0
7
7
14
8
1
10
15
15
14
7
1
11
1
7
11
7
11
16
11
16
16
11
8
9
15
0
15
15
11
1
16
16
6
0
13
13
6
15
8
6
0
0
16
8
15
14
8
13
16
6
10
15
11
1
16
10
1
15
16
7
15
0
6
14
10
1
11
14
11
16
13
1
7
0
14
10
0
10
6
7
16
13
13
9
6
13
16
13
15
0
14
6
1
15
6
1
6
8
14
14
15
0
9
7
16
7
10
0
8
11
14
14
16
8
0
6
11
9
14
13
11
6
9
10
8
16
10
1
7
16
1
6
0
0
1
13
13
8
14
1
1
16
15
0
6
9
0
6
8
7
16
14
6
10
14
1
1
11
0
13
7
11
16
9
7
16
6
10
15
11
16
1
6
1
