15
6
14
0
7
11
6
9
14
15
7
7
7
15
1
16
15
10
11
10
11
7
13
14
16
6
10
7
15
6
11
6
10
10
16
15
16
16
11
1
9
16
14
16
8
6
11
6
15
13
11
10
0
10
15
14
10
10
11
13
1
8
6
14
13
15
16
6
11
11
10
11
16
9
11
16
11
7
0
14
15
15
10
0
14
13
0
11
10
11
9
10
9
9
13
9
10
9
9
8
15
10
8
0
8
13
10
10
7
0
9
14
10
1
16
13
1
11
16
16
16
15
10
6
10
10
1
14
14
7
7
14
11
6
13
11
0
14
8
9
11
1
15
11
7
9
16
14
16
8
8
8
9
15
11
15
15
11
7
8
14
6
9
15
13
15
1
13
6
0
14
16
8
6
13
14
7
0
8
16
15
11
1
14
14
1
15
16
7
15
7
1
14
10
1
9
14
14
16
13
1
7
0
14
10
0
10
1
7
15
13
13
9
6
9
16
13
15
0
14
6
1
15
8
13
6
8
14
14
10
0
9
16
16
7
6
0
15
11
14
1
16
8
14
6
11
9
14
7
11
6
7
10
7
16
10
0
16
16
0
15
0
0
6
0
13
8
14
1
8
16
1
0
6
10
0
9
8
0
14
14
6
10
10
10
1
6
0
13
16
11
13
8
7
6
8
10
15
11
16
10
6
13
