6
14
1
1
6
8
0
7
10
14
9
14
14
7
13
8
13
7
9
7
15
10
6
16
9
1
0
1
14
1
9
10
13
10
10
14
14
15
16
0
14
14
1
15
14
15
0
8
8
6
15
13
14
10
1
9
11
11
14
16
13
1
0
7
15
15
15
8
1
13
14
6
16
15
9
14
6
14
1
9
16
16
11
6
9
9
6
14
14
7
10
14
0
13
7
13
14
10
14
13
6
7
14
11
16
9
10
14
13
7
13
8
8
13
8
8
7
15
9
6
1
14
6
16
9
15
14
11
8
13
15
11
0
15
16
6
6
0
16
6
13
16
16
14
15
9
7
11
11
11
16
10
11
6
11
13
7
11
13
8
1
16
15
11
13
9
14
8
0
16
10
11
1
14
6
13
7
10
11
1
13
9
1
0
0
0
13
8
9
16
10
8
14
14
10
6
16
9
16
6
8
1
11
14
10
16
16
1
8
16
13
13
10
10
16
15
14
14
14
0
7
0
0
0
11
11
16
7
8
16
9
15
6
13
0
7
1
14
10
1
14
16
10
14
14
13
6
1
0
10
9
13
15
0
9
15
7
15
14
10
6
10
1
11
11
10
13
10
8
8
15
7
0
14
14
13
7
15
13
15
8
9
8
8
10
13
6
9
8
13
6
9
13
10
8
10
10
10
11
11
6
9
11
