7
13
14
10
7
11
0
15
14
15
11
14
15
14
1
13
15
10
16
7
11
7
13
14
6
10
10
10
9
14
11
0
8
0
16
0
9
16
6
0
14
16
14
0
10
6
8
6
1
13
14
10
0
10
14
14
10
10
15
13
6
6
8
9
16
15
14
15
13
1
11
11
13
13
11
16
10
10
8
9
11
15
10
0
9
13
14
8
14
11
13
10
0
13
6
11
11
8
9
7
15
6
7
16
15
9
13
10
10
10
9
0
8
0
9
14
8
11
9
0
11
15
10
15
10
15
0
14
14
10
7
14
6
1
14
15
14
16
10
9
11
0
15
1
7
14
16
11
14
16
6
6
11
15
10
9
14
11
7
15
7
8
0
15
8
6
0
13
6
0
0
16
7
6
14
11
16
15
8
10
15
13
10
16
7
16
15
10
8
14
16
14
0
9
14
9
14
14
15
8
11
14
0
14
10
0
14
1
7
8
16
16
7
11
13
10
7
7
14
0
7
7
15
8
13
14
10
16
6
15
10
13
6
11
11
1
0
15
11
14
15
16
8
11
8
11
7
10
15
14
13
7
13
14
9
15
1
7
9
1
16
15
0
0
13
13
15
1
1
9
16
14
16
6
9
9
1
11
14
6
13
6
6
10
14
1
6
0
13
16
16
13
11
1
6
6
10
15
11
13
9
6
13
