10
14
16
11
0
1
7
16
6
0
0
7
16
8
14
1
15
1
0
9
14
8
15
14
0
1
15
7
7
1
8
10
9
14
13
10
16
0
16
15
1
8
1
0
6
9
13
15
1
14
10
1
16
10
9
7
10
6
15
9
13
9
15
7
11
10
0
15
11
8
6
14
14
11
8
11
13
1
11
6
15
11
16
9
15
14
15
1
13
10
11
7
0
13
16
11
7
1
15
8
0
16
1
0
1
14
8
13
9
1
6
14
1
13
9
10
15
7
16
16
11
7
8
9
6
10
14
7
16
8
1
1
16
0
9
13
15
10
13
15
0
9
9
13
7
8
10
0
13
13
15
10
10
15
8
16
11
14
10
8
7
6
15
15
10
10
9
15
16
14
15
6
11
15
1
13
16
8
8
1
9
9
14
14
6
16
0
11
16
0
10
0
9
14
9
9
8
0
10
1
7
11
16
10
10
13
15
14
13
13
8
10
16
0
7
15
11
6
16
7
11
1
7
10
9
13
0
16
0
8
13
15
7
7
14
14
7
14
16
1
11
15
0
16
10
9
0
7
16
10
1
10
14
13
6
15
14
15
9
14
15
6
11
13
16
0
14
6
15
11
1
14
11
7
7
8
14
11
13
6
14
16
15
15
16
6
16
6
13
8
8
14
16
10
9
13
16
10
14
11
15
15
11
