15
10
13
11
16
16
8
9
14
7
16
0
14
16
16
16
14
11
11
10
11
16
9
14
8
15
6
15
1
14
0
6
15
14
7
7
13
0
11
0
6
7
7
10
8
0
11
16
15
6
11
16
11
0
11
9
10
10
16
13
8
8
10
9
10
10
7
11
11
11
16
15
8
14
10
15
14
0
0
13
11
15
8
15
8
15
11
8
10
7
9
16
14
9
13
11
11
11
9
7
13
13
15
14
8
11
9
13
6
7
10
14
16
0
10
9
13
13
8
1
11
15
10
15
8
10
10
0
10
0
11
14
16
14
6
1
14
14
10
13
11
10
0
13
7
0
10
14
16
10
8
8
9
11
9
15
7
13
14
14
7
8
11
0
13
11
13
13
14
14
15
16
7
6
14
10
13
15
9
8
1
16
0
16
10
6
10
16
1
14
13
1
14
0
11
7
11
11
16
14
11
1
10
7
10
14
16
0
7
8
7
16
1
7
7
16
16
6
1
7
15
13
10
0
13
7
8
14
16
15
15
16
0
9
7
10
13
0
15
6
1
16
8
15
9
1
7
7
1
1
7
0
15
16
16
11
1
7
11
0
6
10
14
11
13
13
6
14
1
15
6
10
0
6
9
0
13
13
8
13
14
7
10
0
10
7
14
16
8
14
6
13
6
7
11
13
10
6
13
16
11
6
10
