15
10
1
0
10
14
8
15
14
1
7
0
14
9
8
16
8
0
15
14
6
14
13
14
14
7
10
15
9
6
13
6
1
14
0
6
13
16
11
0
15
16
7
11
8
6
11
1
15
6
11
10
7
11
11
15
14
6
11
13
11
8
14
7
10
11
14
6
11
10
16
0
15
6
15
16
14
7
6
14
15
15
10
0
14
15
15
7
13
11
9
16
13
8
13
11
8
13
9
7
15
13
11
14
8
10
10
10
6
0
11
14
16
0
10
9
13
0
1
16
11
15
10
6
8
10
1
7
14
0
1
14
16
11
10
11
14
14
10
11
0
0
0
0
7
11
10
11
16
1
8
8
9
13
13
15
15
11
14
16
7
14
13
15
13
15
6
13
6
15
0
13
11
6
14
15
7
15
9
8
11
11
0
9
15
1
15
16
7
14
7
1
14
10
1
9
11
11
16
8
1
7
10
16
6
0
10
0
7
10
13
9
14
7
7
16
16
15
0
13
1
7
13
0
13
6
8
14
16
15
8
11
7
1
8
9
9
6
11
8
1
16
8
13
6
13
10
14
8
11
7
10
10
6
16
13
1
0
13
6
6
9
16
1
13
14
10
14
1
15
16
13
0
6
0
0
11
8
11
14
0
11
10
10
10
1
14
0
8
14
15
13
6
7
6
6
15
16
11
16
6
6
0
