0
10
16
8
14
6
10
14
8
11
1
14
7
14
10
0
6
9
14
10
16
11
7
10
11
10
8
6
14
9
8
1
0
0
14
0
16
11
15
10
7
14
9
13
15
14
9
10
14
14
9
16
6
6
10
1
11
8
7
11
0
7
0
8
8
11
6
16
1
6
1
1
15
0
14
15
6
8
14
16
13
14
15
10
14
8
8
14
16
16
8
8
13
8
9
16
16
14
11
6
14
15
13
15
11
1
10
8
8
1
1
14
14
8
15
7
7
14
13
14
6
11
7
11
8
16
13
6
15
9
7
6
7
14
9
8
0
8
11
11
15
6
14
16
11
16
13
11
1
15
6
11
10
15
9
8
11
8
15
7
7
0
7
8
8
0
8
16
11
6
0
14
13
13
15
10
6
11
0
13
9
13
7
13
11
14
0
9
13
0
11
15
13
1
16
9
1
1
6
9
1
6
0
9
0
7
9
10
11
0
14
14
11
8
6
1
8
0
13
1
9
10
15
1
15
1
11
8
16
7
10
14
6
9
7
16
9
7
13
10
13
8
7
16
16
0
6
11
7
7
11
7
11
0
14
9
11
9
15
9
16
13
16
16
15
6
15
6
6
10
8
8
13
13
6
14
1
14
9
6
0
8
13
6
13
13
16
16
8
13
7
7
13
10
1
16
11
11
16
16
15
16
6
