16
14
10
10
7
11
7
16
8
8
1
14
15
14
14
13
15
15
11
10
15
9
1
16
14
15
6
15
9
15
6
15
15
16
16
10
15
1
14
16
14
10
0
8
15
15
8
10
15
13
14
16
11
15
16
11
14
10
13
13
6
11
16
10
9
11
14
15
7
11
10
8
14
13
15
11
14
10
8
10
1
14
8
11
9
10
9
0
15
14
13
15
10
13
15
14
11
8
1
7
15
9
16
16
16
15
8
14
10
10
9
13
8
7
7
7
16
16
15
0
16
14
7
11
10
9
14
13
7
10
7
14
11
0
1
15
14
9
1
13
16
14
15
11
1
14
13
11
15
8
6
7
10
13
10
16
14
11
11
15
14
14
10
15
13
9
0
13
16
11
10
8
7
7
6
11
16
13
9
10
8
0
8
15
9
6
15
0
11
9
9
15
11
10
10
15
10
10
6
16
1
14
13
8
10
10
13
1
15
10
13
16
15
10
8
1
14
13
0
10
7
16
10
0
1
14
7
0
14
15
10
9
6
9
9
16
14
15
11
0
1
16
14
11
10
10
14
8
0
14
1
11
16
15
0
15
8
14
7
11
9
11
15
0
13
10
15
14
16
15
16
14
0
7
13
1
16
13
14
14
13
9
10
8
16
16
11
10
8
16
11
13
0
13
10
8
10
10
0
13
9
8
13
