15
14
10
10
7
11
0
16
16
0
1
14
15
14
14
13
14
15
14
1
15
7
9
16
1
15
10
15
7
8
6
15
15
16
16
10
15
1
14
16
14
10
13
1
15
15
8
10
15
13
14
16
11
15
16
11
14
7
7
13
6
11
15
10
9
11
14
15
13
8
10
13
14
13
15
11
13
10
8
10
1
14
11
11
0
10
15
8
15
9
15
16
11
13
15
11
11
14
1
7
14
6
16
16
13
8
8
14
10
10
14
10
15
14
9
0
9
16
15
16
11
14
7
6
10
9
14
14
16
10
7
14
10
11
16
15
14
9
1
13
16
14
15
11
1
14
1
11
15
8
6
7
16
15
10
10
14
11
15
15
14
14
10
15
13
9
0
13
6
10
10
1
7
10
6
11
16
13
11
10
6
0
16
15
1
6
15
10
8
9
16
14
11
10
10
6
10
10
10
13
14
14
13
15
10
10
14
1
15
10
7
16
15
1
0
8
14
13
0
10
7
16
14
14
15
14
7
16
14
15
10
9
6
11
6
7
14
16
11
0
1
16
16
10
10
10
14
8
13
14
1
7
16
15
14
15
8
14
10
11
9
11
10
0
13
14
15
9
16
15
16
14
0
13
13
9
16
15
14
6
13
6
7
8
16
16
11
0
16
16
14
13
14
13
10
14
10
10
13
15
9
6
13
