15
6
6
14
6
6
8
15
6
0
7
15
14
9
15
10
13
8
14
6
10
10
7
10
0
8
8
15
9
14
16
6
9
13
16
9
15
16
11
6
14
16
1
13
15
10
9
13
9
7
10
0
6
0
16
1
9
15
16
9
6
6
6
15
13
14
11
11
11
0
1
7
15
6
8
9
11
10
7
14
10
15
8
8
14
1
0
1
8
7
9
11
15
9
14
0
11
14
6
9
15
14
14
13
1
1
9
11
14
13
13
11
11
13
13
9
13
9
16
16
16
15
10
9
7
15
1
14
0
6
7
11
7
14
8
15
14
14
16
11
14
7
8
13
10
15
11
1
16
8
6
11
0
1
6
1
10
13
11
14
1
0
16
7
11
10
11
11
0
0
10
14
13
0
13
11
10
0
10
7
10
8
16
8
6
11
11
15
6
7
1
13
7
6
15
7
14
16
16
14
16
15
0
14
11
14
0
1
8
16
0
14
1
14
7
16
6
1
0
10
10
10
15
15
13
13
1
14
14
15
7
6
7
16
1
10
7
14
6
15
11
6
0
0
1
11
13
10
15
15
14
7
1
8
15
15
14
10
11
1
14
11
14
11
14
1
8
16
10
1
16
14
0
11
8
14
7
8
14
13
13
15
10
16
13
11
11
7
10
11
10
9
11
16
10
8
6
6
8
7
1
6
13
