15
14
15
10
13
11
10
16
15
0
1
14
15
14
14
13
10
15
11
10
16
13
13
16
1
10
10
7
9
13
11
15
15
8
16
10
9
1
14
16
7
10
13
0
15
15
7
10
15
13
14
16
11
15
10
11
14
10
15
13
0
7
8
10
9
1
14
15
13
6
10
13
14
13
15
11
13
10
14
10
1
11
11
11
9
10
15
8
8
14
13
13
10
11
15
11
11
8
8
7
11
6
16
16
16
8
8
14
10
7
9
16
8
9
9
0
0
16
10
16
11
14
7
6
10
1
14
14
16
10
7
14
11
11
10
15
14
11
1
10
16
14
15
11
0
14
1
11
15
8
6
7
11
15
10
11
14
11
11
9
14
14
10
15
13
16
16
14
15
0
0
16
7
6
6
11
16
13
9
10
0
11
16
15
1
6
11
10
8
6
16
14
11
14
10
6
10
10
10
13
1
14
13
15
10
10
14
1
15
10
7
16
15
11
0
8
14
13
0
10
7
11
15
11
15
14
7
16
14
15
10
9
6
9
9
16
14
15
11
7
1
16
6
13
10
10
1
11
13
14
1
7
16
15
14
15
8
14
6
11
15
15
15
0
13
15
15
14
16
15
16
14
0
7
13
9
16
15
14
6
13
6
7
8
16
16
14
11
10
16
14
14
14
13
10
14
10
10
13
15
9
6
15
