14
0
0
10
7
9
15
8
8
14
16
0
13
10
7
14
1
15
9
9
9
7
14
10
9
6
9
9
15
8
6
1
13
10
10
14
8
13
1
1
0
16
14
14
11
15
11
8
6
10
11
1
16
16
10
11
13
13
11
11
15
13
1
15
10
0
9
7
9
15
10
1
7
7
10
9
7
6
1
1
8
0
15
1
6
16
1
9
13
10
11
14
7
8
6
8
7
6
8
15
10
10
14
8
1
9
15
8
9
14
7
13
13
15
9
8
7
10
1
9
9
7
16
11
11
11
15
14
7
7
11
8
6
10
14
13
15
7
0
10
15
16
16
7
16
15
0
1
10
1
16
6
8
13
13
6
0
11
15
8
1
6
6
16
13
13
8
15
7
14
11
7
7
13
15
7
14
14
7
7
15
7
9
16
9
7
16
1
14
1
0
16
15
14
6
6
8
16
0
15
9
10
8
8
0
9
0
9
10
9
9
0
7
16
15
6
14
7
9
6
6
13
15
7
11
11
15
11
14
13
14
14
9
14
0
1
10
15
9
7
7
14
6
6
11
7
11
6
15
16
11
10
9
11
13
0
8
0
10
16
9
11
11
10
13
7
9
9
9
6
15
13
15
9
1
14
14
0
8
16
7
6
9
6
9
10
10
16
13
14
7
1
16
6
15
1
11
9
10
1
16
6
7
