6
1
11
1
15
16
6
14
7
9
8
11
14
7
15
13
13
13
9
6
15
10
6
8
9
1
0
6
14
14
9
7
11
10
10
14
16
11
0
0
0
13
1
11
14
15
0
8
0
6
15
16
14
10
16
9
11
11
14
16
14
1
0
7
16
10
14
8
14
15
0
0
16
15
9
13
6
14
1
9
1
1
11
1
11
8
6
14
9
16
10
14
0
11
8
11
15
16
14
6
7
14
14
7
7
10
11
16
16
7
13
7
8
14
8
8
7
6
0
6
10
7
6
16
9
13
14
15
11
15
15
11
7
14
16
6
13
11
15
6
7
1
10
0
11
8
15
14
15
11
15
11
9
6
11
16
7
11
16
6
10
16
15
16
11
6
8
16
1
16
16
11
14
6
6
13
7
10
6
14
7
11
9
14
6
10
13
8
9
16
9
8
10
14
9
6
15
1
13
16
8
1
9
7
10
9
11
14
15
16
11
0
10
10
16
16
14
0
7
16
13
11
0
0
16
11
10
6
8
15
9
10
8
13
1
8
0
10
13
15
16
15
11
14
14
13
6
1
14
10
9
6
15
15
16
15
7
13
6
10
10
14
15
9
1
16
16
11
14
6
15
1
8
14
1
8
9
11
13
13
13
9
11
8
10
13
6
9
16
8
6
6
13
10
1
10
8
10
11
11
6
7
14
