15
16
6
11
9
6
8
15
14
6
6
9
15
8
14
14
14
10
7
0
7
7
10
14
11
9
9
11
16
8
14
11
8
0
16
8
13
1
11
15
0
16
16
14
10
11
14
15
16
11
7
9
7
13
11
0
0
14
16
0
6
13
11
10
11
14
7
11
11
0
11
13
1
13
8
13
1
10
1
6
7
14
10
10
0
16
1
11
9
11
11
14
10
16
1
9
11
9
11
0
15
7
9
7
13
13
13
10
6
13
9
10
14
6
14
15
13
15
1
16
16
15
7
11
0
15
16
8
1
0
7
0
7
1
15
14
14
0
10
9
15
8
15
10
7
11
7
1
13
14
11
11
6
13
10
16
6
13
9
13
10
8
16
14
8
10
1
8
13
15
0
6
15
16
0
0
10
0
1
15
16
9
10
6
10
6
8
16
1
0
1
6
13
1
1
16
14
9
16
13
15
7
0
0
16
9
16
1
7
16
6
13
1
8
1
13
11
10
0
11
10
0
15
8
15
15
6
16
13
15
13
6
9
16
9
0
6
15
6
14
13
13
6
0
11
8
9
8
15
14
9
7
16
15
14
8
15
8
16
1
0
1
8
8
10
14
9
10
1
15
11
10
6
13
14
0
13
11
0
7
9
14
10
0
10
10
14
7
1
11
7
13
9
8
10
16
10
6
8
0
11
6
15
