15
10
13
11
16
16
8
9
14
7
16
0
14
16
16
16
8
11
11
10
11
1
9
14
8
15
10
15
1
14
13
6
15
14
7
7
13
0
11
0
15
7
10
10
8
6
11
0
15
6
11
16
11
0
11
15
10
10
16
13
8
8
10
9
0
10
7
11
10
11
15
15
15
14
10
15
14
0
0
13
7
15
8
15
8
15
11
8
10
7
9
16
14
9
13
11
11
11
9
7
13
13
11
14
8
11
9
13
6
7
10
14
16
0
10
9
13
13
6
1
11
15
10
0
8
10
10
0
10
0
11
14
16
14
10
1
14
14
10
13
11
10
0
14
7
0
10
14
16
10
8
8
9
9
9
15
7
13
14
14
7
8
11
0
13
14
13
13
14
14
15
16
13
6
14
1
13
15
9
8
1
16
0
16
10
6
10
16
1
14
13
1
14
0
1
7
11
9
16
6
11
1
10
7
10
14
10
0
7
10
13
14
1
7
7
16
16
6
1
7
1
8
10
0
13
7
8
14
16
15
15
16
7
9
7
10
13
0
14
10
1
16
8
15
9
13
0
7
10
1
7
0
15
16
16
11
1
0
11
1
6
10
14
11
13
13
6
14
1
15
16
10
0
6
9
0
13
13
8
13
14
7
10
0
10
7
14
16
8
14
6
13
6
7
10
13
10
6
13
16
11
6
10
