15
16
10
10
7
11
7
14
8
0
1
14
15
14
14
13
15
15
11
10
15
7
6
16
11
15
10
15
16
0
6
15
11
16
16
10
10
1
14
16
14
14
16
13
15
15
8
10
1
15
14
16
11
15
16
11
14
10
13
13
6
11
15
10
9
11
14
15
16
11
10
8
14
13
15
11
13
10
8
10
1
14
11
11
6
13
11
7
15
14
1
15
10
13
15
14
11
15
1
7
15
7
16
16
16
14
8
14
10
16
14
9
8
7
7
6
9
16
15
16
16
16
1
8
10
9
14
14
15
10
13
14
11
11
14
15
14
9
1
13
16
14
15
11
1
14
13
11
15
0
11
7
1
14
10
10
14
11
11
14
14
13
10
9
13
9
0
13
14
15
10
8
7
7
6
11
16
13
9
10
8
15
16
15
14
6
15
10
11
9
1
14
16
10
10
6
10
10
1
13
6
6
13
8
10
7
13
1
1
10
10
7
15
10
9
9
11
13
15
10
7
11
1
0
15
14
7
16
14
15
1
9
6
9
8
16
14
10
11
11
1
16
7
11
10
8
14
8
0
14
9
11
16
15
11
15
8
8
14
11
15
11
15
0
13
15
15
14
16
15
16
8
0
7
13
9
14
13
14
6
13
9
7
8
16
11
11
10
13
16
11
13
1
13
10
14
10
10
0
15
11
6
13
