14
14
10
7
7
11
7
16
1
8
1
14
15
14
14
13
15
15
11
10
15
10
6
8
9
15
10
15
9
15
6
15
15
16
16
6
15
1
14
16
14
10
0
1
15
15
8
8
15
13
14
16
11
13
16
11
14
10
0
13
15
11
15
10
9
11
14
15
13
11
1
13
14
13
14
11
14
10
8
10
1
14
11
11
9
10
16
8
15
14
1
16
10
13
15
14
11
0
1
7
15
6
14
16
16
15
8
14
10
7
14
10
8
13
9
0
9
16
15
16
11
14
10
6
10
16
14
14
16
10
7
14
11
11
10
15
14
10
1
13
16
14
15
11
1
14
10
11
15
8
7
7
1
13
10
10
14
11
11
15
14
14
10
15
13
9
0
1
6
15
16
1
7
1
6
11
16
13
9
10
8
0
0
7
1
6
15
8
11
9
1
14
11
10
10
6
10
10
10
13
1
14
13
8
10
10
14
1
15
10
15
16
15
10
8
8
14
13
0
10
7
11
1
11
15
13
7
16
14
15
15
9
6
11
6
16
14
15
11
0
1
16
7
11
10
10
14
8
13
14
11
7
16
15
14
15
8
14
7
11
15
11
15
0
13
15
15
14
16
15
16
15
0
16
13
9
15
13
11
10
13
6
7
8
16
16
11
1
8
0
11
13
14
13
10
14
9
10
0
15
9
6
13
