15
10
9
0
10
14
8
9
14
1
7
0
14
15
1
16
8
11
13
10
11
7
1
14
1
10
10
7
9
6
13
6
11
14
11
13
13
13
11
6
11
16
7
0
6
6
13
9
15
6
11
10
11
0
11
15
16
10
7
13
16
8
13
0
6
11
14
6
11
10
10
0
13
6
13
16
14
7
8
14
7
15
14
0
14
0
11
7
13
7
9
16
14
9
13
7
7
11
9
8
15
13
11
13
6
10
14
10
10
0
11
11
16
0
10
9
13
0
14
1
11
15
10
6
15
10
1
7
14
0
15
14
16
14
10
11
14
14
8
11
11
0
9
11
7
16
10
11
16
1
14
8
9
13
13
11
11
13
16
16
7
13
9
6
13
15
13
1
6
0
11
6
11
11
6
15
7
8
9
8
1
8
0
16
10
1
14
16
7
14
7
0
11
10
1
16
11
11
16
7
1
7
10
11
13
0
10
0
7
10
13
9
15
7
8
16
16
15
1
13
1
0
15
0
13
6
8
14
16
15
6
11
7
16
7
10
0
6
11
8
14
16
13
15
13
13
15
14
15
16
7
10
10
6
16
13
1
15
13
6
6
9
0
1
13
15
9
14
1
7
16
13
0
10
8
0
13
8
0
16
0
7
10
10
10
1
14
0
8
14
11
13
6
7
13
6
15
7
11
16
6
7
13
