15
9
6
9
8
9
13
13
6
9
16
0
15
14
8
10
8
15
16
6
13
15
7
10
8
15
0
11
6
14
6
6
14
7
16
16
15
10
15
6
7
15
13
11
16
10
0
13
7
7
6
16
15
16
7
16
9
15
8
8
6
8
6
15
13
14
11
16
11
7
1
7
14
1
10
9
11
10
16
14
10
8
8
8
16
1
0
8
8
8
14
16
6
9
14
6
11
14
6
16
15
6
14
13
1
1
15
6
14
13
11
14
11
14
11
6
13
9
16
16
16
15
10
6
7
15
1
14
0
6
11
13
7
14
8
10
14
14
11
1
14
0
15
13
8
15
11
6
10
1
16
14
15
14
6
1
13
6
11
15
11
0
16
7
11
10
8
13
0
11
11
7
14
0
13
1
10
7
11
0
10
16
11
8
6
0
11
15
0
11
14
15
16
14
15
15
7
10
14
14
11
15
1
14
11
8
7
1
8
10
0
0
14
16
15
16
10
1
0
15
6
10
15
0
13
14
13
11
16
14
1
6
8
1
14
10
7
14
13
7
11
6
11
6
0
11
13
10
15
15
13
7
16
8
15
13
16
15
11
7
11
16
15
11
14
1
16
11
10
15
10
8
0
11
16
10
0
8
7
13
13
8
0
11
15
11
10
7
1
7
15
11
7
14
15
8
0
7
14
16
1
14
0
