15
10
14
10
7
11
0
16
8
15
1
8
15
14
1
13
15
8
11
10
16
11
13
16
14
10
10
6
9
13
9
15
15
8
16
10
14
1
14
1
14
10
8
0
15
15
8
10
15
6
14
16
1
10
7
0
14
10
15
13
14
11
8
9
9
11
14
15
13
14
10
8
1
13
15
11
9
10
8
16
6
15
11
11
9
13
13
8
14
11
13
13
10
1
15
11
7
8
8
7
15
6
16
16
16
9
8
15
10
7
1
16
13
8
9
0
6
8
11
16
11
14
7
10
10
1
0
14
14
10
7
14
11
11
8
15
14
15
10
9
16
14
15
11
7
11
1
11
16
1
6
7
1
15
10
11
9
11
7
16
14
8
10
15
13
9
0
6
6
0
15
16
7
13
6
11
0
13
9
10
6
0
16
16
1
6
15
10
8
6
16
14
0
14
16
6
16
9
10
13
1
1
13
14
10
1
14
1
8
10
7
16
15
1
8
13
10
13
0
15
7
6
15
11
15
14
10
16
7
15
10
1
6
7
9
16
14
15
11
11
0
16
6
11
10
11
16
11
13
14
1
1
16
8
14
15
8
14
7
11
9
15
15
0
13
6
15
14
16
15
16
14
13
6
8
9
10
9
14
6
13
6
10
14
16
16
11
0
8
16
11
13
11
13
0
6
1
10
13
0
9
6
13
