15
6
16
11
7
0
16
15
9
14
14
7
7
13
6
7
10
11
6
0
11
13
10
16
11
8
0
14
9
8
14
13
16
6
16
13
11
9
13
6
14
16
1
11
14
9
9
6
0
6
11
14
1
13
13
8
10
14
0
16
6
9
11
15
13
16
16
11
11
7
15
16
13
16
8
10
9
7
0
14
7
7
10
1
15
6
1
11
13
11
9
15
10
9
14
9
11
15
7
14
8
11
16
7
14
9
10
10
6
11
9
9
11
13
14
9
13
9
9
16
16
15
16
8
13
13
15
16
14
11
7
8
13
0
7
8
14
0
16
11
15
8
6
14
9
6
16
1
16
1
9
0
9
15
6
8
7
0
16
11
11
8
10
15
0
8
1
13
6
0
13
9
13
0
15
7
11
7
1
15
6
9
1
0
9
10
11
16
6
7
7
8
14
9
1
1
14
15
16
15
14
7
0
14
16
10
16
1
7
16
11
1
8
11
7
14
6
6
0
14
16
1
15
14
11
7
10
14
14
0
9
0
6
16
7
10
14
15
1
8
1
16
8
11
14
13
9
14
13
0
14
0
16
7
14
9
6
8
16
14
6
7
8
1
9
13
11
10
1
9
16
14
0
8
10
8
13
1
6
11
14
10
14
7
1
1
11
8
13
16
10
8
14
13
10
7
8
6
11
0
14
0
6
