15
13
14
10
7
11
0
15
14
15
10
14
15
14
1
13
15
10
11
10
11
7
16
16
14
13
0
13
9
14
11
6
0
14
16
10
14
16
0
0
14
16
14
0
10
15
8
6
15
13
14
10
0
15
0
14
11
10
15
13
6
6
8
9
16
0
13
13
13
10
7
13
13
13
11
16
10
10
8
16
8
15
10
0
9
13
13
8
14
11
13
15
6
13
6
7
11
8
9
7
16
6
7
16
13
9
7
10
10
10
9
10
8
0
9
14
0
11
9
14
11
15
10
6
10
13
0
14
14
10
10
14
11
1
10
15
14
16
8
9
11
1
15
11
16
8
16
11
14
1
6
6
10
1
10
9
9
11
7
16
7
8
0
15
13
6
0
13
6
0
0
16
10
6
14
11
16
16
16
10
15
11
16
16
7
16
15
10
8
6
16
9
0
9
9
9
14
7
6
13
1
14
0
14
10
0
1
10
7
8
16
16
7
11
13
13
15
7
16
0
1
7
15
8
13
14
6
16
14
15
10
1
6
11
9
1
11
15
11
14
15
16
8
16
8
11
7
14
13
14
1
7
13
14
9
15
1
7
9
14
14
8
0
0
13
13
15
14
1
8
16
14
0
6
9
0
1
7
11
6
9
6
6
16
16
1
6
0
13
16
16
13
11
14
6
6
10
15
11
13
9
6
13
