15
14
6
14
6
6
8
15
6
0
7
15
14
9
16
10
0
8
14
6
10
0
7
10
0
8
8
15
9
14
16
6
11
13
16
9
15
16
11
6
14
16
1
13
15
10
14
13
1
7
10
0
1
0
16
1
9
15
16
9
6
6
6
15
13
8
11
11
11
0
9
7
15
6
8
9
11
10
7
14
10
15
8
8
14
1
0
1
8
7
9
11
15
14
14
0
11
6
6
9
8
14
14
14
9
1
9
11
14
13
13
11
11
13
13
9
13
9
16
16
16
15
10
9
7
15
1
14
0
6
7
11
15
14
8
15
14
14
16
15
14
7
8
13
11
15
11
1
16
8
6
11
9
1
6
1
14
13
11
14
8
0
16
7
11
10
15
11
0
0
10
14
13
0
13
11
10
6
10
7
9
8
16
8
6
11
11
15
6
7
1
13
8
6
15
7
14
16
16
14
16
15
0
14
11
14
0
1
8
13
0
14
1
14
7
16
6
15
0
10
10
13
15
15
13
13
1
14
14
15
7
6
7
16
1
10
10
16
6
15
11
10
0
0
1
11
13
10
15
15
14
7
1
8
15
15
14
10
0
1
14
11
14
11
14
1
8
16
10
1
16
14
0
11
10
6
7
8
14
13
13
15
10
16
13
11
11
7
10
11
10
9
11
9
10
8
14
16
8
7
1
6
13
