13
8
6
13
1
0
16
15
9
14
14
7
7
7
6
7
0
11
6
0
16
13
9
16
6
0
0
0
9
11
14
13
16
13
16
13
16
9
13
6
14
16
13
7
8
11
9
6
10
8
11
9
1
9
16
14
10
14
0
11
6
8
11
15
13
16
16
7
11
7
15
1
15
16
8
9
9
15
6
16
7
15
10
1
11
6
1
11
8
11
9
15
10
0
14
9
11
15
7
1
8
11
16
7
11
8
10
10
6
11
8
16
11
1
8
9
9
9
9
16
10
15
10
0
13
9
15
16
14
14
1
11
10
0
7
8
14
0
10
11
15
9
0
14
15
6
16
6
16
1
6
0
9
15
0
8
11
0
16
11
11
8
10
15
0
8
15
6
6
0
13
9
13
6
15
7
11
6
15
15
6
9
1
0
13
10
10
16
10
7
7
15
14
9
1
9
14
15
8
0
7
7
10
14
0
10
16
10
6
6
11
1
8
11
7
14
8
6
0
14
6
1
15
14
13
7
7
14
14
8
9
10
6
9
7
10
10
13
1
0
1
16
8
11
7
13
14
10
8
0
14
16
16
7
14
7
6
8
16
14
8
7
8
1
9
13
11
10
1
9
16
14
0
8
10
8
13
1
0
11
14
10
10
10
10
1
11
8
13
9
8
13
14
13
11
14
10
6
14
14
6
10
11
