15
7
6
14
6
6
8
15
6
0
7
15
15
0
8
10
8
8
16
0
10
10
7
10
0
8
8
11
9
14
6
6
9
13
16
15
15
13
11
6
7
1
1
1
15
10
0
13
7
7
6
16
15
0
14
1
9
15
16
9
6
6
6
15
13
14
11
11
11
0
1
11
15
1
1
9
11
10
7
10
10
15
8
8
14
1
6
1
8
7
14
11
15
9
14
0
11
14
6
9
15
14
14
13
1
1
9
11
14
13
13
11
11
13
13
14
13
9
16
16
16
15
10
10
7
15
1
14
0
6
7
6
7
14
8
15
14
14
1
11
14
6
8
13
8
15
11
1
16
8
6
14
0
13
6
1
13
13
11
15
1
0
16
7
11
10
11
14
0
0
10
14
14
0
13
1
10
0
10
7
10
16
6
8
6
1
11
15
0
7
14
13
7
6
15
7
7
16
16
14
8
15
0
14
11
8
7
1
8
8
0
1
10
14
7
16
6
1
0
10
10
10
15
0
13
13
1
14
14
15
7
6
7
16
1
10
7
14
13
15
11
6
0
0
1
11
13
10
15
15
14
7
1
8
15
15
14
10
11
1
11
11
14
11
14
1
8
16
10
1
16
14
0
11
8
14
7
8
14
13
13
8
0
16
7
11
10
7
10
11
8
11
14
16
10
8
6
6
8
7
1
14
13
