7
15
16
16
14
6
10
13
13
11
1
9
0
14
10
0
6
9
13
6
16
7
13
10
8
16
8
6
14
15
10
1
13
6
14
0
16
11
15
10
7
14
9
0
7
14
0
15
9
14
6
16
6
6
15
1
11
7
16
11
9
7
0
7
8
6
6
16
8
6
1
1
11
0
14
11
6
13
1
16
13
14
15
10
14
1
11
14
7
16
8
8
13
11
9
16
16
14
11
14
7
8
13
7
14
1
13
8
8
9
7
15
14
10
15
7
7
14
13
14
14
11
16
11
11
15
13
6
15
11
7
6
7
14
9
15
0
9
11
14
15
14
14
8
9
1
13
10
1
1
13
15
16
15
14
0
6
8
15
1
7
0
7
8
15
0
8
14
0
6
0
10
9
13
13
6
8
11
0
13
16
10
11
15
9
14
0
15
13
0
11
15
13
1
6
10
1
1
9
16
1
11
14
9
0
8
9
10
13
0
14
9
11
8
16
1
8
16
15
1
9
11
1
9
15
7
11
8
7
7
16
10
13
10
7
16
15
7
6
10
13
8
7
16
1
15
6
11
7
7
11
7
11
10
14
1
8
10
15
9
16
13
7
16
15
14
15
15
6
7
8
0
13
1
8
15
1
15
9
6
0
0
13
6
6
13
1
7
9
14
7
7
8
8
7
16
11
1
0
0
15
16
9
