6
14
1
1
6
8
6
14
10
14
8
14
14
7
13
8
13
7
10
7
15
10
6
16
9
1
0
1
14
1
9
10
13
10
10
14
16
11
16
0
9
14
1
15
14
15
0
8
8
6
15
13
14
10
16
9
11
11
11
16
13
7
13
6
15
13
15
8
11
13
14
6
16
15
9
14
6
14
1
9
16
16
11
6
11
9
6
14
14
7
10
14
0
13
7
13
14
9
13
13
6
7
14
7
16
10
10
14
13
7
13
8
8
13
8
8
7
15
9
6
10
7
6
16
9
15
14
11
8
13
0
11
0
0
10
6
8
11
15
6
13
16
10
14
16
9
7
11
11
11
16
10
11
6
11
13
7
11
16
6
1
7
15
11
13
9
13
8
1
16
10
11
1
14
6
13
7
10
11
1
9
9
1
0
6
0
13
8
9
16
10
8
9
14
10
6
16
1
13
6
8
1
11
14
10
9
16
0
8
16
13
13
10
10
16
15
14
14
14
6
7
0
0
0
11
11
16
16
8
14
9
15
6
13
0
7
0
14
13
1
14
16
11
14
14
13
6
1
14
10
9
8
15
0
9
15
7
15
14
10
6
9
1
11
11
10
13
9
8
8
15
7
0
14
10
8
1
8
13
15
13
9
8
11
10
13
6
9
8
13
6
9
10
10
6
10
10
10
11
11
6
9
11
