15
6
8
14
11
16
8
7
6
14
7
7
7
6
15
7
13
11
9
10
7
11
7
14
11
8
11
15
9
8
1
13
11
0
0
13
15
13
11
14
10
16
1
11
10
6
9
9
15
7
6
1
6
13
16
1
10
10
16
15
13
9
1
9
11
16
6
11
13
1
10
1
14
14
8
16
13
7
1
6
7
15
10
11
14
10
1
13
8
11
9
15
10
9
14
13
11
14
0
6
14
6
16
15
14
15
10
11
6
13
13
11
11
13
7
9
13
1
13
16
16
0
0
13
6
1
1
14
1
11
6
10
10
9
13
7
9
7
16
11
1
0
13
13
6
15
11
1
16
13
6
13
0
14
7
13
10
13
9
11
16
8
11
16
0
10
1
13
7
0
0
1
8
6
15
7
13
0
1
7
10
11
1
16
15
10
8
15
7
7
1
0
14
16
11
16
14
9
10
13
14
14
0
14
0
14
0
1
8
7
11
13
7
14
11
14
6
1
0
14
10
13
15
10
13
0
0
16
14
15
11
6
13
16
6
10
7
16
6
7
1
6
8
0
1
13
8
14
9
14
0
7
16
11
14
10
13
8
8
11
8
13
0
10
14
6
1
16
6
14
13
8
0
14
9
14
16
8
16
7
15
6
10
10
10
11
11
14
15
16
10
13
11
11
10
14
1
6
14
16
10
6
13
