6
1
1
1
6
8
6
14
10
14
9
16
14
7
8
13
13
0
9
11
15
8
6
8
9
14
0
11
7
14
9
10
11
15
0
13
16
15
1
16
11
6
16
16
14
6
11
8
8
6
15
0
14
10
16
9
11
11
0
16
13
1
7
7
7
13
14
9
7
15
7
1
16
15
9
0
6
1
11
9
10
1
11
1
11
15
6
10
9
7
14
14
0
13
14
6
11
16
14
6
11
10
14
7
7
10
15
14
16
6
13
13
8
13
10
13
7
6
1
6
10
7
6
16
9
13
16
9
6
9
15
11
7
15
16
6
8
11
15
6
13
1
8
14
15
8
13
16
11
9
15
10
9
6
6
16
10
11
14
6
10
16
9
14
9
11
16
16
1
16
1
13
14
6
6
15
7
14
1
14
0
9
1
14
6
10
13
8
9
16
10
9
8
11
10
6
15
1
13
16
8
14
9
14
10
9
8
14
15
1
16
13
9
10
6
16
14
14
10
7
7
11
16
9
10
11
8
6
8
14
15
0
13
6
0
7
0
8
8
0
7
16
11
14
14
13
16
9
14
10
9
6
15
16
7
15
1
15
1
10
6
14
15
11
0
1
13
14
8
9
15
1
8
14
1
15
15
15
13
13
10
10
6
8
10
13
6
14
16
13
6
0
13
10
6
10
10
10
11
11
10
9
11
