6
13
14
7
15
11
6
1
14
7
7
14
1
14
1
8
11
10
11
10
11
0
13
7
10
7
10
7
11
14
11
10
0
14
16
16
6
16
8
0
14
16
14
11
10
15
8
6
6
13
14
10
14
10
0
7
10
10
6
13
9
16
16
9
15
11
14
15
13
11
15
14
13
14
1
16
7
10
8
16
15
15
10
9
13
10
7
8
14
16
7
7
15
9
6
11
9
8
9
7
15
8
7
13
8
7
10
10
6
1
7
0
8
10
7
1
0
13
6
16
10
14
16
6
10
1
0
14
14
15
10
14
11
1
10
13
14
16
9
14
11
11
13
11
7
11
16
13
16
1
7
6
9
13
15
11
11
11
7
10
7
11
14
6
16
1
10
10
6
9
0
9
13
6
15
11
11
14
16
10
15
10
15
9
7
16
15
15
1
9
14
14
1
16
14
9
14
15
7
13
1
14
0
14
7
16
1
1
10
7
7
13
15
14
13
15
10
13
0
1
9
7
15
8
13
14
10
0
14
15
10
1
6
11
15
6
8
15
11
16
15
11
11
6
8
11
9
9
13
8
1
7
10
14
16
11
10
11
9
1
14
6
0
0
15
13
15
8
15
13
16
14
0
6
9
0
7
0
15
6
13
6
10
10
16
8
10
0
13
14
16
13
11
14
6
6
11
0
11
11
9
15
9
