15
10
14
11
10
14
8
9
14
8
14
0
14
16
1
16
8
11
11
10
11
1
13
14
10
15
10
15
15
6
13
6
1
14
7
13
13
16
11
0
15
16
9
11
8
6
11
14
15
6
11
10
11
0
11
15
14
10
11
13
11
8
9
0
13
15
1
6
11
11
1
15
15
6
10
16
14
7
0
14
11
16
9
0
13
15
11
7
9
6
9
16
14
9
13
16
11
11
7
7
15
13
11
14
8
10
10
10
6
6
11
15
16
0
10
9
9
11
14
1
11
15
10
6
8
10
1
0
14
0
1
14
16
14
10
11
14
14
10
11
15
6
0
11
7
0
10
11
16
1
9
8
9
9
13
15
6
13
6
16
9
1
11
7
13
15
6
6
6
15
15
16
11
6
7
15
13
15
9
8
15
11
0
16
10
1
15
16
7
14
7
1
14
10
1
9
11
11
16
8
9
7
10
16
6
0
10
0
7
13
13
6
1
7
7
16
14
0
1
13
1
0
15
0
13
6
8
14
16
15
6
11
7
16
7
10
9
6
11
8
1
16
8
15
6
13
15
14
15
11
8
10
10
1
16
13
1
0
13
1
6
9
14
1
13
13
8
14
1
15
16
8
0
6
0
0
13
16
0
14
14
7
10
10
10
13
14
0
16
14
11
13
6
7
13
6
1
16
6
16
11
6
13
