15
14
10
10
7
11
0
16
8
0
1
14
15
13
1
13
15
15
11
10
15
7
13
16
9
10
10
7
15
13
11
15
15
8
15
10
14
16
14
16
14
10
13
0
15
16
8
10
15
15
15
16
10
15
16
11
14
10
15
13
6
11
8
10
9
11
14
15
13
7
10
13
1
13
15
11
13
10
11
10
1
11
11
11
9
6
13
8
15
14
13
13
10
6
15
11
11
8
13
11
15
6
0
16
16
8
13
14
10
7
9
7
6
8
9
0
6
16
10
16
11
14
7
6
10
13
14
14
14
13
7
14
11
11
15
14
14
9
10
9
16
14
15
11
0
14
1
11
15
15
6
7
1
15
10
11
14
11
7
9
14
14
10
15
13
9
0
7
6
0
10
16
7
6
16
11
0
6
9
10
6
0
16
15
1
6
15
10
8
6
7
14
11
14
16
6
10
10
10
13
1
14
13
15
10
10
14
13
15
10
8
15
15
1
8
13
16
13
0
10
7
11
15
11
15
14
15
16
7
15
10
9
6
11
9
16
14
15
11
0
0
16
13
11
10
6
16
11
13
14
1
7
16
15
14
15
8
14
7
11
9
16
15
0
7
6
0
14
16
15
16
14
13
7
13
9
10
15
14
6
13
6
7
10
16
16
11
7
8
16
14
13
1
13
10
14
10
16
1
15
14
16
13
