16
16
15
13
13
8
14
13
14
11
7
14
15
7
8
6
11
16
11
11
10
10
10
16
9
8
6
1
0
10
9
1
11
9
16
0
6
15
8
14
16
8
14
16
15
16
1
13
1
6
16
16
0
15
9
13
11
13
0
11
13
0
1
16
6
11
13
7
14
11
0
10
9
6
0
6
9
14
0
8
11
7
14
9
10
0
15
11
6
15
15
14
9
7
9
6
13
7
1
0
14
11
14
14
0
0
7
8
11
6
10
14
0
11
7
9
8
11
15
15
9
7
9
13
6
16
7
14
7
16
16
15
7
10
0
11
15
8
14
8
1
13
1
16
11
11
10
11
6
14
16
1
16
11
1
7
7
15
10
7
11
13
15
8
13
10
11
6
0
8
11
13
10
9
1
16
7
6
8
15
7
7
9
16
11
14
16
16
1
9
15
7
11
15
14
6
10
0
14
8
13
13
13
1
6
13
11
6
11
14
0
16
0
16
7
8
6
9
11
9
15
6
9
11
6
7
6
15
15
14
1
11
16
11
1
13
6
6
14
0
13
0
16
9
10
0
13
7
15
15
8
1
0
11
11
1
11
8
0
1
8
14
7
0
16
10
14
0
14
8
13
7
11
8
7
11
10
14
1
9
6
6
1
15
9
0
6
14
6
13
14
15
15
11
7
8
6
6
1
8
6
14
7
