7
13
14
10
7
11
0
15
14
15
11
14
15
14
1
13
15
10
16
7
11
7
13
16
14
10
10
13
9
14
11
6
0
14
16
10
14
16
6
0
14
16
14
0
10
15
8
6
1
13
14
10
0
10
0
14
10
7
15
13
6
6
8
9
16
15
14
15
13
1
7
11
13
13
11
16
0
10
8
16
11
15
10
0
9
11
1
8
14
11
13
15
0
13
6
11
11
8
9
7
15
6
7
16
16
9
14
10
10
1
9
0
8
0
9
14
0
11
9
14
11
15
10
15
10
1
0
14
14
10
7
6
11
7
10
15
14
16
8
9
11
1
15
11
7
11
16
11
14
1
6
6
9
15
10
9
16
11
7
16
7
8
0
15
8
6
0
13
6
0
0
16
13
6
14
11
16
16
1
10
15
11
16
16
7
16
15
10
8
6
16
14
0
9
9
9
14
14
15
13
11
14
0
14
10
0
14
1
7
8
16
16
7
16
13
10
10
7
14
0
7
7
15
15
13
14
10
16
14
15
10
1
6
11
9
1
0
15
11
14
15
16
8
11
8
11
7
11
13
14
13
7
13
14
9
15
1
7
9
1
16
15
0
0
13
13
15
14
1
14
16
14
0
6
9
9
1
11
14
6
13
6
6
10
16
1
6
0
13
16
16
13
11
14
6
6
10
15
11
13
9
6
13
