15
11
13
11
16
16
8
15
14
13
7
0
14
16
16
16
8
11
11
10
11
1
16
14
8
15
10
15
1
6
13
6
15
14
7
0
13
16
14
0
15
9
7
10
1
6
11
0
15
6
11
10
11
0
11
15
10
10
11
13
8
8
13
9
0
10
7
11
11
6
13
15
15
14
10
15
14
10
0
13
15
15
10
15
8
15
11
7
10
7
9
16
14
9
13
11
11
11
1
7
13
13
16
14
8
10
9
13
6
7
10
7
16
14
10
9
13
10
10
1
11
15
10
13
8
10
10
0
10
0
11
14
16
14
10
1
14
14
10
9
11
16
0
14
7
0
10
14
16
1
8
8
9
13
9
15
7
13
14
14
9
13
11
0
13
14
13
13
14
14
15
16
13
6
14
1
0
15
9
15
1
16
0
16
7
1
15
16
1
14
13
1
14
0
1
9
11
6
16
8
11
1
10
7
10
16
10
0
8
10
13
14
1
7
7
16
16
7
1
0
1
8
7
0
13
14
8
14
16
15
15
11
7
9
7
10
13
0
9
10
1
1
8
15
9
13
9
7
10
1
7
0
16
16
16
11
1
0
14
1
15
10
14
1
13
13
6
14
1
15
16
10
0
6
9
0
11
10
0
13
14
15
13
7
10
7
14
10
8
14
6
13
6
7
10
13
10
6
6
16
11
6
13
