15
6
6
6
8
7
8
6
14
15
7
7
16
1
15
9
15
11
13
9
11
6
7
6
13
8
11
8
6
8
14
7
11
13
16
13
7
9
11
1
11
16
1
16
8
10
9
7
15
10
8
9
9
13
13
13
10
14
16
0
15
9
11
10
7
16
8
11
0
8
15
6
16
16
7
14
13
7
0
6
7
15
10
7
14
10
1
9
1
14
9
15
10
10
14
9
11
8
16
16
15
1
8
11
1
0
9
10
16
13
0
11
11
13
13
9
13
9
0
16
16
8
15
13
13
7
10
0
14
11
7
11
10
1
15
9
14
14
13
9
1
9
7
11
7
15
7
1
16
1
1
0
9
8
15
7
13
13
6
0
14
8
11
16
8
9
9
13
6
0
1
1
13
6
15
8
14
6
9
15
10
13
16
16
10
9
15
16
7
7
7
14
9
16
6
9
14
15
16
13
6
11
0
10
11
14
0
7
11
13
7
8
8
11
16
14
0
11
8
14
15
1
15
8
6
7
0
14
14
15
14
6
13
16
6
10
7
15
16
16
6
16
11
0
1
13
10
10
15
14
6
16
16
7
14
10
6
7
16
1
1
7
13
1
9
13
11
13
6
6
16
13
8
16
9
0
14
16
11
7
11
10
11
10
10
7
11
13
13
16
7
13
16
8
6
11
10
6
6
0
11
0
13
