15
10
6
14
0
1
8
15
6
0
16
15
15
13
15
10
8
8
11
0
13
10
15
0
0
11
0
11
6
14
6
13
9
13
13
15
13
15
15
6
11
13
1
7
15
0
0
13
7
7
6
16
8
16
14
15
9
15
16
9
9
6
6
8
13
15
9
11
11
6
1
6
9
1
1
14
14
10
14
10
10
11
8
16
6
11
6
1
15
1
8
11
15
8
6
6
9
13
14
16
15
16
9
15
1
6
0
16
14
13
13
11
1
7
14
16
13
9
13
9
16
10
10
6
7
15
13
14
0
6
7
16
7
7
16
15
1
14
10
9
14
6
11
13
8
11
11
6
8
8
10
14
0
6
6
16
13
13
1
10
9
6
9
8
11
10
16
14
0
11
15
14
14
15
14
1
10
0
0
9
11
10
13
13
1
11
7
16
0
7
14
0
7
6
15
9
14
8
10
9
8
15
0
14
1
8
7
1
1
6
16
13
16
0
7
15
6
1
10
10
1
6
15
0
15
8
1
14
14
15
7
0
9
16
1
10
7
13
15
7
11
14
15
9
0
11
13
10
15
7
13
10
1
14
0
15
9
15
11
13
16
11
14
11
11
0
16
15
1
15
10
14
16
16
8
16
13
8
14
1
0
8
14
16
7
9
1
8
10
0
8
11
7
0
11
15
0
6
14
0
1
14
13
