16
9
14
16
13
8
14
6
7
8
7
14
15
7
9
7
8
10
11
11
14
10
15
9
14
15
13
8
0
7
7
9
11
10
9
14
13
7
1
8
16
8
14
14
16
1
1
16
13
14
7
1
7
14
11
13
9
15
11
16
6
10
7
16
15
15
10
6
14
11
6
10
11
16
10
8
9
14
14
10
9
7
14
9
10
16
15
11
6
15
15
15
1
13
14
11
13
11
0
15
13
16
7
14
11
9
0
8
13
6
10
8
0
14
8
9
8
16
14
15
16
7
14
14
15
16
15
0
14
16
15
15
11
10
0
11
6
8
14
6
1
13
14
16
7
6
10
13
15
1
7
1
15
9
8
0
7
15
1
15
7
6
15
13
1
9
1
13
0
10
11
14
10
7
16
8
6
6
6
15
7
0
7
16
1
8
16
16
1
1
15
11
9
15
13
13
15
11
11
14
7
13
1
7
15
16
8
14
11
0
9
16
15
16
7
8
6
9
11
9
1
0
0
15
6
11
6
11
9
16
1
10
9
13
1
13
9
6
14
10
16
13
15
14
10
0
13
16
15
6
0
7
16
15
7
14
14
16
10
1
0
0
7
0
15
9
11
16
15
8
7
11
11
8
0
8
10
8
15
8
6
6
8
15
7
10
15
14
14
13
11
15
16
11
6
8
0
6
14
8
14
14
11
