15
13
14
7
7
11
0
15
14
15
7
14
16
14
1
16
15
10
11
10
11
7
13
16
1
6
10
7
9
14
11
6
0
14
16
10
14
16
8
0
14
16
14
11
10
15
8
6
15
13
14
10
0
10
0
14
10
10
15
13
6
6
6
9
16
11
14
15
13
10
7
11
13
13
11
16
10
10
8
16
11
15
10
9
9
13
7
8
14
11
13
15
8
9
9
11
11
8
9
7
15
6
7
8
16
13
10
10
6
0
9
0
8
0
7
14
0
11
9
16
11
15
10
6
10
1
0
14
14
10
7
14
11
1
10
11
14
16
8
9
11
1
13
11
7
11
16
11
16
1
6
6
9
15
0
9
9
11
7
16
7
8
14
15
13
6
0
10
6
0
0
16
13
6
14
11
11
16
16
10
15
11
16
16
10
16
15
10
8
9
16
14
1
9
9
9
14
14
7
13
1
14
0
14
10
0
1
1
7
8
16
13
7
11
13
14
10
7
0
14
7
7
15
8
13
14
10
13
14
15
10
1
6
11
9
1
0
15
11
14
15
16
8
11
8
11
9
9
8
14
1
7
10
14
13
10
1
7
9
1
14
6
0
0
13
13
15
14
15
9
16
14
0
6
9
0
6
8
14
6
13
6
10
10
16
1
6
0
11
16
16
13
11
14
6
6
10
15
11
13
9
6
13
