0
0
16
0
10
1
10
14
8
10
1
14
13
14
10
8
6
9
6
0
16
7
0
6
8
1
11
14
16
15
8
1
10
14
7
11
6
11
13
15
14
0
9
10
15
14
6
10
14
15
10
16
6
14
7
1
9
7
0
10
14
7
6
8
15
11
6
16
9
0
11
1
15
13
6
11
15
15
7
11
14
14
11
10
14
14
14
13
14
16
16
8
16
8
7
16
9
11
11
9
11
15
15
15
7
1
13
8
9
14
14
9
14
0
15
14
7
13
9
1
0
8
16
9
10
6
13
6
8
7
8
14
7
11
10
11
15
11
11
11
15
10
7
0
11
11
13
11
10
14
6
15
15
10
0
13
1
1
14
1
7
15
7
8
1
15
13
14
11
6
0
6
1
16
15
13
9
11
0
7
16
11
16
8
14
14
0
14
13
0
14
15
8
9
16
10
16
7
10
16
11
6
0
11
9
8
16
13
15
10
10
11
11
14
15
13
16
9
7
0
9
0
15
1
15
11
7
8
7
7
16
14
13
14
6
15
6
11
13
6
13
8
7
13
16
8
11
9
13
7
11
7
15
0
13
15
11
9
13
9
14
13
16
9
15
14
15
15
16
9
7
9
13
0
0
6
15
15
9
10
1
16
11
13
6
13
16
13
16
14
15
10
13
8
7
16
0
11
13
1
15
16
7
