9
0
9
15
7
6
0
0
10
7
14
1
16
6
8
14
13
13
0
10
8
7
8
1
6
8
7
10
13
8
0
14
6
10
10
10
16
8
6
7
11
16
8
15
10
8
0
6
11
10
14
14
14
1
10
16
15
9
0
0
8
16
15
7
15
0
16
16
13
7
1
15
8
1
9
11
16
6
16
0
14
10
13
0
8
0
8
13
14
15
9
7
8
13
7
6
0
8
16
13
11
14
1
10
7
15
7
9
8
1
11
9
8
6
13
14
10
13
8
7
14
9
8
14
9
9
14
7
14
7
11
6
16
9
13
1
16
15
15
1
0
13
7
1
9
9
9
13
11
11
13
14
8
10
1
6
16
13
11
0
13
0
15
8
16
1
14
15
6
14
15
6
15
10
16
6
9
1
16
15
15
1
0
11
1
11
0
9
7
9
16
14
13
11
1
13
1
0
8
6
14
0
13
8
9
15
11
7
15
14
6
11
1
0
15
8
9
10
7
13
13
6
1
16
9
7
9
7
16
8
15
14
14
11
13
11
0
10
9
8
14
16
8
10
16
0
7
11
9
11
14
6
8
11
7
13
1
1
11
6
10
14
16
9
0
1
7
9
16
8
0
14
11
14
9
0
1
8
1
7
7
8
8
10
0
8
16
13
9
15
14
6
16
16
11
16
11
0
11
11
11
8
9
