8
14
14
10
7
11
9
16
8
15
1
13
15
14
1
11
15
8
11
0
15
7
13
6
14
10
10
7
10
13
11
15
15
13
16
14
8
1
14
16
14
9
1
0
15
15
8
15
15
11
14
15
1
14
15
11
11
10
6
13
6
11
8
6
9
11
10
15
13
6
10
13
8
14
15
11
13
1
11
10
1
15
11
11
9
13
11
6
14
8
9
8
10
1
15
15
15
8
6
7
15
6
10
16
16
9
8
13
6
7
9
16
13
13
7
0
14
13
9
15
11
14
10
6
6
9
0
14
14
10
7
14
11
11
8
15
14
15
16
9
16
14
11
11
0
10
16
11
15
14
6
11
11
9
10
11
14
16
8
0
14
8
16
15
11
6
0
10
14
8
14
16
1
14
6
10
16
11
9
7
6
0
16
16
1
6
15
10
8
6
0
14
1
10
10
6
1
15
10
13
1
14
6
14
10
15
16
13
9
10
7
13
15
11
8
13
16
13
0
14
7
7
15
13
15
14
7
16
0
15
10
8
6
15
10
0
14
15
11
11
0
0
7
11
10
11
15
11
13
14
1
7
16
15
0
15
8
14
11
13
9
8
15
0
11
6
15
14
16
15
8
14
0
6
8
9
10
13
0
1
13
16
7
10
6
16
13
0
8
16
11
13
11
15
8
6
10
10
1
15
9
16
13
