11
10
13
11
10
16
8
9
11
15
16
0
14
16
16
16
1
11
11
10
11
1
11
14
8
15
10
15
1
14
13
6
15
14
7
13
13
0
11
0
15
16
10
10
8
6
11
1
15
6
11
16
11
15
11
15
10
10
16
13
9
11
10
9
15
10
7
11
11
11
15
9
15
14
10
15
14
10
0
13
7
15
9
15
9
15
11
8
10
7
9
16
14
0
13
11
11
14
9
7
8
13
11
14
8
11
9
13
6
7
10
14
16
11
10
9
13
13
15
8
11
15
10
0
8
10
10
11
10
7
15
14
16
14
10
1
14
14
10
13
1
8
11
14
7
0
10
6
16
1
8
8
9
9
9
15
7
13
14
13
7
8
11
0
13
14
13
9
14
14
15
16
6
6
14
15
13
15
9
8
1
16
0
16
10
10
10
6
1
14
13
1
14
0
1
7
11
9
14
14
11
1
11
7
11
14
10
13
7
7
11
14
1
10
7
16
16
13
1
14
1
8
11
0
13
7
8
14
16
15
13
16
7
9
7
10
13
0
14
10
1
0
1
15
9
13
0
7
10
16
7
10
15
16
6
11
14
0
11
1
6
13
14
11
13
13
6
14
1
15
11
10
0
6
1
0
13
13
8
13
1
7
10
0
13
7
14
16
0
14
6
13
6
7
10
7
10
6
6
16
11
14
10
