15
14
11
11
13
1
7
7
1
10
8
11
0
15
0
1
15
14
0
9
11
11
13
14
7
1
15
7
7
14
15
10
9
7
13
0
13
0
0
15
7
8
1
0
7
9
13
15
1
14
15
15
16
10
7
7
10
16
15
14
13
9
6
7
11
11
6
15
0
0
6
14
15
11
8
7
8
14
11
6
16
11
15
0
1
14
15
7
13
10
1
9
0
13
10
14
7
13
15
16
0
16
13
13
0
14
8
13
9
7
16
8
15
13
10
10
13
14
16
16
11
16
8
9
6
10
14
13
14
9
7
1
16
0
9
13
10
14
13
15
0
13
7
7
7
1
10
13
0
0
15
10
10
15
7
14
11
6
6
8
7
6
15
13
10
13
9
15
0
14
15
6
11
10
1
13
16
9
7
1
9
9
6
14
6
16
0
11
16
9
10
11
9
13
15
9
9
9
16
7
7
11
16
10
9
16
1
13
11
10
0
10
14
16
1
0
11
14
14
7
11
1
13
10
9
15
0
16
0
16
13
15
7
0
6
14
7
6
16
1
11
15
0
14
6
0
8
9
13
10
1
10
7
9
11
0
11
15
9
15
15
13
8
6
16
8
14
9
15
11
7
8
1
7
7
7
14
13
8
6
7
10
15
15
9
14
16
14
13
13
1
14
6
10
13
14
14
10
1
11
15
15
11
