14
13
8
14
11
11
11
7
0
14
7
7
11
16
15
14
13
7
15
9
16
11
7
15
13
1
11
15
9
10
9
13
11
14
1
13
10
16
11
1
10
16
1
11
10
15
9
9
15
10
15
11
6
13
16
1
10
6
16
10
16
15
1
9
0
16
14
16
7
1
10
11
15
9
8
16
13
16
0
6
9
15
10
11
14
14
1
7
6
11
16
15
14
9
0
13
11
9
1
11
11
6
16
15
15
9
10
11
6
13
8
0
16
8
7
13
13
8
13
16
7
11
0
13
14
0
1
14
10
11
15
10
10
14
13
14
10
13
1
8
11
0
7
13
6
10
11
1
16
10
0
6
16
9
15
13
9
13
9
11
16
8
11
16
0
10
10
8
15
15
0
1
13
6
6
7
13
0
15
10
14
8
1
14
1
10
7
15
7
0
1
7
14
16
11
15
14
13
10
13
14
11
13
1
10
16
15
14
13
0
6
7
10
14
16
14
14
16
15
13
10
13
15
0
15
15
0
13
11
15
15
6
11
8
8
15
15
16
6
7
7
6
14
0
13
13
8
14
9
14
9
10
1
13
1
10
13
8
16
11
10
13
0
15
14
6
10
16
0
0
13
15
0
0
9
14
10
11
6
11
8
6
10
10
15
11
10
0
14
14
10
13
1
11
13
14
0
10
14
7
10
6
13
