16
7
7
9
1
9
13
1
1
16
0
15
0
0
16
8
13
7
11
16
14
11
9
1
11
14
1
1
8
7
14
16
11
16
0
9
11
1
0
14
0
8
7
14
15
10
15
9
15
15
10
7
10
8
14
16
10
9
7
0
15
11
7
0
6
11
16
9
0
0
8
7
1
7
9
16
7
7
13
13
16
6
6
0
14
0
0
8
13
15
0
6
11
8
6
1
15
7
7
15
13
15
16
14
16
6
1
13
7
11
8
10
10
8
10
13
1
10
7
15
10
16
16
10
9
1
7
15
14
13
1
7
8
13
9
10
7
0
8
16
1
8
6
15
7
0
15
15
8
7
9
1
15
8
8
14
14
11
1
14
1
0
14
1
0
11
10
11
1
8
13
1
0
15
10
15
14
7
14
6
9
15
6
10
8
14
13
13
0
1
8
11
13
13
1
10
1
15
8
0
7
10
0
7
1
6
14
1
8
13
10
0
11
14
10
8
7
15
14
9
11
14
16
10
11
11
10
0
0
6
6
0
0
14
11
0
0
11
9
9
9
1
6
7
1
8
0
13
1
9
15
14
7
7
0
1
15
15
8
15
10
11
13
14
7
10
1
11
7
9
6
11
10
0
6
14
0
15
1
15
16
1
15
8
8
9
8
1
15
6
13
11
14
7
9
8
10
14
7
8
6
16
7
