15
13
14
7
15
11
6
1
14
15
7
14
16
14
1
16
11
10
11
10
11
0
13
0
1
6
10
7
11
14
11
10
13
14
16
10
14
16
8
0
14
16
15
11
16
15
8
6
6
13
14
10
14
10
0
7
10
10
15
13
6
6
16
9
15
11
14
15
13
10
7
14
13
13
1
16
10
10
8
16
11
15
10
9
13
10
7
8
14
16
13
13
15
9
6
11
9
8
16
7
15
8
7
13
16
13
10
10
6
0
7
0
8
0
7
16
0
1
9
16
10
15
10
6
10
1
0
14
14
11
16
14
11
1
10
13
14
16
9
9
11
9
13
11
7
11
16
11
16
1
6
6
9
13
15
11
11
11
7
13
7
15
14
6
13
6
0
10
6
0
0
9
13
6
15
11
11
16
16
10
15
11
1
16
10
16
15
10
8
9
15
13
1
14
9
9
14
14
7
13
1
14
0
14
7
16
1
1
10
7
7
13
7
14
13
14
6
13
0
0
6
7
15
8
13
14
10
0
14
15
10
1
6
11
16
1
8
15
11
14
15
16
8
11
8
11
9
9
10
8
1
7
10
14
16
11
1
11
15
1
14
6
0
0
11
13
15
11
15
1
16
14
0
6
9
0
6
8
15
6
7
6
10
10
16
1
6
0
13
0
16
13
11
14
6
6
11
15
11
11
13
6
13
