15
6
6
11
16
6
11
15
14
14
7
7
15
1
1
7
15
11
7
8
11
7
16
8
11
8
11
13
9
14
11
13
1
16
14
13
14
9
11
6
9
16
1
11
8
9
9
6
15
0
6
9
7
10
7
1
0
14
16
0
6
9
11
15
13
16
16
11
11
11
15
7
13
16
8
16
13
13
13
14
7
15
0
0
14
10
1
11
9
11
16
15
10
9
14
9
11
15
7
6
15
7
16
16
15
13
9
10
6
13
9
11
11
13
14
9
13
9
9
16
16
15
10
0
13
15
1
14
14
11
7
11
10
1
11
6
14
0
0
11
15
8
7
11
7
15
16
1
16
1
6
11
16
15
6
16
10
13
6
11
16
15
15
15
0
15
1
8
6
0
0
1
13
7
15
7
11
0
1
15
10
11
1
16
6
15
8
16
8
7
7
8
14
1
1
9
14
10
16
13
14
7
0
14
0
1
0
1
16
16
11
13
14
6
7
14
1
6
0
14
1
6
11
14
13
7
0
15
14
15
1
13
13
13
7
10
7
15
6
14
1
16
8
0
1
13
1
10
15
14
14
7
8
7
14
15
6
7
16
1
14
7
1
11
14
13
6
6
1
9
16
7
0
8
9
0
6
8
0
7
15
10
10
10
10
13
10
0
13
16
10
13
11
16
10
6
10
10
14
16
11
7
8
