15
6
16
7
6
6
8
15
6
16
7
7
15
9
15
11
13
6
13
14
7
10
8
14
11
8
11
15
9
14
1
6
16
16
16
9
15
0
11
6
14
16
1
7
15
6
9
9
16
7
10
1
6
13
16
1
6
15
16
9
6
6
7
15
13
14
6
11
11
1
1
7
10
16
8
9
11
16
14
14
0
15
8
11
14
11
1
11
8
11
9
11
10
9
14
13
11
14
6
9
14
14
16
11
1
13
9
11
14
13
13
11
11
13
15
9
13
9
9
16
16
15
10
0
13
15
1
14
0
11
7
11
7
9
13
15
14
7
16
11
14
0
8
13
10
15
11
1
16
14
6
11
0
1
6
13
10
13
0
11
1
0
6
7
11
10
11
11
6
0
10
0
8
6
15
16
13
0
0
7
10
11
1
8
14
15
11
16
7
7
1
13
15
6
15
16
14
9
9
13
1
15
0
14
11
14
0
1
8
16
0
14
7
14
7
8
6
6
0
10
10
10
15
10
13
13
0
14
14
15
0
1
13
16
1
15
7
15
6
15
11
7
0
0
1
13
13
10
15
15
7
7
16
7
14
15
14
10
1
1
14
11
0
11
14
1
8
16
10
14
16
14
0
11
8
14
13
8
7
13
13
10
10
16
10
11
11
7
9
16
10
9
11
16
10
8
6
6
14
8
7
6
13
