11
1
6
16
9
14
6
14
10
14
0
15
14
0
8
16
13
6
11
11
1
7
7
8
16
1
0
15
14
16
10
16
9
10
10
1
16
11
0
0
11
13
1
10
14
0
11
11
15
6
0
10
0
0
16
16
15
16
16
16
13
9
0
7
15
9
14
7
7
11
7
13
11
13
1
15
6
9
9
9
10
14
11
10
14
9
6
8
9
8
10
14
14
13
14
10
11
14
14
13
0
11
11
1
7
10
7
16
9
11
13
13
10
9
8
11
6
16
0
6
8
7
0
16
16
13
11
15
11
16
1
6
7
15
16
15
8
13
15
13
8
6
10
13
11
8
14
14
11
7
11
10
0
9
15
16
11
7
16
6
10
14
15
6
9
11
16
15
14
16
10
1
14
14
10
0
7
6
10
14
11
7
1
10
15
10
10
6
9
7
10
10
11
14
9
16
0
15
13
8
0
14
9
14
10
9
11
6
15
10
11
8
7
10
16
16
14
14
0
14
7
11
14
10
7
11
11
14
7
14
13
16
9
6
6
11
9
14
16
16
7
16
11
8
14
13
6
8
14
10
0
6
0
15
8
15
16
15
6
9
6
14
6
13
1
9
7
15
15
0
10
7
8
10
9
15
16
7
13
0
0
6
16
10
6
13
0
6
9
16
14
9
10
10
6
10
16
10
11
11
9
11
1
