6
14
1
1
6
8
6
14
9
10
16
8
14
0
7
8
13
7
9
0
15
10
6
16
9
1
1
1
14
1
9
10
13
10
10
14
16
11
9
0
9
14
1
15
9
15
14
8
8
6
15
13
14
1
16
9
11
11
14
16
13
11
0
13
15
13
15
7
1
13
14
6
7
15
9
14
6
1
1
9
16
16
11
6
11
9
6
14
14
11
10
11
0
13
7
9
14
10
16
13
7
0
14
9
16
1
10
13
13
7
10
8
0
13
8
8
9
15
8
6
10
14
6
16
1
15
8
11
8
13
15
13
0
8
16
6
8
11
15
6
13
16
7
14
6
9
7
11
11
0
16
10
11
6
8
9
7
11
1
14
11
1
7
11
13
9
13
8
15
16
11
11
1
14
6
13
7
14
11
1
9
9
1
13
11
15
13
8
9
1
0
8
14
14
10
1
16
1
13
6
8
1
11
14
9
9
16
0
8
7
13
13
10
16
16
15
14
14
14
0
7
0
0
1
13
11
16
6
8
14
9
15
9
13
0
7
0
14
8
1
14
14
11
14
14
13
6
14
11
13
13
8
15
8
9
15
7
15
14
10
6
10
1
0
11
10
13
10
7
8
15
8
0
14
16
1
6
13
10
15
13
8
8
8
1
11
6
9
11
13
6
9
13
10
6
1
10
10
8
11
6
9
11
