15
1
14
11
9
14
6
14
8
14
0
9
7
0
8
16
13
8
11
14
16
1
7
9
8
1
0
14
14
16
10
0
9
13
0
11
16
14
10
15
11
13
1
7
14
11
10
11
15
8
0
10
1
0
16
10
15
16
16
10
0
7
0
7
11
7
13
14
7
11
7
13
11
13
1
14
6
13
9
13
10
0
11
9
1
9
6
14
9
7
1
14
1
7
14
8
11
16
10
10
11
11
11
1
7
10
1
16
6
11
13
11
10
9
8
13
6
16
0
6
8
7
1
16
16
13
13
15
9
16
1
7
1
14
8
15
16
13
15
13
1
6
10
1
11
8
14
14
7
16
13
1
0
16
15
16
15
7
16
6
10
14
15
6
14
11
16
15
14
16
10
10
14
14
10
10
15
10
10
14
10
13
1
8
15
13
10
7
9
0
10
11
11
14
9
16
0
8
13
10
6
14
10
14
10
9
11
6
1
10
11
8
0
10
0
6
14
14
0
14
8
11
10
10
15
13
15
14
1
0
13
14
6
1
14
11
10
14
16
16
7
16
8
9
13
10
13
1
14
10
11
9
11
15
8
6
16
15
6
15
15
9
6
13
0
9
1
10
15
0
10
7
16
10
9
11
16
14
13
13
0
6
16
6
15
8
0
6
9
14
14
8
14
15
6
10
16
14
8
11
7
11
1
