15
6
16
13
6
6
8
15
6
15
7
7
15
9
15
7
13
6
7
14
7
13
8
14
11
8
11
15
9
14
1
13
16
0
16
10
15
15
11
6
10
16
1
6
14
6
9
9
15
7
9
1
6
13
16
1
10
14
16
0
6
6
8
15
13
16
6
11
11
1
15
7
10
14
8
9
13
7
14
14
0
15
8
11
14
13
1
11
8
11
9
11
10
9
14
13
11
14
6
9
14
6
16
7
1
13
9
11
14
13
13
11
11
13
14
9
13
9
13
16
16
15
10
10
13
15
1
14
0
11
7
11
10
9
13
15
14
7
16
11
14
0
7
13
10
15
11
1
16
1
6
11
0
1
6
13
10
13
9
11
1
6
6
16
7
10
1
11
6
0
0
1
8
6
15
7
13
0
1
7
10
11
1
7
15
15
8
16
7
7
1
8
14
6
1
16
14
9
16
13
14
15
0
14
11
14
0
1
8
16
11
13
7
14
7
14
6
6
0
14
10
16
15
10
13
13
0
16
14
15
1
9
13
16
1
10
7
15
6
15
11
7
0
0
1
13
13
14
15
14
7
7
16
7
14
15
14
8
16
1
14
7
0
11
14
1
8
16
6
14
16
14
0
11
9
14
13
8
0
13
13
10
10
16
10
11
11
14
9
16
10
13
11
11
10
8
6
6
14
16
7
6
13
