15
9
14
0
7
9
6
9
14
15
7
7
7
15
1
1
9
10
6
10
11
7
13
14
1
6
14
7
9
6
11
6
10
10
16
14
14
16
11
0
9
16
10
11
8
6
13
13
15
13
11
10
0
10
15
15
10
10
13
13
6
8
6
14
13
11
16
7
7
10
10
11
0
9
11
16
0
8
0
13
7
15
10
14
1
13
16
11
0
14
9
16
14
9
13
7
11
9
9
7
16
1
8
7
8
13
13
10
6
0
8
14
10
0
6
9
13
11
9
16
11
15
10
6
6
0
6
14
14
7
7
11
11
1
10
11
14
14
7
9
11
1
7
11
7
11
13
15
8
1
11
8
9
15
0
15
9
11
13
15
7
6
11
16
10
7
15
8
0
0
0
16
13
15
14
8
13
16
8
10
15
11
13
16
10
1
15
16
7
15
7
6
14
10
1
9
13
16
16
9
1
15
6
14
10
8
10
6
1
16
13
13
9
6
13
16
13
15
0
14
6
1
15
6
13
6
8
0
14
15
0
9
7
16
7
10
1
8
11
14
1
16
8
0
11
15
9
8
15
11
6
7
15
7
16
10
1
16
16
1
8
0
0
0
13
13
7
14
1
10
11
14
0
6
9
0
6
8
8
16
7
6
10
9
15
1
11
0
13
7
11
13
9
15
16
6
10
15
11
13
1
6
13
