15
14
15
10
0
9
0
16
8
15
1
9
15
14
1
13
15
8
11
10
16
11
13
9
7
9
10
7
9
13
11
15
15
8
16
10
14
1
14
16
15
16
16
0
15
15
8
10
15
13
14
16
10
6
16
11
14
10
15
13
6
11
8
9
9
10
14
15
13
1
13
13
1
13
15
9
15
10
8
10
10
15
11
11
9
10
16
8
14
11
6
13
10
13
15
11
11
14
8
13
15
6
16
16
16
9
6
14
10
7
10
16
8
1
11
11
6
16
15
15
11
14
7
6
10
11
0
14
14
10
7
14
11
11
8
9
14
15
10
15
16
14
15
11
13
11
1
11
11
1
6
7
1
15
10
11
14
11
7
9
14
13
10
15
13
9
0
13
6
0
7
16
7
6
6
11
10
13
9
11
6
0
16
16
1
6
15
10
15
6
16
14
16
14
16
6
16
10
10
9
1
14
10
14
10
6
14
1
15
10
7
16
15
1
6
13
10
1
7
10
7
11
15
11
15
14
7
16
7
15
0
14
6
15
9
16
14
15
11
11
0
16
6
11
10
10
16
11
15
14
1
7
16
15
14
15
8
15
7
11
9
15
15
0
13
6
15
14
16
11
16
14
0
7
8
9
9
15
14
6
13
10
7
10
16
16
11
9
8
16
11
13
11
13
0
6
10
10
13
15
9
6
13
