6
1
1
14
15
8
6
14
10
14
8
0
14
15
1
13
11
7
9
11
15
10
6
8
11
7
0
9
14
10
6
1
11
10
10
14
16
11
0
0
11
7
1
16
14
9
14
8
8
6
15
16
14
10
16
7
11
6
16
16
16
0
13
9
13
9
14
15
7
9
16
9
16
15
9
13
6
14
9
6
10
7
11
16
7
9
7
14
9
7
8
14
15
14
6
13
14
9
1
15
11
14
14
7
7
10
11
14
16
7
13
13
8
13
7
14
7
6
11
0
10
0
8
1
9
13
14
16
0
7
0
11
13
7
16
0
14
11
15
6
13
1
10
0
11
8
9
14
11
11
8
10
9
6
1
1
0
11
6
6
8
16
15
6
9
13
16
10
1
6
1
11
14
14
0
7
15
11
11
8
7
6
15
14
10
10
9
8
9
16
10
8
14
14
10
6
1
1
11
11
8
14
9
14
10
9
16
11
15
11
9
1
10
10
8
16
14
13
0
16
7
11
0
0
10
11
10
6
8
14
0
1
8
14
0
7
0
13
9
0
15
16
1
1
14
13
6
10
14
10
15
10
15
15
7
14
7
14
14
10
6
1
0
11
1
1
6
11
14
15
15
1
8
14
1
8
8
10
10
13
13
9
9
1
10
13
11
9
10
11
6
6
13
10
6
10
10
10
11
11
6
15
10
