15
16
14
11
10
14
8
9
14
8
7
0
14
16
16
16
8
11
11
10
11
1
13
14
1
15
10
15
15
6
13
6
1
14
7
7
13
15
11
0
15
16
7
11
8
6
11
0
15
6
11
10
11
0
7
15
10
10
7
13
11
8
16
0
13
10
14
6
11
11
15
15
15
8
10
16
14
10
1
14
15
15
10
0
13
15
11
7
9
6
9
16
14
9
13
11
11
11
9
7
15
13
11
9
8
10
10
10
6
6
1
14
16
0
10
9
13
1
14
1
11
15
10
6
8
10
1
0
9
0
1
14
16
16
10
11
14
14
10
11
11
6
0
11
7
0
10
11
16
1
11
8
13
13
13
15
7
13
6
16
9
13
16
7
13
15
6
13
6
0
15
16
11
6
14
10
13
15
9
8
15
16
0
16
10
1
15
7
7
14
7
1
14
10
1
9
11
14
16
8
11
7
10
7
6
0
10
0
7
10
13
9
1
9
11
15
16
15
1
13
1
0
15
0
13
6
10
14
16
15
6
11
7
16
7
10
13
6
11
8
1
16
8
15
9
13
15
14
15
11
7
10
10
6
16
13
1
11
13
14
6
9
14
8
13
13
0
14
16
15
16
13
0
6
8
0
13
8
0
15
14
7
10
10
10
7
14
0
8
14
6
13
6
7
13
6
10
16
15
16
11
6
13
