15
6
6
0
7
0
10
15
14
14
7
7
7
1
1
0
15
11
7
13
11
6
7
14
11
8
6
10
9
8
14
13
0
16
14
7
9
9
11
6
9
16
16
11
8
9
9
6
15
0
8
9
7
13
16
13
10
10
16
0
6
9
11
15
6
16
10
11
11
11
13
1
11
1
8
16
13
7
0
14
7
15
10
16
14
10
1
11
9
11
9
15
10
9
14
8
11
11
7
6
15
7
16
7
14
13
10
10
6
13
9
11
11
13
13
9
13
16
9
8
16
15
10
13
13
9
8
14
14
11
7
11
10
1
10
8
9
14
16
11
15
8
7
11
7
15
7
1
16
1
6
11
9
15
15
7
10
13
9
11
7
8
11
15
0
15
15
13
6
0
0
1
13
6
15
8
6
13
1
15
10
11
1
16
10
10
8
16
7
7
7
14
14
6
1
9
14
7
16
13
13
7
0
14
0
14
0
1
7
16
11
13
14
9
16
14
7
0
0
14
10
1
15
8
13
7
0
14
14
15
1
0
13
16
7
10
1
15
11
14
1
16
6
0
1
13
9
10
15
14
14
7
16
7
14
7
6
7
16
1
14
7
1
1
14
13
8
6
1
9
16
14
0
8
9
0
6
15
0
7
15
10
10
10
10
1
11
8
13
16
10
13
11
7
14
11
10
6
14
16
10
6
0
