15
14
10
10
7
14
7
16
8
8
1
14
15
14
14
13
15
15
11
10
15
7
6
16
14
15
10
15
9
15
6
15
15
15
16
10
15
1
14
15
14
10
7
13
15
15
7
10
15
13
14
16
11
15
16
11
14
10
13
13
6
11
15
10
9
15
14
15
9
11
10
13
14
13
15
11
13
10
8
10
1
14
11
11
9
10
10
0
15
14
13
15
10
13
15
10
11
8
1
11
15
7
16
16
16
8
6
14
10
10
11
13
8
7
7
6
9
16
15
14
16
14
0
6
10
9
14
14
16
7
7
14
11
11
1
15
14
9
11
13
16
14
15
11
1
14
13
11
15
0
10
7
1
13
10
10
14
11
11
15
14
14
10
15
13
9
14
13
16
15
10
16
7
15
6
16
16
13
9
10
6
0
13
15
1
7
15
10
11
9
1
14
11
10
10
6
10
10
16
13
1
14
13
8
11
0
13
1
15
10
7
16
15
10
8
1
14
13
0
10
7
11
10
0
15
14
7
16
14
15
10
10
6
9
9
16
14
15
11
0
1
16
10
11
10
8
14
14
0
14
1
11
16
15
11
15
8
14
7
11
9
11
15
0
13
15
15
14
16
15
16
14
0
7
13
11
16
13
14
6
13
9
7
8
16
16
11
10
8
16
11
13
7
13
10
8
10
1
0
13
9
10
0
