15
9
15
11
7
7
7
14
9
14
14
15
7
16
15
7
0
11
16
0
11
13
10
16
6
8
0
7
0
15
13
13
16
8
9
13
8
9
13
7
14
16
1
9
8
9
9
7
10
1
14
15
9
13
1
10
10
14
8
15
10
9
9
16
1
16
16
13
11
13
15
1
6
10
7
10
9
7
15
0
9
10
10
7
10
6
1
10
9
14
9
15
10
9
15
10
8
15
7
6
8
11
16
7
15
13
10
10
14
11
13
1
11
13
16
9
8
9
9
16
16
15
13
0
1
13
15
7
14
11
7
11
6
0
6
8
1
0
1
11
15
9
6
16
15
6
16
1
16
1
6
0
15
16
6
8
7
16
7
11
16
8
10
14
9
15
1
11
7
0
16
15
13
6
9
15
13
7
1
15
6
9
6
0
8
10
6
11
10
7
7
8
11
16
11
9
14
10
16
11
14
7
10
14
16
8
16
1
7
16
6
1
7
13
16
14
6
7
10
1
14
1
15
6
16
10
7
14
10
9
9
13
8
16
0
10
0
15
1
16
1
16
15
11
7
13
0
10
13
0
14
10
15
16
16
7
6
9
16
9
15
10
9
1
9
15
11
10
1
9
7
1
0
10
10
8
13
0
13
6
14
11
10
9
10
9
11
1
10
0
8
13
14
13
7
9
10
16
14
11
10
15
11
