15
10
13
13
16
16
8
9
14
15
16
0
14
6
16
16
9
11
11
13
11
10
11
14
8
15
10
15
1
14
13
6
15
14
7
13
13
0
11
0
15
7
7
9
15
6
11
0
15
6
16
16
11
0
11
15
10
10
16
13
7
11
10
9
0
14
7
11
11
11
15
9
15
14
10
0
14
10
8
13
15
15
9
15
9
15
11
8
10
7
6
16
14
9
13
11
11
11
9
7
8
1
11
14
8
11
9
13
6
7
10
16
16
0
10
9
13
13
6
1
11
15
10
0
8
10
10
13
10
9
15
14
8
14
13
1
14
14
10
13
14
8
0
16
7
0
10
6
16
1
8
8
9
9
10
15
7
7
14
14
7
11
11
0
13
14
1
13
14
14
15
16
6
7
14
15
13
15
9
13
1
15
0
16
10
10
10
6
1
14
13
1
13
0
1
7
10
9
16
14
11
8
10
7
10
14
14
9
7
10
13
14
1
10
7
16
16
15
1
13
1
8
15
0
13
14
1
14
16
15
7
9
9
9
7
10
13
0
14
10
1
10
1
15
9
13
0
7
10
16
7
10
14
16
16
11
14
0
11
1
6
10
10
11
13
13
6
14
1
15
11
10
0
6
9
0
13
13
8
13
6
7
10
0
11
7
14
16
8
14
6
8
6
7
10
9
10
16
6
16
11
11
10
