15
13
8
14
11
7
11
7
6
8
7
7
0
6
15
7
13
6
9
1
7
11
7
13
11
1
11
15
7
9
10
13
11
0
0
15
15
15
11
10
9
16
1
11
9
15
9
9
15
7
16
1
6
13
16
1
10
10
16
15
10
9
1
9
11
16
6
11
13
1
0
1
14
15
0
16
13
7
0
6
7
15
10
11
14
10
1
13
11
11
9
15
10
9
14
13
11
7
14
11
11
6
16
15
14
9
10
11
6
13
13
0
16
13
14
13
13
1
13
16
16
15
15
13
11
1
10
14
1
11
7
10
10
9
13
11
10
7
6
13
11
0
13
13
6
15
11
11
16
13
6
6
0
9
7
13
10
13
9
11
16
8
6
16
15
10
8
15
8
9
0
14
8
6
15
11
13
0
15
6
10
11
1
16
15
10
9
1
7
15
1
0
8
16
11
16
16
9
10
13
14
14
0
14
7
14
0
8
13
7
11
13
7
14
14
14
14
16
10
14
10
13
1
8
9
10
0
16
11
15
11
6
14
16
7
10
7
16
6
10
0
6
1
0
1
13
8
6
9
14
0
0
11
11
14
10
13
8
8
11
8
13
0
10
14
6
7
11
10
16
13
15
0
14
9
14
11
11
13
8
15
7
7
10
15
11
11
14
14
16
15
13
11
11
13
10
0
6
8
16
10
13
11
