gen avg_1 best_1 worst_1 avg_trigger
0 0.296317 0.339869 0.253425 0.444444444444
1 0.31572 0.348387 0.290541 0.444444444444
2 0.324292 0.360759 0.304636 0.416666666667
3 0.331326 0.360759 0.317881 0.472222222222
4 0.333649 0.360759 0.322368 0.416666666667
5 0.338209 0.360759 0.328947 0.361111111111
6 0.340608 0.360759 0.331169 0.305555555556
7 0.344815 0.36875 0.333333 0.305555555556
8 0.350858 0.3875 0.337662 0.388888888889
9 0.355214 0.3875 0.341935 0.5
10 0.35734 0.3875 0.346154 0.611111111111
11 0.361231 0.3875 0.348387 0.527777777778
12 0.364275 0.3875 0.352564 0.472222222222
13 0.367504 0.3875 0.356688 0.583333333333
14 0.368185 0.3875 0.358974 0.527777777778
15 0.369785 0.3875 0.363057 0.583333333333
16 0.371433 0.39375 0.36478 0.611111111111
17 0.372202 0.39375 0.36478 0.611111111111
18 0.371984 0.39375 0.36478 0.555555555556
19 0.375032 0.39375 0.367089 0.611111111111
20 0.377785 0.39375 0.371069 0.527777777778
21 0.379968 0.39375 0.375 0.611111111111
22 0.380887 0.39375 0.376543 0.638888888889
23 0.38322 0.397516 0.379747 0.5
24 0.384383 0.397516 0.379747 0.444444444444
25 0.386251 0.397516 0.38125 0.361111111111
26 0.386914 0.397516 0.38125 0.527777777778
27 0.390075 0.4 0.385093 0.527777777778
28 0.391993 0.4 0.385093 0.361111111111
29 0.39306 0.4 0.3875 0.277777777778
30 0.394759 0.409938 0.389937 0.277777777778
31 0.395734 0.409938 0.39375 0.25
32 0.396597 0.409938 0.39375 0.333333333333
33 0.397084 0.409938 0.39375 0.416666666667
34 0.397876 0.417178 0.39375 0.444444444444
35 0.399538 0.417178 0.39375 0.583333333333
36 0.403136 0.418182 0.395062 0.583333333333
37 0.403652 0.418182 0.397516 0.5
38 0.405055 0.418182 0.397516 0.527777777778
39 0.406218 0.418182 0.4 0.5
40 0.407142 0.418182 0.4 0.472222222222
41 0.408809 0.423313 0.401235 0.388888888889
42 0.408604 0.423313 0.397516 0.361111111111
43 0.410262 0.430303 0.403727 0.388888888889
44 0.410595 0.430303 0.403727 0.5
45 0.411071 0.430303 0.403727 0.5
46 0.409921 0.430303 0.3875 0.527777777778
47 0.412181 0.430303 0.404908 0.527777777778
48 0.414698 0.430303 0.408537 0.472222222222
49 0.415692 0.430303 0.408537 0.444444444444
50 0.417415 0.430303 0.411043 0.361111111111
51 0.418386 0.430303 0.41358 0.361111111111
52 0.421515 0.446429 0.414634 0.361111111111
53 0.422638 0.446429 0.417178 0.416666666667
54 0.42418 0.446429 0.418182 0.472222222222
55 0.426069 0.446429 0.418182 0.388888888889
56 0.427099 0.446429 0.418182 0.305555555556
57 0.428684 0.446429 0.418182 0.138888888889
58 0.431801 0.446429 0.424242 0.111111111111
59 0.432736 0.446429 0.430303 0.111111111111
60 0.432783 0.446429 0.430303 0.166666666667
61 0.433777 0.446429 0.430303 0.194444444444
62 0.434377 0.446429 0.430303 0.189189189189
63 0.434979 0.446429 0.430303 0.189189189189
64 0.436083 0.446429 0.430303 0.351351351351
65 0.437306 0.446429 0.431138 0.324324324324
66 0.439064 0.446429 0.431138 0.135135135135
67 0.441453 0.446429 0.433735 0.135135135135
68 0.442767 0.446429 0.439759 0.108108108108
69 0.444146 0.455621 0.440476 0.138888888889
70 0.445121 0.455621 0.443114 0.0833333333333
71 0.446222 0.455621 0.443114 0.0833333333333
72 0.447542 0.455621 0.443787 0.0833333333333
73 0.449331 0.455621 0.446429 0.0
74 0.449677 0.455621 0.446429 0.0
75 0.45037 0.455621 0.446429 0.0
76 0.451405 0.45614 0.446429 0.0
77 0.452817 0.45614 0.446429 0.0
78 0.453287 0.45614 0.449102 0.0
79 0.453929 0.461988 0.452381 0.0277777777778
80 0.453779 0.461988 0.446429 0.0277777777778
81 0.454069 0.461988 0.452941 0.0555555555556
82 0.455101 0.47093 0.452941 0.0555555555556
83 0.455927 0.47093 0.452941 0.0277777777778
84 0.456843 0.47093 0.452941 0.0
85 0.457922 0.47093 0.455621 0.0
86 0.45842 0.47093 0.455621 0.0
87 0.460154 0.47093 0.45614 0.0
88 0.462858 0.47093 0.45614 0.0
89 0.465581 0.473988 0.458824 0.0
90 0.467285 0.473988 0.461988 0.0
91 0.468625 0.473988 0.461988 0.0
92 0.469387 0.473988 0.464706 0.0
93 0.470773 0.479769 0.465116 0.0
94 0.471695 0.479769 0.468208 0.0
95 0.47177 0.479769 0.47093 0.0
96 0.47194 0.479769 0.47093 0.0
97 0.472449 0.479769 0.47093 0.0
98 0.472619 0.479769 0.47093 0.0
99 0.472289 0.479769 0.461988 0.0277777777778
100 0.472546 0.479769 0.461988 0.0555555555556
101 0.472889 0.479769 0.465116 0.0555555555556
102 0.47323 0.479769 0.47093 0.0833333333333
103 0.473177 0.479769 0.468208 0.108108108108
104 0.472938 0.479769 0.468208 0.108108108108
105 0.473341 0.479769 0.47093 0.108108108108
106 0.47367 0.479769 0.47093 0.162162162162
107 0.473926 0.479769 0.47093 0.189189189189
108 0.474896 0.479769 0.471264 0.243243243243
109 0.474962 0.479769 0.473988 0.243243243243
110 0.475408 0.482759 0.473988 0.305555555556
111 0.47566 0.482759 0.473988 0.388888888889
112 0.47648 0.491429 0.473988 0.444444444444
113 0.477152 0.491429 0.473988 0.5
114 0.478045 0.491429 0.477011 0.611111111111
115 0.478128 0.491429 0.477011 0.638888888889
116 0.479243 0.491429 0.477011 0.666666666667
117 0.480672 0.5 0.477011 0.722222222222
118 0.481472 0.5 0.477011 0.75
119 0.482267 0.5 0.477011 0.805555555556
120 0.483305 0.5 0.477011 0.861111111111
121 0.484341 0.5 0.477011 0.861111111111
122 0.483838 0.5 0.468208 0.944444444444
123 0.485126 0.5 0.476744 1.0
124 0.486752 0.5 0.479769 1.0
125 0.487572 0.5 0.482759 1.0
126 0.488533 0.502825 0.482759 1.0
127 0.488378 0.502825 0.482759 1.0
128 0.488056 0.502825 0.479769 1.0
129 0.4879 0.502825 0.482759 1.0
130 0.48846 0.502825 0.482759 1.0
131 0.488617 0.502825 0.482759 1.0
132 0.490617 0.505618 0.485714 1.0
133 0.492596 0.505618 0.485714 1.0
134 0.493552 0.505618 0.488506 0.972222222222
135 0.494438 0.505618 0.491429 0.944444444444
136 0.494916 0.505618 0.491429 0.972222222222
137 0.496265 0.505618 0.491429 1.0
138 0.498009 0.505618 0.491429 0.972222222222
139 0.500064 0.505618 0.494318 0.944444444444
140 0.5003 0.505618 0.494318 0.944444444444
141 0.500537 0.505618 0.497143 0.944444444444
142 0.501367 0.505618 0.497175 0.918918918919
143 0.501291 0.505618 0.497175 0.918918918919
144 0.502128 0.505618 0.497175 0.945945945946
145 0.50388 0.505618 0.5 1.0
146 0.504843 0.511236 0.502825 0.972222222222
147 0.505928 0.513966 0.502825 0.972222222222
148 0.506006 0.513966 0.505618 0.972222222222
149 0.506238 0.513966 0.505618 0.944444444444
150 0.506394 0.513966 0.505618 0.972222222222
151 0.506627 0.513966 0.505618 0.972222222222
152 0.506627 0.513966 0.505618 0.972222222222
153 0.506935 0.513966 0.505618 0.972222222222
154 0.507247 0.513966 0.505618 0.972222222222
155 0.507633 0.513966 0.502825 0.972222222222
156 0.507401 0.513966 0.5 0.972222222222
157 0.507276 0.513966 0.497175 0.972972972973
158 0.508184 0.516854 0.502825 0.972222222222
159 0.508418 0.516854 0.502825 0.972222222222
160 0.508651 0.516854 0.505618 0.972222222222
161 0.508809 0.516854 0.505618 0.972222222222
162 0.509358 0.516854 0.505618 0.972222222222
163 0.509749 0.516854 0.505618 0.972222222222
164 0.508889 0.516854 0.491429 0.972222222222
165 0.510538 0.516854 0.505618 1.0
166 0.511309 0.516854 0.508475 1.0
167 0.511538 0.516854 0.508475 1.0
168 0.511905 0.516854 0.508475 1.0
169 0.512499 0.516854 0.508475 1.0
170 0.513321 0.516854 0.508571 1.0
171 0.513541 0.516854 0.511236 1.0
172 0.513836 0.516854 0.511236 1.0
173 0.514059 0.519553 0.511236 1.0
174 0.514286 0.519553 0.513966 1.0
175 0.514521 0.519553 0.513966 0.972222222222
176 0.514521 0.519553 0.513966 0.972222222222
177 0.514601 0.519553 0.513966 0.972222222222
178 0.514597 0.519553 0.513966 0.972222222222
179 0.514445 0.519553 0.511236 0.944444444444
180 0.514369 0.519553 0.511236 0.916666666667
181 0.514297 0.519553 0.505618 0.888888888889
182 0.51345 0.519553 0.502825 0.861111111111
183 0.513397 0.519553 0.505618 0.837837837838
184 0.512949 0.519553 0.505618 0.837837837838
185 0.514372 0.522222 0.511236 0.861111111111
186 0.514987 0.522222 0.513966 0.916666666667
187 0.515222 0.522222 0.513966 0.916666666667
188 0.515606 0.522222 0.513966 0.916666666667
189 0.516147 0.522222 0.513966 0.916666666667
190 0.516842 0.522222 0.513966 0.916666666667
191 0.517834 0.524862 0.513966 0.944444444444
192 0.519221 0.524862 0.513966 0.944444444444
193 0.519985 0.524862 0.516854 0.972222222222
194 0.520285 0.524862 0.516854 0.916666666667
195 0.520435 0.524862 0.516854 0.916666666667
196 0.520808 0.524862 0.516854 0.916666666667
197 0.521179 0.524862 0.516854 0.916666666667
198 0.521476 0.524862 0.519553 0.916666666667
199 0.521772 0.524862 0.519553 0.888888888889
200 0.521993 0.524862 0.519553 0.888888888889
201 0.521999 0.524862 0.519553 0.864864864865
202 0.521111 0.524862 0.511236 0.891891891892
203 0.522504 0.524862 0.519553 0.891891891892
204 0.522936 0.524862 0.522222 0.918918918919
205 0.523078 0.524862 0.522222 0.918918918919
206 0.523221 0.524862 0.522222 0.918918918919
207 0.523476 0.530387 0.522222 0.916666666667
208 0.523696 0.530387 0.522222 0.888888888889
209 0.523842 0.530387 0.522222 0.916666666667
210 0.524216 0.530387 0.522222 0.916666666667
211 0.524663 0.530387 0.522222 0.888888888889
212 0.525557 0.530387 0.524862 0.833333333333
213 0.525782 0.532967 0.524862 0.805555555556
214 0.525863 0.532967 0.524862 0.805555555556
215 0.526106 0.532967 0.524862 0.777777777778
216 0.526502 0.532967 0.524862 0.694444444444
217 0.52705 0.532967 0.524862 0.666666666667
218 0.527678 0.535519 0.524862 0.666666666667
219 0.528772 0.535519 0.52514 0.527777777778
220 0.529291 0.535519 0.527778 0.444444444444
221 0.530227 0.535519 0.527778 0.527777777778
222 0.530948 0.535519 0.527778 0.611111111111
223 0.531813 0.535519 0.527778 0.722222222222
224 0.532389 0.535519 0.530387 0.777777777778
225 0.532676 0.535519 0.530387 0.805555555556
226 0.532962 0.535519 0.530387 0.805555555556
227 0.533392 0.535519 0.530387 0.833333333333
228 0.533909 0.540984 0.532967 0.805555555556
229 0.534192 0.540984 0.532967 0.805555555556
230 0.534487 0.540984 0.532967 0.75
231 0.53465 0.540984 0.532967 0.777777777778
232 0.534803 0.540984 0.532967 0.75
233 0.535026 0.540984 0.532967 0.722222222222
234 0.535319 0.540984 0.532967 0.722222222222
235 0.535482 0.540984 0.530387 0.722222222222
236 0.535481 0.540984 0.530387 0.722222222222
237 0.535848 0.540984 0.532967 0.694444444444
238 0.535474 0.540984 0.530055 0.72972972973
239 0.535437 0.540984 0.532967 0.756756756757
240 0.534931 0.540984 0.527473 0.756756756757
241 0.535347 0.540984 0.532967 0.783783783784
242 0.535415 0.540984 0.530387 0.783783783784
243 0.536071 0.543478 0.532967 0.805555555556
244 0.536165 0.543478 0.532967 0.75
245 0.53661 0.543478 0.535519 0.75
246 0.536899 0.543478 0.535519 0.805555555556
247 0.5374 0.543478 0.535519 0.861111111111
248 0.537749 0.543478 0.535912 0.916666666667
249 0.538244 0.543478 0.535912 0.916666666667
250 0.539046 0.543956 0.538462 0.916666666667
251 0.539268 0.543956 0.538462 0.916666666667
252 0.539782 0.546448 0.538462 0.944444444444
253 0.539852 0.546448 0.538462 0.944444444444
254 0.540227 0.546448 0.538462 0.944444444444
255 0.54052 0.546448 0.538462 0.944444444444
256 0.54106 0.546448 0.538462 0.972222222222
257 0.541784 0.546448 0.538462 0.972222222222
258 0.542365 0.551351 0.540984 0.972222222222
259 0.542365 0.551351 0.540984 0.972222222222
260 0.542402 0.551351 0.540984 1.0
261 0.542471 0.551351 0.540984 1.0
262 0.5428 0.551351 0.540984 1.0
263 0.542869 0.551351 0.541436 1.0
264 0.543109 0.551351 0.541436 1.0
265 0.543545 0.551351 0.541436 1.0
266 0.543899 0.551351 0.543478 1.0
267 0.543886 0.551351 0.543478 1.0
268 0.544336 0.553763 0.543478 1.0
269 0.544568 0.553763 0.543478 1.0
270 0.54476 0.553763 0.543478 1.0
271 0.5448 0.553763 0.543478 1.0
272 0.54473 0.553763 0.541436 1.0
273 0.545114 0.553763 0.543478 1.0
274 0.545222 0.553763 0.541436 0.972222222222
275 0.543824 0.553763 0.52809 0.944444444444
276 0.544464 0.553763 0.533333 0.972222222222
277 0.54614 0.553763 0.543478 0.916666666667
278 0.546477 0.561497 0.543478 0.888888888889
279 0.546981 0.561497 0.543956 0.888888888889
280 0.548927 0.561497 0.543956 0.861111111111
281 0.550575 0.561497 0.546448 0.861111111111
282 0.551197 0.561497 0.546448 0.861111111111
283 0.551264 0.561497 0.546448 0.833333333333
284 0.552565 0.561497 0.546448 0.916666666667
285 0.553527 0.561497 0.546448 0.916666666667
286 0.55456 0.561497 0.546448 0.944444444444
287 0.555814 0.561497 0.551351 0.972222222222
288 0.556243 0.561497 0.553763 0.972972972973
289 0.556678 0.561497 0.553763 0.972972972973
290 0.556196 0.561497 0.553763 0.972972972973
291 0.556341 0.561497 0.553763 0.972972972973
292 0.55713 0.561497 0.553763 0.972972972973
293 0.558081 0.561497 0.553763 1.0
294 0.55937 0.561497 0.55615 1.0
295 0.560349 0.561497 0.556757 0.972972972973
296 0.560733 0.561497 0.55914 0.972972972973
297 0.561115 0.561497 0.55914 0.972972972973
298 0.561497 0.561497 0.561497 0.972972972973
299 0.56171 0.569149 0.561497 0.972222222222
