gen avg_1 best_1 worst_1 avg_trigger
0 991 995 982 0.444444444444
1 992.972 995 991 0.361111111111
2 993.556 995 992 0.277777777778
3 993.778 995 993 0.277777777778
4 994.083 995 993 0.25
5 994.167 995 994 0.222222222222
6 994.222 995 994 0.222222222222
7 994.278 995 994 0.194444444444
8 994.389 995 994 0.194444444444
9 994.556 995 994 0.138888888889
10 994.917 995 994 0.0833333333333
11 995 995 995 0.0540540540541
12 995 995 995 0.0540540540541
13 995 995 995 0.0540540540541
14 995 995 995 0.0540540540541
15 995 995 995 0.0540540540541
16 995 995 995 0.0810810810811
17 995 995 995 0.0810810810811
18 995 995 995 0.0810810810811
19 995 995 995 0.0810810810811
20 995 995 995 0.108108108108
21 995.028 996 995 0.138888888889
22 995.028 996 995 0.138888888889
23 995.028 996 995 0.138888888889
24 995.056 996 995 0.111111111111
25 995.056 996 995 0.111111111111
26 995.056 996 995 0.0833333333333
27 995.056 996 995 0.138888888889
28 995.083 996 995 0.166666666667
29 995.083 996 995 0.166666666667
30 995.111 996 995 0.194444444444
31 995.162 996 995 0.162162162162
32 995.243 996 995 0.162162162162
33 995.324 996 995 0.162162162162
34 995.405 996 995 0.162162162162
35 995.541 996 995 0.162162162162
36 995.649 996 995 0.135135135135
37 995.973 996 995 0.0
38 996 996 996 0.0
39 996 996 996 0.0
40 996 996 996 0.0
41 996 996 996 0.027027027027
42 996 996 996 0.027027027027
43 996 996 996 0.027027027027
44 996 996 996 0.027027027027
45 996 996 996 0.027027027027
46 996 996 996 0.027027027027
47 995.973 996 995 0.0540540540541
48 996 996 996 0.0540540540541
49 996 996 996 0.0540540540541
50 996 996 996 0.0540540540541
51 996 996 996 0.027027027027
52 996 996 996 0.027027027027
53 996 996 996 0.027027027027
54 996 996 996 0.027027027027
55 996 996 996 0.0540540540541
56 996 996 996 0.0540540540541
57 995.892 996 995 0.027027027027
58 995.919 996 995 0.0540540540541
59 996 996 996 0.0540540540541
60 996 996 996 0.0810810810811
61 996 996 996 0.108108108108
62 996 996 996 0.108108108108
63 996 996 996 0.108108108108
64 996 996 996 0.108108108108
65 996 996 996 0.0810810810811
66 996 996 996 0.0810810810811
67 996 996 996 0.0810810810811
68 996 996 996 0.0540540540541
69 996 996 996 0.0540540540541
70 996 996 996 0.027027027027
71 996 996 996 0.0
72 996 996 996 0.0
73 996 996 996 0.0
74 996 996 996 0.0
75 996 996 996 0.0
76 996 996 996 0.0
77 996 996 996 0.0
78 996 996 996 0.027027027027
79 996 996 996 0.027027027027
80 996 996 996 0.027027027027
81 996 996 996 0.027027027027
82 996 996 996 0.027027027027
83 996 996 996 0.027027027027
84 996 996 996 0.027027027027
85 996 996 996 0.0540540540541
86 996 996 996 0.0540540540541
87 996 996 996 0.0810810810811
88 996 996 996 0.0540540540541
89 996 996 996 0.0540540540541
90 996 996 996 0.0810810810811
91 996 996 996 0.0810810810811
92 996 996 996 0.0810810810811
93 996 996 996 0.0810810810811
94 996 996 996 0.0810810810811
95 995.892 996 995 0.0810810810811
96 996 996 996 0.108108108108
97 996 996 996 0.135135135135
98 996 996 996 0.135135135135
99 996 996 996 0.162162162162
100 996 996 996 0.135135135135
101 996 996 996 0.135135135135
102 996 996 996 0.162162162162
103 996 996 996 0.162162162162
104 996 996 996 0.189189189189
105 996 996 996 0.189189189189
106 996 996 996 0.162162162162
107 996 996 996 0.135135135135
108 996 996 996 0.135135135135
109 996 996 996 0.108108108108
110 996 996 996 0.108108108108
111 996 996 996 0.108108108108
112 996 996 996 0.0810810810811
113 996 996 996 0.135135135135
114 996 996 996 0.108108108108
115 996 996 996 0.108108108108
116 996 996 996 0.135135135135
117 996 996 996 0.108108108108
118 996 996 996 0.108108108108
119 996 996 996 0.135135135135
120 996 996 996 0.135135135135
121 996 996 996 0.135135135135
122 996 996 996 0.162162162162
123 996 996 996 0.108108108108
124 996 996 996 0.108108108108
125 996 996 996 0.108108108108
126 996 996 996 0.0540540540541
127 996 996 996 0.0810810810811
128 996 996 996 0.0810810810811
129 996 996 996 0.0810810810811
130 996 996 996 0.0810810810811
131 996 996 996 0.0810810810811
132 996 996 996 0.0540540540541
133 996 996 996 0.0540540540541
134 996 996 996 0.0810810810811
135 996 996 996 0.0810810810811
136 996 996 996 0.108108108108
137 996 996 996 0.0810810810811
138 996 996 996 0.108108108108
139 996 996 996 0.0810810810811
140 996 996 996 0.0810810810811
141 996 996 996 0.108108108108
142 996 996 996 0.108108108108
143 996 996 996 0.108108108108
144 996 996 996 0.0810810810811
145 996 996 996 0.0810810810811
146 996 996 996 0.108108108108
147 996 996 996 0.108108108108
148 996 996 996 0.0810810810811
149 996 996 996 0.0810810810811
150 996 996 996 0.0810810810811
151 996 996 996 0.0540540540541
152 996 996 996 0.0540540540541
153 996 996 996 0.0540540540541
154 996 996 996 0.0540540540541
155 996 996 996 0.0540540540541
156 996 996 996 0.027027027027
157 996 996 996 0.027027027027
158 996 996 996 0.027027027027
159 996 996 996 0.027027027027
160 996 996 996 0.027027027027
161 996 996 996 0.027027027027
162 996 996 996 0.027027027027
163 996 996 996 0.027027027027
164 996 996 996 0.0540540540541
165 996 996 996 0.0540540540541
166 996 996 996 0.027027027027
167 996 996 996 0.0540540540541
168 996 996 996 0.0810810810811
169 996 996 996 0.0810810810811
170 996 996 996 0.0810810810811
171 996 996 996 0.0810810810811
172 995.946 996 995 0.108108108108
173 996 996 996 0.0810810810811
174 996 996 996 0.0540540540541
175 996 996 996 0.0540540540541
176 996 996 996 0.0810810810811
177 995.973 996 995 0.0810810810811
178 996 996 996 0.027027027027
179 996 996 996 0.027027027027
180 996 996 996 0.027027027027
181 996 996 996 0.0540540540541
182 996 996 996 0.0540540540541
183 996 996 996 0.0540540540541
184 996 996 996 0.0810810810811
185 996 996 996 0.0810810810811
186 996 996 996 0.0540540540541
187 996 996 996 0.0540540540541
188 996 996 996 0.0540540540541
189 996 996 996 0.0540540540541
190 996 996 996 0.0540540540541
191 996 996 996 0.027027027027
192 996 996 996 0.027027027027
193 996 996 996 0.027027027027
194 996 996 996 0.0
195 996 996 996 0.0
196 996 996 996 0.0
197 996 996 996 0.0
198 996 996 996 0.0
199 996 996 996 0.0
200 996 996 996 0.0
201 996 996 996 0.0
202 996 996 996 0.0
203 996 996 996 0.0
204 996 996 996 0.0
205 996 996 996 0.0
206 996 996 996 0.0
207 996 996 996 0.0
208 996 996 996 0.0
209 996.028 997 996 0.0
210 996.056 997 996 0.0
211 996.056 997 996 0.0
212 996.056 997 996 0.0277777777778
213 996.083 997 996 0.0555555555556
214 996.083 997 996 0.0833333333333
215 996.111 997 996 0.0833333333333
216 996.056 997 995 0.0833333333333
217 996.139 997 996 0.111111111111
218 996.139 997 996 0.111111111111
219 996.135 997 996 0.135135135135
220 996.108 997 996 0.135135135135
221 996.108 997 996 0.135135135135
222 996.135 997 996 0.108108108108
223 996.108 997 995 0.108108108108
224 996.135 997 996 0.0810810810811
225 996.135 997 996 0.0810810810811
226 996.189 997 996 0.0810810810811
227 996.216 997 996 0.0540540540541
228 996.216 997 996 0.0540540540541
229 996.324 997 996 0.027027027027
230 996.405 997 996 0.027027027027
231 996.568 997 996 0.027027027027
232 996.676 997 996 0.027027027027
233 997 997 997 0.0
234 997 997 997 0.0
235 997 997 997 0.0
236 997 997 997 0.0
237 997 997 997 0.0
238 997 997 997 0.0
239 997 997 997 0.0
240 997 997 997 0.0
241 996.973 997 996 0.0
242 997 997 997 0.0
243 996.811 997 995 0.0
244 997 997 997 0.0
245 997 997 997 0.0
246 997 997 997 0.0
247 997 997 997 0.0
248 997 997 997 0.0
249 997 997 997 0.0
250 997 997 997 0.0
251 996.973 997 996 0.0
252 996.919 997 996 0.027027027027
253 996.784 997 996 0.027027027027
254 996.703 997 996 0.027027027027
255 996.676 997 996 0.0540540540541
256 996.784 997 996 0.027027027027
257 997 997 997 0.0
258 997 997 997 0.0
259 997 997 997 0.0
260 997 997 997 0.0
261 997 997 997 0.0
262 997 997 997 0.0
263 997 997 997 0.0
264 997 997 997 0.0
265 997 997 997 0.0
266 997 997 997 0.0
267 996.865 997 996 0.0
268 997 997 997 0.0
269 997 997 997 0.0
270 997 997 997 0.0
271 997 997 997 0.0
272 997 997 997 0.0
273 997 997 997 0.0
274 997 997 997 0.0
275 997 997 997 0.0
276 997 997 997 0.0
277 996.973 997 996 0.0
278 996.946 997 996 0.0
279 996.919 997 996 0.0
280 996.946 997 996 0.0
281 996.892 997 996 0.0
282 996.811 997 996 0.0
283 996.73 997 996 0.0
284 996.865 997 996 0.0
285 997 997 997 0.0
286 997 997 997 0.0
287 997 997 997 0.0
288 997 997 997 0.0
289 997 997 997 0.0
290 997 997 997 0.0
291 997 997 997 0.0
292 997 997 997 0.0
293 997 997 997 0.0
294 996.973 997 996 0.0
295 996.946 997 996 0.0
296 996.865 997 996 0.0
297 996.919 997 996 0.0
298 997 997 997 0.0
299 997 997 997 0.0
