i4.s 0.2282608695652174 993 0
iE.s 0.27368421052631575 991 1
iQ.s 0.28125 992 0
iAE.s 0.28421052631578947 994 0
iAQ.s 0.27368421052631575 991 0
iA6.s 0.35 993 0
iBK.s 0.25806451612903225 994 0
iB4.s 0.33333333333333337 993 0
iCC.s 0.28125 990 1
iC4.s 0.326530612244898 993 1
iCU.s 0.27368421052631575 995 1
iDE.s 0.24731182795698925 992 0
iDQ.s 0.30927835051546393 995 0
iD6.s 0.30927835051546393 993 0
iEK.s 0.326530612244898 994 0
iE4.s 0.30927835051546393 992 0
iFC.s 0.29166666666666663 995 0
iF4.s 0.276595744680851 994 0
iFU.s 0.33333333333333337 995 0
iGE.s 0.28421052631578947 991 0
iGQ.s 0.27368421052631575 991 1
iG6.s 0.33333333333333337 995 1
iHK.s 0.30927835051546393 990 1
iH4.s 0.23913043478260865 988 1
iIC.s 0.27083333333333337 992 1
iI4.s 0.29166666666666663 992 0
iIU.s 0.28421052631578947 992 0
iJE.s 0.30208333333333337 992 1
iJQ.s 0.30208333333333337 994 0
iJ6.s 0.35 995 0
iKK.s 0.35 995 1
iK4.s 0.35 994 0
iLD.s 0.3434343434343434 993 0
iL4.s 0.35 992 0
iLU.s 0.33333333333333337 994 0
iME.s 0.3434343434343434 996 0
iMQ.s 0.33333333333333337 993 0
iM6.s 0.35 996 0
iNK.s 0.28125 994 0
iN4.s 0.36633663366336633 994 0
iOC.s 0.3564356435643564 993 1
iO4.s 0.28125 992 1
iOU.s 0.3434343434343434 993 1
iPE.s 0.36 994 0
iPQ.s 0.36633663366336633 994 1
iP6.s 0.36633663366336633 994 1
iQK.s 0.326530612244898 992 0
iQ4.s 0.276595744680851 992 0
iRC.s 0.36 993 0
iR4.s 0.33673469387755106 991 0
iRU.s 0.35 994 1
iSE.s 0.3434343434343434 991 0
iSQ.s 0.36 995 0
iS6.s 0.36274509803921573 994 0
iTK.s 0.35 991 0
iT4.s 0.3942307692307693 990 1
iUC.s 0.37623762376237624 992 1
iU4.s 0.31958762886597936 995 0
iUU.s 0.3163265306122449 990 1
iVE.s 0.3786407766990292 990 1
iVQ.s 0.3846153846153846 990 1
iV6.s 0.3786407766990292 990 1
iWK.s 0.3786407766990292 990 1
iW4.s 0.326530612244898 995 0
iXC.s 0.3942307692307693 994 1
iX4.s 0.3942307692307693 994 1
iXU.s 0.36274509803921573 993 0
iYE.s 0.3786407766990292 994 1
iYR.s 0.3786407766990292 992 1
iY6.s 0.3786407766990292 995 0
iZK.s 0.33999999999999997 995 0
i2C.s 0.38235294117647056 994 1
iZ4.s 0.3564356435643564 991 1
i24.s 0.3465346534653465 995 0
i2U.s 0.37254901960784315 995 0
i3E.s 0.33333333333333337 991 0
i3Q.s 0.36633663366336633 995 1
i36.s 0.33999999999999997 994 1
i4K.s 0.38235294117647056 993 0
i44.s 0.2989690721649485 992 0
i5C.s 0.3904761904761904 990 0
i54.s 0.3786407766990292 990 1
i5V.s 0.4 994 1
i6E.s 0.3942307692307693 994 1
i6Q.s 0.3942307692307693 994 1
i66.s 0.3786407766990292 994 1
i7K.s 0.3942307692307693 994 1
i74.s 0.3564356435643564 994 1
iAAD.s 0.3942307692307693 991 1
iAA4.s 0.36274509803921573 992 0
iAAU.s 0.2989690721649485 994 1
iABE.s 0.4095238095238095 990 1
iABQ.s 0.38235294117647056 994 1
iAB6.s 0.3689320388349514 995 0
iACK.s 0.3465346534653465 994 0
iAC4.s 0.3232323232323232 994 1
iADC.s 0.3786407766990292 994 1
iAD4.s 0.4 994 1
iADU.s 0.3942307692307693 996 0
iAEE.s 0.38834951456310685 990 1
iAEQ.s 0.38834951456310685 994 1
iAE6.s 0.37623762376237624 990 1
iAFK.s 0.38235294117647056 990 1
iAF4.s 0.3434343434343434 994 0
iAGC.s 0.38834951456310685 993 0
iAG4.s 0.36633663366336633 993 1
iAGU.s 0.37254901960784315 993 1
iAHE.s 0.36 992 0
iAHQ.s 0.3786407766990292 993 0
iAH6.s 0.4095238095238095 990 1
iAIK.s 0.4095238095238095 990 1
iAI4.s 0.4095238095238095 990 1
iAJC.s 0.40384615384615385 990 1
iAJ4.s 0.3942307692307693 989 0
iAJU.s 0.36274509803921573 990 0
iAKE.s 0.4095238095238095 990 0
iAKQ.s 0.3942307692307693 989 0
iAK6.s 0.3434343434343434 994 0
iALK.s 0.3904761904761904 991 0
iAL4.s 0.3786407766990292 995 1
iAMC.s 0.37254901960784315 991 0
iAM4.s 0.3942307692307693 989 1
iAMU.s 0.3980582524271845 991 0
iANE.s 0.35 990 1
iANQ.s 0.3942307692307693 993 1
iAN6.s 0.4 990 0
iAOK.s 0.4095238095238095 992 1
iAO4.s 0.41509433962264153 992 1
iAPC.s 0.38834951456310685 992 1
iAP4.s 0.3942307692307693 991 1
iAPU.s 0.4095238095238095 994 0
iAQE.s 0.41509433962264153 990 0
iAQQ.s 0.41509433962264153 989 1
iAQ6.s 0.42452830188679247 994 0
iARL.s 0.3786407766990292 992 1
iAR4.s 0.4444444444444444 990 0
iASC.s 0.3942307692307693 993 0
iAS4.s 0.419047619047619 994 0
iASU.s 0.4056603773584906 994 0
iATE.s 0.26315789473684215 991 0
iATS.s 0.3564356435643564 991 1
iAT6.s 0.4095238095238095 990 0
iAUK.s 0.4545454545454546 990 0
iAU4.s 0.4056603773584906 994 0
iAVC.s 0.4299065420560748 994 0
iAV4.s 0.4299065420560748 990 0
iAVU.s 0.4392523364485982 990 0
iAWE.s 0.4444444444444444 993 0
iAWQ.s 0.4444444444444444 990 0
iAW6.s 0.4444444444444444 990 0
iAXK.s 0.31313131313131315 994 0
iAX4.s 0.3786407766990292 993 1
iAYC.s 0.4444444444444444 993 0
iAY4.s 0.41509433962264153 990 0
iAYU.s 0.3786407766990292 991 1
iAZE.s 0.4112149532710281 990 0
iAZQ.s 0.40384615384615385 990 0
iA2D.s 0.4444444444444444 990 0
iA2P.s 0.42452830188679247 991 0
iA24.s 0.4 990 0
iA3C.s 0.4299065420560748 991 0
iA34.s 0.3942307692307693 991 0
iA3U.s 0.38235294117647056 994 0
iA4E.s 0.4444444444444444 990 0
iA4Q.s 0.41509433962264153 990 0
iA46.s 0.4392523364485982 995 0
iA5K.s 0.45871559633027525 990 0
iA54.s 0.4392523364485982 990 0
iA6C.s 0.4444444444444444 993 0
iA64.s 0.41509433962264153 994 0
iA6U.s 0.4444444444444444 994 0
iA7E.s 0.4444444444444444 994 0
iA7Q.s 0.42452830188679247 993 0
iA76.s 0.42056074766355145 995 0
iBAK.s 0.45871559633027525 990 0
iBA4.s 0.3980582524271845 992 0
iBBC.s 0.3942307692307693 994 0
iBB4.s 0.42452830188679247 994 0
iBBU.s 0.4392523364485982 990 0
iBCE.s 0.4392523364485982 990 0
iBCQ.s 0.38834951456310685 991 0
iBC6.s 0.4545454545454546 990 0
iBDK.s 0.4537037037037037 994 0
iBD4.s 0.41509433962264153 994 0
iBEC.s 0.42056074766355145 992 1
iBE4.s 0.4299065420560748 990 0
iBEU.s 0.4299065420560748 994 0
iBFE.s 0.44036697247706424 993 0
iBFQ.s 0.4339622641509434 990 0
iBF6.s 0.4545454545454546 993 0
iBGK.s 0.4537037037037037 990 0
iBG4.s 0.45871559633027525 990 0
iBHC.s 0.38235294117647056 993 0
iBH4.s 0.4444444444444444 990 0
iBHU.s 0.45871559633027525 990 0
iBIE.s 0.45871559633027525 990 0
iBIQ.s 0.4095238095238095 990 0
iBI6.s 0.45871559633027525 990 0
iBJK.s 0.45871559633027525 990 0
iBJ4.s 0.4537037037037037 993 0
iBKC.s 0.4392523364485982 991 0
iBK4.s 0.45871559633027525 993 0
iBKU.s 0.4444444444444444 990 0
iBLE.s 0.45871559633027525 991 0
iBLQ.s 0.45871559633027525 990 0
iBL6.s 0.4299065420560748 992 0
iBMK.s 0.44859813084112155 991 0
iBM4.s 0.45871559633027525 991 0
iBNC.s 0.45871559633027525 991 0
iBN4.s 0.45871559633027525 991 0
iBNU.s 0.45871559633027525 992 0
iBOE.s 0.45871559633027525 991 0
iBOQ.s 0.45871559633027525 991 0
iBO6.s 0.45871559633027525 993 0
iBPK.s 0.45871559633027525 992 0
iBP4.s 0.45871559633027525 992 0
iBQD.s 0.4444444444444444 995 0
iBQ4.s 0.45871559633027525 992 0
iBQU.s 0.4392523364485982 991 0
iBRE.s 0.45871559633027525 993 0
iBRQ.s 0.419047619047619 994 0
iBR6.s 0.4444444444444444 994 0
iBSK.s 0.45871559633027525 992 0
iBS4.s 0.4299065420560748 992 0
iBTC.s 0.45871559633027525 992 0
iBT4.s 0.45871559633027525 992 0
iBTV.s 0.45871559633027525 995 0
iBUE.s 0.45871559633027525 995 0
iBUQ.s 0.4444444444444444 992 0
iBU7.s 0.45871559633027525 993 0
iBVL.s 0.4444444444444444 992 0
iBV4.s 0.45871559633027525 993 0
iBWD.s 0.45871559633027525 993 0
iBW4.s 0.4774774774774775 993 0
iBWV.s 0.45871559633027525 994 0
iBXE.s 0.45871559633027525 993 0
iBXQ.s 0.4444444444444444 994 0
iBX6.s 0.42452830188679247 995 0
iBYK.s 0.45871559633027525 993 0
iBY4.s 0.45871559633027525 994 0
iBZC.s 0.45871559633027525 995 0
iB2C.s 0.42452830188679247 994 0
iBZQ.s 0.4392523364485982 995 0
iB2E.s 0.4495412844036697 996 0
iB2Q.s 0.45871559633027525 994 0
iB26.s 0.4444444444444444 995 0
iB3K.s 0.45871559633027525 995 0
iB34.s 0.41509433962264153 992 0
iB4C.s 0.4392523364485982 995 0
iB44.s 0.45871559633027525 995 0
iB4U.s 0.4299065420560748 996 0
iB5E.s 0.4444444444444444 995 0
iB5Q.s 0.45871559633027525 995 0
iB56.s 0.4537037037037037 994 0
iB6K.s 0.4444444444444444 995 0
iB64.s 0.4444444444444444 993 0
iB7C.s 0.4095238095238095 994 0
iB74.s 0.45871559633027525 993 0
iB7U.s 0.4299065420560748 996 0
iCAE.s 0.4495412844036697 995 1
iCAQ.s 0.4727272727272728 993 0
iCA6.s 0.4545454545454546 996 0
iCBK.s 0.4774774774774775 993 0
iCB4.s 0.4495412844036697 993 0
iCCC.s 0.4495412844036697 993 0
iCC4.s 0.4636363636363636 996 0
iCCU.s 0.3904761904761904 990 0
iCDE.s 0.4537037037037037 991 0
iCDQ.s 0.4636363636363636 993 0
iCD6.s 0.41509433962264153 994 0
iCEK.s 0.4545454545454546 993 1
iCE4.s 0.4636363636363636 993 1
iCFC.s 0.4678899082568807 993 0
iCF4.s 0.4774774774774775 996 0
iCFV.s 0.4537037037037037 993 0
iCGE.s 0.46846846846846846 993 1
iCGQ.s 0.42592592592592593 994 1
iCG6.s 0.46846846846846846 993 1
iCHK.s 0.4774774774774775 995 0
iCH4.s 0.4495412844036697 994 1
iCIC.s 0.4774774774774775 996 0
iCI4.s 0.4392523364485982 994 0
iCIU.s 0.4636363636363636 996 1
iCJE.s 0.4774774774774775 993 0
iCJQ.s 0.4727272727272728 993 0
iCJ6.s 0.45871559633027525 996 0
iCKK.s 0.4299065420560748 995 0
iCK4.s 0.4774774774774775 996 0
iCLC.s 0.4636363636363636 990 0
iCL4.s 0.4774774774774775 995 0
iCLU.s 0.4727272727272728 996 0
iCME.s 0.4727272727272728 993 0
iCMQ.s 0.4678899082568807 993 0
iCM6.s 0.4727272727272728 995 0
iCNK.s 0.4112149532710281 993 1
iCN5.s 0.4636363636363636 996 0
iCOD.s 0.4774774774774775 995 0
iCO4.s 0.4774774774774775 996 0
iCOU.s 0.4774774774774775 996 0
iCPE.s 0.4774774774774775 996 0
iCPQ.s 0.44036697247706424 996 0
iCP6.s 0.43518518518518523 995 0
iCQK.s 0.4774774774774775 996 0
iCQ4.s 0.45871559633027525 995 0
iCRC.s 0.4774774774774775 996 0
iCR4.s 0.4864864864864865 994 0
iCRU.s 0.4774774774774775 996 0
iCSE.s 0.43518518518518523 996 0
iCSR.s 0.46846846846846846 996 0
iCS6.s 0.4774774774774775 996 0
iCTK.s 0.4774774774774775 996 0
iCT4.s 0.4774774774774775 996 0
iCUC.s 0.45871559633027525 996 0
iCU4.s 0.4774774774774775 996 0
iCUU.s 0.42056074766355145 996 0
iCVE.s 0.4774774774774775 994 0
iCVQ.s 0.4545454545454546 993 0
iCV6.s 0.45871559633027525 996 0
iCWK.s 0.4774774774774775 996 0
iCW4.s 0.4864864864864865 994 0
iCXC.s 0.4774774774774775 996 0
iCX4.s 0.42452830188679247 993 0
iCXU.s 0.4 994 1
iCYE.s 0.42452830188679247 994 0
iCYQ.s 0.4678899082568807 995 1
iCY6.s 0.4636363636363636 996 0
iCZK.s 0.44036697247706424 994 0
iC2C.s 0.4636363636363636 996 0
iCZ4.s 0.4495412844036697 994 0
iC24.s 0.45871559633027525 994 0
iC2U.s 0.4864864864864865 994 0
iC3E.s 0.4774774774774775 996 0
iC3Q.s 0.4774774774774775 996 0
iC36.s 0.4339622641509434 994 0
iC4K.s 0.41509433962264153 995 0
iC44.s 0.4444444444444444 995 0
iC5C.s 0.4774774774774775 996 0
iC54.s 0.4095238095238095 996 0
iC5U.s 0.4444444444444444 994 0
iC6E.s 0.4537037037037037 993 0
iC6Q.s 0.4444444444444444 996 0
iC66.s 0.4910714285714286 995 0
iC7K.s 0.4636363636363636 995 0
iC74.s 0.4727272727272728 993 0
iDAC.s 0.4818181818181818 994 0
iDA4.s 0.4727272727272728 995 0
iDAU.s 0.3366336633663366 993 0
iDBE.s 0.4444444444444444 994 0
iDBQ.s 0.4392523364485982 993 0
iDB6.s 0.44859813084112155 993 0
iDCK.s 0.4864864864864865 994 0
iDC4.s 0.4545454545454546 994 0
iDDC.s 0.3689320388349514 995 1
iDD4.s 0.4774774774774775 994 0
iDDU.s 0.4910714285714286 994 0
iDEE.s 0.4392523364485982 991 0
iDEQ.s 0.4864864864864865 995 0
iDE6.s 0.4629629629629629 993 0
iDFK.s 0.40384615384615385 991 1
iDF4.s 0.4774774774774775 994 0
iDGC.s 0.4774774774774775 994 0
iDG4.s 0.4910714285714286 996 0
iDGU.s 0.4910714285714286 996 0
iDHE.s 0.4910714285714286 994 0
iDHQ.s 0.4339622641509434 994 0
iDH6.s 0.45871559633027525 996 0
iDIM.s 0.4910714285714286 995 0
iDI4.s 0.4910714285714286 994 0
iDJC.s 0.4774774774774775 994 0
iDJ4.s 0.49549549549549554 994 0
iDJU.s 0.4727272727272728 995 0
iDKE.s 0.42592592592592593 994 0
iDKQ.s 0.45871559633027525 995 0
iDK6.s 0.44859813084112155 994 0
iDLK.s 0.4678899082568807 994 0
iDL4.s 0.4299065420560748 995 0
iDMC.s 0.4537037037037037 996 0
iDM4.s 0.38834951456310685 992 0
iDMU.s 0.4774774774774775 995 0
iDNE.s 0.36633663366336633 994 0
iDNQ.s 0.3465346534653465 992 0
iDN6.s 0.4285714285714286 996 0
iDOK.s 0.47706422018348627 994 0
iDO4.s 0.4636363636363636 995 0
iDPC.s 0.49549549549549554 994 0
iDP4.s 0.4636363636363636 995 0
iDPU.s 0.45871559633027525 993 0
iDQE.s 0.42452830188679247 993 0
iDQR.s 0.43518518518518523 996 0
iDQ6.s 0.4285714285714286 996 0
iDRK.s 0.3786407766990292 994 1
iDR4.s 0.4774774774774775 996 0
iDSD.s 0.4864864864864865 996 0
iDS4.s 0.49090909090909096 994 0
iDSU.s 0.4380952380952381 994 0
iDTE.s 0.4392523364485982 995 0
iDTQ.s 0.4910714285714286 996 0
iDT6.s 0.4339622641509434 994 0
iDUK.s 0.49549549549549554 994 0
iDU4.s 0.4495412844036697 996 0
iDVC.s 0.4864864864864865 996 0
iDV4.s 0.4864864864864865 996 0
iDVV.s 0.4727272727272728 996 0
iDWE.s 0.4727272727272728 995 0
iDWR.s 0.49549549549549554 995 0
iDW6.s 0.49549549549549554 994 0
iDXL.s 0.4910714285714286 996 0
iDX4.s 0.47706422018348627 992 0
iDYC.s 0.49549549549549554 992 0
iDY4.s 0.47706422018348627 994 0
iDYV.s 0.49549549549549554 994 0
iDZE.s 0.4727272727272728 994 0
iDZR.s 0.4864864864864865 994 0
iD2C.s 0.49090909090909096 993 0
iD2Q.s 0.4864864864864865 995 0
iD25.s 0.49549549549549554 994 0
iD3D.s 0.4864864864864865 994 0
iD34.s 0.4818181818181818 994 0
iD3U.s 0.4299065420560748 994 0
iD4E.s 0.4818181818181818 994 0
iD4Q.s 0.49549549549549554 994 0
iD46.s 0.4818181818181818 995 0
iD5K.s 0.4678899082568807 995 0
iD54.s 0.49549549549549554 995 0
iD6C.s 0.4537037037037037 990 0
iD64.s 0.4864864864864865 995 0
iD6U.s 0.4774774774774775 994 0
iD7E.s 0.49549549549549554 994 0
iD7Q.s 0.49090909090909096 995 0
iD76.s 0.5 997 0
iEAK.s 0.5 994 0
iEA4.s 0.5 992 0
iEBC.s 0.4864864864864865 996 0
iEB4.s 0.49549549549549554 992 0
iEBU.s 0.4545454545454546 994 0
iECE.s 0.5 994 0
iECQ.s 0.4774774774774775 992 0
iEC6.s 0.4537037037037037 994 0
iEDK.s 0.49549549549549554 995 0
iED4.s 0.47706422018348627 996 0
iEEC.s 0.4818181818181818 995 0
iEE4.s 0.4774774774774775 995 0
iEEU.s 0.4864864864864865 995 0
iEFE.s 0.4444444444444444 995 0
iEFQ.s 0.3980582524271845 995 0
iEF6.s 0.5 996 0
iEGK.s 0.3921568627450981 993 0
iEG4.s 0.42056074766355145 988 1
iEHC.s 0.47706422018348627 996 0
iEH4.s 0.4727272727272728 996 0
iEHU.s 0.4727272727272728 995 0
iEIE.s 0.45871559633027525 996 0
iEIQ.s 0.4910714285714286 995 0
iEI6.s 0.5 996 0
iEJK.s 0.5 994 0
iEJ4.s 0.5 995 0
iEKD.s 0.4339622641509434 995 0
iEK4.s 0.42452830188679247 995 0
iEKU.s 0.49090909090909096 996 0
iELE.s 0.5 996 0
iELQ.s 0.49549549549549554 995 0
iEL6.s 0.5 995 0
iEMK.s 0.49090909090909096 995 0
iEM4.s 0.5 996 0
iENC.s 0.49090909090909096 995 0
iEN4.s 0.4864864864864865 996 0
iENU.s 0.4537037037037037 996 0
iEOE.s 0.5 996 0
iEOQ.s 0.4818181818181818 996 0
iEO6.s 0.44859813084112155 996 0
iEPK.s 0.49090909090909096 996 0
iEP4.s 0.5 996 0
iEQC.s 0.4910714285714286 996 0
iEQ4.s 0.4818181818181818 997 0
iEQU.s 0.5 996 0
iERE.s 0.5 996 0
iERQ.s 0.5 996 0
iER6.s 0.4818181818181818 993 0
iESK.s 0.49090909090909096 996 0
iES4.s 0.49549549549549554 994 0
iETC.s 0.4444444444444444 993 0
iET4.s 0.5 996 0
iETU.s 0.4910714285714286 997 0
iEUE.s 0.4818181818181818 997 0
iEUQ.s 0.5 996 0
iEU6.s 0.49549549549549554 996 0
iEVL.s 0.4864864864864865 997 0
iEV5.s 0.5 996 0
iEWE.s 0.5 996 0
iEW4.s 0.49549549549549554 996 0
iEWU.s 0.4862385321100917 996 0
iEXE.s 0.49090909090909096 994 0
iEXQ.s 0.5 996 0
iEX6.s 0.49549549549549554 994 0
iEYK.s 0.5 994 0
iEY4.s 0.5 997 0
iEZC.s 0.5 997 0
iE2C.s 0.5 996 0
iEZR.s 0.5 997 0
iE2E.s 0.5 997 0
iE2S.s 0.5 997 0
iE26.s 0.5 997 0
iE3K.s 0.5 997 0
iE34.s 0.5 994 0
iE4D.s 0.5 995 0
iE44.s 0.5 997 0
iE4U.s 0.49549549549549554 995 0
iE5E.s 0.5 997 0
iE5Q.s 0.4818181818181818 997 0
iE56.s 0.4678899082568807 997 0
iE6L.s 0.37254901960784315 994 0
iE64.s 0.49549549549549554 994 0
iE7C.s 0.5 997 0
iE74.s 0.4678899082568807 996 0
iE7U.s 0.49549549549549554 997 0
iFAE.s 0.4537037037037037 996 0
iFAQ.s 0.4864864864864865 996 0
iFA6.s 0.5 997 0
iFBK.s 0.5 997 0
iFB4.s 0.4678899082568807 993 0
iFCC.s 0.4727272727272728 995 0
iFC4.s 0.4678899082568807 996 0
iFCU.s 0.4495412844036697 997 0
iFDE.s 0.49549549549549554 997 0
iFDQ.s 0.5 997 0
iFD6.s 0.4864864864864865 996 0
iFEK.s 0.4636363636363636 995 0
iFE4.s 0.4818181818181818 997 0
iFFC.s 0.5 997 0
iFF4.s 0.49549549549549554 996 0
iFFU.s 0.49549549549549554 997 0
iFGE.s 0.4727272727272728 995 0
iFGQ.s 0.5 997 0
iFG6.s 0.4727272727272728 996 0
iFHK.s 0.4818181818181818 996 0
iFH4.s 0.44339622641509435 996 0
iFIC.s 0.5 994 0
iFI4.s 0.4818181818181818 996 0
iFIU.s 0.5 997 0
iFJE.s 0.4864864864864865 995 0
iFJQ.s 0.5 997 0
iFJ6.s 0.4864864864864865 996 0
iFKK.s 0.4727272727272728 996 0
iFK4.s 0.3942307692307693 996 0
iFLC.s 0.41346153846153844 996 0
iFL4.s 0.45871559633027525 996 0
iFLU.s 0.38235294117647056 994 0
iFME.s 0.4864864864864865 996 0
iFMQ.s 0.4910714285714286 997 0
iFM7.s 0.4678899082568807 996 0
iFNL.s 0.4910714285714286 997 0
iFN4.s 0.5 994 0
iFOC.s 0.4910714285714286 997 0
iFO4.s 0.5 995 0
iFOU.s 0.4727272727272728 997 0
iFPE.s 0.4727272727272728 995 0
iFPQ.s 0.4864864864864865 996 0
iFP6.s 0.4818181818181818 997 0
iFQK.s 0.4629629629629629 997 0
iFQ4.s 0.5 996 0
iFRC.s 0.4579439252336449 997 0
iFR4.s 0.4678899082568807 994 0
iFRU.s 0.4864864864864865 996 0
iFSE.s 0.4818181818181818 996 0
iFSQ.s 0.5 997 0
iFS6.s 0.4774774774774775 995 0
iFTK.s 0.44339622641509435 996 0
iFT4.s 0.4722222222222222 995 0
iFUC.s 0.5 997 0
iFU4.s 0.5 997 0
iFUU.s 0.4727272727272728 997 0
iFVE.s 0.45871559633027525 996 0
iFVQ.s 0.4629629629629629 995 0
iFV6.s 0.4537037037037037 995 0
iFWK.s 0.5 997 0
iFW4.s 0.4727272727272728 995 0
iFXD.s 0.4392523364485982 996 0
iFX4.s 0.5 997 0
iFXU.s 0.43518518518518523 996 0
iFYE.s 0.49090909090909096 997 0
iFYQ.s 0.3942307692307693 994 0
iFY6.s 0.4818181818181818 997 0
iFZK.s 0.4910714285714286 997 0
iF2C.s 0.38834951456310685 996 0
iFZ4.s 0.4444444444444444 997 0
iF24.s 0.4864864864864865 997 0
iF2U.s 0.5 997 0
iF3E.s 0.4864864864864865 996 0
iF3Q.s 0.38834951456310685 995 0
iF36.s 0.36 993 1
iF4K.s 0.5 997 0
iF44.s 0.45871559633027525 996 0
iF5C.s 0.4444444444444444 994 0
iF54.s 0.5 994 0
iF5U.s 0.49090909090909096 997 0
iF6E.s 0.4678899082568807 996 0
iF6Q.s 0.49549549549549554 997 0
iF66.s 0.49090909090909096 995 0
iF7K.s 0.45871559633027525 996 0
iF74.s 0.4864864864864865 994 0
iGAC.s 0.30927835051546393 993 1
iGA4.s 0.4537037037037037 997 0
iGAU.s 0.4392523364485982 995 0
