iAC.s 0.25531914893617025 992 0
iL.s 0.26595744680851063 993 0
iX.s 0.3163265306122449 993 0
iAL.s 0.25806451612903225 992 1
iAX.s 0.26595744680851063 993 0
iBF.s 0.35 995 0
iBR.s 0.23913043478260865 993 0
iBX.s 0.32999999999999996 994 0
iCJ.s 0.26595744680851063 995 0
iCP.s 0.29166666666666663 996 0
iDB.s 0.28125 991 1
iDL.s 0.30927835051546393 993 0
iDX.s 0.3535353535353535 994 0
iEF.s 0.29166666666666663 994 0
iER.s 0.30208333333333337 994 1
iEX.s 0.30927835051546393 995 0
iFJ.s 0.29166666666666663 995 0
iFP.s 0.30927835051546393 992 0
iGB.s 0.3125 994 0
iGL.s 0.33333333333333337 994 1
iGX.s 0.276595744680851 993 1
iHF.s 0.28421052631578947 993 0
iHR.s 0.29166666666666663 995 1
iHX.s 0.31958762886597936 987 1
iIJ.s 0.30208333333333337 994 1
iIP.s 0.2989690721649485 995 0
iJB.s 0.32999999999999996 992 0
iJL.s 0.33333333333333337 994 0
iJX.s 0.3298969072164949 992 0
iKF.s 0.35 993 0
iKR.s 0.35 993 0
iKY.s 0.35 994 0
iLK.s 0.36633663366336633 993 1
iLP.s 0.35 995 0
iMB.s 0.3163265306122449 995 0
iML.s 0.35 995 0
iMX.s 0.29166666666666663 992 0
iNF.s 0.2947368421052632 994 1
iNR.s 0.35 993 1
iNX.s 0.27368421052631575 993 0
iOJ.s 0.33673469387755106 992 0
iOP.s 0.36274509803921573 993 0
iPB.s 0.3564356435643564 994 0
iPL.s 0.36 993 0
iPX.s 0.36633663366336633 993 0
iQF.s 0.3434343434343434 992 0
iQR.s 0.36 993 0
iQX.s 0.36 994 0
iRJ.s 0.36274509803921573 996 0
iRP.s 0.36 993 0
iSB.s 0.3786407766990292 995 0
iSL.s 0.3564356435643564 994 1
iSX.s 0.3564356435643564 995 1
iTF.s 0.36 992 1
iTR.s 0.32999999999999996 991 1
iTX.s 0.36633663366336633 991 0
iUJ.s 0.3564356435643564 993 0
iUP.s 0.36633663366336633 990 0
iVB.s 0.3564356435643564 992 0
iVL.s 0.3786407766990292 995 0
iVX.s 0.3786407766990292 990 1
iWF.s 0.3786407766990292 989 0
iWR.s 0.37623762376237624 992 1
iWX.s 0.3786407766990292 995 0
iXJ.s 0.36274509803921573 993 1
iXP.s 0.3786407766990292 990 1
iYB.s 0.3786407766990292 990 1
iYL.s 0.3942307692307693 994 1
iYY.s 0.36274509803921573 994 1
iZF.s 0.36633663366336633 995 0
iZR.s 0.38235294117647056 991 1
i2J.s 0.3942307692307693 994 1
iZX.s 0.3786407766990292 995 0
i2P.s 0.3786407766990292 995 0
i3B.s 0.40384615384615385 993 1
i3L.s 0.38235294117647056 993 1
i3X.s 0.35 992 1
i4F.s 0.3942307692307693 990 1
i4R.s 0.3434343434343434 994 0
i4X.s 0.35 994 0
i5J.s 0.29166666666666663 994 0
i5Q.s 0.3942307692307693 994 0
i6C.s 0.37254901960784315 996 0
i6L.s 0.3942307692307693 994 1
i6X.s 0.38235294117647056 992 0
i7F.s 0.35 992 1
i7R.s 0.36633663366336633 994 1
i7Y.s 0.3942307692307693 990 1
iAAK.s 0.38834951456310685 993 1
iAAP.s 0.3942307692307693 994 0
iABB.s 0.35 993 0
iABL.s 0.38834951456310685 992 1
iABX.s 0.36274509803921573 990 0
iACF.s 0.3786407766990292 994 1
iACR.s 0.3846153846153846 994 1
iACX.s 0.3942307692307693 994 0
iADJ.s 0.3846153846153846 994 0
iADP.s 0.40384615384615385 990 1
iAEB.s 0.40384615384615385 992 1
iAEL.s 0.3786407766990292 989 1
iAEX.s 0.4095238095238095 990 1
iAFF.s 0.33999999999999997 993 1
iAFR.s 0.38834951456310685 992 1
iAFX.s 0.4095238095238095 990 0
iAGJ.s 0.40384615384615385 993 1
iAGP.s 0.4095238095238095 992 0
iAHB.s 0.38235294117647056 994 1
iAHL.s 0.38235294117647056 994 1
iAHX.s 0.3904761904761904 990 0
iAIF.s 0.4056603773584906 990 0
iAIR.s 0.38235294117647056 995 0
iAIX.s 0.4 990 0
iAJJ.s 0.4095238095238095 994 1
iAJP.s 0.38235294117647056 994 1
iAKB.s 0.3846153846153846 990 0
iAKL.s 0.4056603773584906 990 0
iAKX.s 0.3786407766990292 994 1
iALF.s 0.4095238095238095 989 1
iALR.s 0.3904761904761904 995 0
iALX.s 0.4095238095238095 990 0
iAMJ.s 0.4095238095238095 990 1
iAMP.s 0.4056603773584906 996 0
iANB.s 0.37254901960784315 990 1
iANL.s 0.42452830188679247 990 0
iANX.s 0.35 987 1
iAOF.s 0.3942307692307693 992 1
iAOR.s 0.42452830188679247 994 0
iAOX.s 0.3786407766990292 990 0
iAPJ.s 0.4095238095238095 991 0
iAPP.s 0.38834951456310685 994 1
iAQB.s 0.38235294117647056 994 0
iAQL.s 0.4095238095238095 992 1
iAQY.s 0.41509433962264153 990 0
iARG.s 0.41509433962264153 990 0
iARS.s 0.41346153846153844 994 0
iARX.s 0.42452830188679247 994 0
iASJ.s 0.38235294117647056 995 0
iASP.s 0.4392523364485982 990 0
iATB.s 0.4 994 0
iATN.s 0.4299065420560748 990 0
iATZ.s 0.419047619047619 994 0
iAUF.s 0.42056074766355145 993 0
iAUT.s 0.4339622641509434 990 0
iAUX.s 0.419047619047619 993 0
iAVJ.s 0.4444444444444444 990 0
iAVP.s 0.4285714285714286 995 0
iAWB.s 0.43518518518518523 994 0
iAWL.s 0.4444444444444444 990 0
iAWX.s 0.36274509803921573 994 0
iAXF.s 0.4392523364485982 990 0
iAXR.s 0.4339622641509434 993 0
iAXX.s 0.43518518518518523 991 0
iAYJ.s 0.35 994 0
iAYP.s 0.3980582524271845 993 0
iAZB.s 0.36633663366336633 993 1
iAZL.s 0.4444444444444444 994 0
iAZY.s 0.4 990 0
iA2K.s 0.4392523364485982 990 0
iAZ6.s 0.4299065420560748 990 0
iA2X.s 0.4444444444444444 990 0
iA3J.s 0.37254901960784315 991 0
iA3P.s 0.4444444444444444 990 0
iA4B.s 0.4444444444444444 990 0
iA4L.s 0.42452830188679247 993 0
iA4X.s 0.4095238095238095 990 0
iA5F.s 0.4299065420560748 990 0
iA5R.s 0.4444444444444444 990 0
iA5X.s 0.4545454545454546 993 0
iA6J.s 0.4444444444444444 993 0
iA6P.s 0.4444444444444444 994 0
iA7B.s 0.3942307692307693 993 0
iA7L.s 0.45871559633027525 990 0
iA7X.s 0.4444444444444444 994 0
iBAF.s 0.4444444444444444 993 0
iBAR.s 0.4095238095238095 994 1
iBAX.s 0.45871559633027525 991 0
iBBJ.s 0.42452830188679247 994 0
iBBP.s 0.42056074766355145 993 0
iBCB.s 0.41509433962264153 994 0
iBCL.s 0.43518518518518523 992 0
iBCX.s 0.4444444444444444 990 0
iBDF.s 0.4444444444444444 990 0
iBDR.s 0.4 991 0
iBDX.s 0.45871559633027525 990 0
iBEJ.s 0.40384615384615385 991 0
iBEP.s 0.4545454545454546 994 0
iBFB.s 0.42452830188679247 994 0
iBFL.s 0.45871559633027525 990 0
iBFX.s 0.44036697247706424 992 0
iBGF.s 0.4444444444444444 990 0
iBGR.s 0.4545454545454546 993 0
iBGX.s 0.4545454545454546 994 0
iBHJ.s 0.4444444444444444 990 0
iBHP.s 0.44859813084112155 990 0
iBIB.s 0.4444444444444444 991 0
iBIL.s 0.41509433962264153 994 0
iBIX.s 0.45871559633027525 991 0
iBJF.s 0.4495412844036697 995 0
iBJR.s 0.45871559633027525 990 0
iBJX.s 0.45871559633027525 991 0
iBKJ.s 0.4537037037037037 990 0
iBKP.s 0.4444444444444444 992 0
iBLB.s 0.45871559633027525 991 0
iBLL.s 0.45871559633027525 990 0
iBLX.s 0.4444444444444444 990 0
iBMF.s 0.45871559633027525 991 0
iBMR.s 0.45871559633027525 991 0
iBMX.s 0.4392523364485982 991 0
iBNJ.s 0.4495412844036697 991 0
iBNP.s 0.45871559633027525 991 0
iBOB.s 0.45871559633027525 991 0
iBOL.s 0.45871559633027525 991 0
iBOX.s 0.45871559633027525 991 0
iBPF.s 0.45871559633027525 992 0
iBPR.s 0.45871559633027525 991 0
iBPY.s 0.45871559633027525 993 0
iBQK.s 0.45871559633027525 991 0
iBQP.s 0.45871559633027525 994 0
iBRB.s 0.45871559633027525 991 0
iBRL.s 0.45871559633027525 992 0
iBRY.s 0.45871559633027525 992 0
iBSF.s 0.45871559633027525 992 0
iBSS.s 0.45871559633027525 992 0
iBSX.s 0.4299065420560748 992 0
iBTJ.s 0.4495412844036697 992 0
iBTQ.s 0.4444444444444444 993 0
iBUD.s 0.4056603773584906 993 0
iBUL.s 0.45871559633027525 993 0
iBUX.s 0.45871559633027525 993 0
iBVG.s 0.45871559633027525 995 0
iBVT.s 0.45871559633027525 993 0
iBVY.s 0.45871559633027525 995 0
iBWK.s 0.45871559633027525 993 0
iBWP.s 0.45871559633027525 996 0
iBXC.s 0.45871559633027525 993 0
iBXL.s 0.44859813084112155 995 0
iBXX.s 0.45871559633027525 993 0
iBYF.s 0.45871559633027525 995 0
iBYR.s 0.4285714285714286 993 0
iBYX.s 0.42452830188679247 995 0
iBZJ.s 0.45871559633027525 994 0
iBZ7.s 0.4495412844036697 990 0
iBZX.s 0.45871559633027525 995 0
iB2L.s 0.45871559633027525 995 0
iB2X.s 0.4392523364485982 994 0
iB3F.s 0.4444444444444444 993 0
iB3R.s 0.4537037037037037 995 0
iB3X.s 0.4444444444444444 995 0
iB4J.s 0.4444444444444444 995 0
iB4P.s 0.45871559633027525 995 0
iB5B.s 0.4299065420560748 995 0
iB5L.s 0.4444444444444444 994 0
iB5X.s 0.44859813084112155 996 0
iB6F.s 0.4095238095238095 993 0
iB6R.s 0.43518518518518523 994 0
iB6X.s 0.4636363636363636 995 0
iB7J.s 0.4392523364485982 994 0
iB7P.s 0.3921568627450981 993 0
iCAB.s 0.4537037037037037 995 0
iCAL.s 0.44859813084112155 995 0
iCAX.s 0.44036697247706424 995 0
iCBF.s 0.4495412844036697 993 0
iCBR.s 0.45871559633027525 994 0
iCBX.s 0.36 992 1
iCCJ.s 0.44036697247706424 993 0
iCCP.s 0.4636363636363636 994 0
iCDB.s 0.4636363636363636 993 0
iCDL.s 0.4678899082568807 993 0
iCDX.s 0.4636363636363636 993 0
iCEF.s 0.4636363636363636 994 1
iCER.s 0.4678899082568807 992 0
iCEX.s 0.4636363636363636 996 0
iCFJ.s 0.4495412844036697 993 0
iCFP.s 0.4727272727272728 995 0
iCGC.s 0.4636363636363636 993 1
iCGL.s 0.4545454545454546 992 1
iCGX.s 0.4636363636363636 990 1
iCHF.s 0.46846846846846846 993 0
iCHR.s 0.4444444444444444 993 1
iCHX.s 0.42452830188679247 993 0
iCIJ.s 0.4545454545454546 993 1
iCIP.s 0.3942307692307693 993 0
iCJC.s 0.44036697247706424 993 0
iCJL.s 0.4636363636363636 993 0
iCJX.s 0.4774774774774775 996 0
iCKF.s 0.4774774774774775 995 0
iCKR.s 0.4774774774774775 995 0
iCKX.s 0.4727272727272728 996 0
iCLJ.s 0.4392523364485982 994 0
iCLP.s 0.43518518518518523 996 0
iCMB.s 0.4774774774774775 996 0
iCML.s 0.4774774774774775 996 0
iCMX.s 0.4774774774774775 995 0
iCNF.s 0.46846846846846846 990 1
iCNR.s 0.4774774774774775 995 0
iCNY.s 0.4636363636363636 996 0
iCOL.s 0.4678899082568807 996 0
iCOP.s 0.4774774774774775 996 0
iCPB.s 0.4495412844036697 995 0
iCPL.s 0.4774774774774775 996 0
iCPX.s 0.4444444444444444 996 0
iCQF.s 0.4774774774774775 996 0
iCQR.s 0.4774774774774775 996 0
iCQX.s 0.42452830188679247 996 0
iCRJ.s 0.46846846846846846 996 0
iCRP.s 0.4774774774774775 996 0
iCSB.s 0.4636363636363636 996 0
iCSL.s 0.42452830188679247 994 0
iCSY.s 0.4495412844036697 996 0
iCTF.s 0.4774774774774775 996 0
iCTR.s 0.4636363636363636 996 0
iCTX.s 0.4727272727272728 996 0
iCUJ.s 0.4774774774774775 995 0
iCUP.s 0.4299065420560748 992 0
iCVB.s 0.4774774774774775 996 0
iCVL.s 0.4727272727272728 996 0
iCVX.s 0.4774774774774775 994 0
iCWF.s 0.4495412844036697 996 0
iCWR.s 0.4095238095238095 994 0
iCWX.s 0.4537037037037037 996 0
iCXJ.s 0.4636363636363636 996 0
iCXP.s 0.4774774774774775 996 0
iCYB.s 0.4636363636363636 996 0
iCYL.s 0.36274509803921573 992 0
iCYX.s 0.43518518518518523 994 0
iCZF.s 0.4774774774774775 996 0
iCZR.s 0.4678899082568807 995 0
iC2J.s 0.4636363636363636 996 0
iCZX.s 0.4774774774774775 996 0
iC2P.s 0.41346153846153844 994 0
iC3B.s 0.4495412844036697 996 0
iC3L.s 0.4095238095238095 996 0
iC3X.s 0.4910714285714286 995 0
iC4F.s 0.4727272727272728 994 0
iC4R.s 0.38834951456310685 992 0
iC4X.s 0.4774774774774775 996 0
iC5J.s 0.4864864864864865 994 0
iC5P.s 0.4774774774774775 996 0
iC6B.s 0.4821428571428571 995 0
iC6L.s 0.45871559633027525 994 0
iC6X.s 0.42307692307692313 993 0
iC7F.s 0.4864864864864865 995 0
iC7R.s 0.4537037037037037 994 0
iC7X.s 0.45871559633027525 994 0
iDAJ.s 0.4545454545454546 995 0
iDAP.s 0.4864864864864865 994 0
iDBB.s 0.4864864864864865 994 0
iDBL.s 0.3564356435643564 991 0
iDBX.s 0.4864864864864865 993 0
iDCF.s 0.4537037037037037 995 0
iDCR.s 0.4727272727272728 994 0
iDCX.s 0.44036697247706424 996 0
iDDJ.s 0.4821428571428571 994 0
iDDP.s 0.4339622641509434 993 0
iDEB.s 0.49549549549549554 994 0
iDEL.s 0.4285714285714286 996 0
iDEX.s 0.4537037037037037 993 0
iDFF.s 0.44859813084112155 995 0
iDFR.s 0.4095238095238095 993 0
iDFX.s 0.4774774774774775 995 0
iDGJ.s 0.4727272727272728 995 0
iDGP.s 0.4910714285714286 996 0
iDHB.s 0.4727272727272728 994 0
iDHL.s 0.4495412844036697 994 1
iDHX.s 0.4636363636363636 995 0
iDIH.s 0.4727272727272728 995 0
iDIT.s 0.4864864864864865 996 0
iDIX.s 0.4629629629629629 996 0
iDJJ.s 0.4774774774774775 994 0
iDJP.s 0.49549549549549554 994 0
iDKB.s 0.4910714285714286 996 0
iDKL.s 0.4910714285714286 996 0
iDKY.s 0.4537037037037037 995 0
iDLF.s 0.4678899082568807 996 0
iDLR.s 0.4629629629629629 996 0
iDLX.s 0.4910714285714286 995 0
iDMJ.s 0.4774774774774775 996 0
iDMP.s 0.43518518518518523 995 0
iDNB.s 0.4910714285714286 995 0
iDNL.s 0.4910714285714286 995 0
iDNX.s 0.4495412844036697 994 0
iDOF.s 0.4636363636363636 995 0
iDOR.s 0.4727272727272728 996 0
iDOX.s 0.4444444444444444 993 0
iDPJ.s 0.4678899082568807 996 0
iDPP.s 0.4495412844036697 995 0
iDQB.s 0.49549549549549554 994 0
iDQM.s 0.4774774774774775 994 0
iDQY.s 0.44036697247706424 996 0
iDRF.s 0.4910714285714286 996 0
iDRR.s 0.45871559633027525 994 0
iDRY.s 0.4864864864864865 994 0
iDSK.s 0.4818181818181818 992 0
iDSP.s 0.4727272727272728 996 0
iDTB.s 0.4818181818181818 994 0
iDTL.s 0.4910714285714286 995 0
iDTX.s 0.4444444444444444 996 0
iDUF.s 0.4910714285714286 996 0
iDUR.s 0.4727272727272728 996 0
iDUX.s 0.49090909090909096 993 0
iDVJ.s 0.4910714285714286 996 0
iDVP.s 0.4774774774774775 994 0
iDWC.s 0.49549549549549554 995 0
iDWL.s 0.49549549549549554 994 0
iDWY.s 0.4678899082568807 995 0
iDXF.s 0.4774774774774775 995 0
iDXS.s 0.47706422018348627 994 0
iDXX.s 0.4910714285714286 996 0
iDYJ.s 0.4818181818181818 996 0
iDYQ.s 0.49549549549549554 994 0
iDZC.s 0.4774774774774775 994 0
iDZM.s 0.5 994 0
iDZY.s 0.4727272727272728 994 0
iD2L.s 0.4818181818181818 994 0
iDZ7.s 0.49549549549549554 994 0
iD2Y.s 0.4678899082568807 993 0
iD3L.s 0.5 994 0
iD3P.s 0.4629629629629629 992 0
iD4B.s 0.49549549549549554 995 0
iD4L.s 0.4864864864864865 995 0
iD4X.s 0.49549549549549554 994 0
iD5F.s 0.49090909090909096 994 0
iD5R.s 0.4818181818181818 994 0
iD5X.s 0.4727272727272728 995 0
iD6J.s 0.49549549549549554 994 0
iD6P.s 0.4818181818181818 992 0
iD7B.s 0.49090909090909096 995 0
iD7L.s 0.4818181818181818 994 0
iD7X.s 0.4818181818181818 994 0
iEAF.s 0.5 995 0
iEAR.s 0.45871559633027525 994 0
iEAX.s 0.5 996 0
iEBJ.s 0.49549549549549554 995 0
iEBP.s 0.4285714285714286 994 0
iECB.s 0.44859813084112155 993 0
iECL.s 0.4818181818181818 994 0
iECY.s 0.4774774774774775 994 0
iEDF.s 0.49549549549549554 997 0
iEDR.s 0.4774774774774775 995 0
iEDX.s 0.4545454545454546 995 0
iEEJ.s 0.4774774774774775 995 0
iEEP.s 0.4818181818181818 995 0
iEFB.s 0.44859813084112155 995 0
iEFL.s 0.4678899082568807 995 0
iEFX.s 0.47706422018348627 995 0
iEGF.s 0.4864864864864865 995 0
iEGR.s 0.45871559633027525 995 0
iEGX.s 0.4910714285714286 994 0
iEHJ.s 0.49549549549549554 995 0
iEHP.s 0.4528301886792453 994 0
iEIB.s 0.4722222222222222 994 0
iEIL.s 0.4678899082568807 996 0
iEIY.s 0.5 996 0
iEJF.s 0.4636363636363636 993 0
iEJR.s 0.4818181818181818 996 0
iEJY.s 0.5 996 0
iEKK.s 0.5 995 0
iEKP.s 0.49549549549549554 995 0
iELB.s 0.4910714285714286 995 0
iELL.s 0.4864864864864865 996 0
iELX.s 0.5 995 0
iEMF.s 0.5 995 0
iEMR.s 0.4864864864864865 996 0
iEMX.s 0.4864864864864865 997 0
iENJ.s 0.4864864864864865 996 0
iENP.s 0.4910714285714286 995 0
iEOB.s 0.4864864864864865 996 0
iEOL.s 0.4818181818181818 996 0
iEOX.s 0.5 996 0
iEPF.s 0.5 996 0
iEPR.s 0.5 996 0
iEPX.s 0.49090909090909096 997 0
iEQJ.s 0.4910714285714286 995 0
iEQP.s 0.5 996 0
iERB.s 0.5 996 0
iERL.s 0.5 997 0
iERX.s 0.5 996 0
iESF.s 0.5 996 0
iESR.s 0.4864864864864865 996 0
iESX.s 0.4910714285714286 997 0
iETK.s 0.4864864864864865 996 0
iETP.s 0.4864864864864865 994 0
iEUD.s 0.5 996 0
iEUL.s 0.5 996 0
iEUY.s 0.4864864864864865 995 0
iEVG.s 0.4864864864864865 996 0
iEVS.s 0.4864864864864865 995 0
iEVY.s 0.4864864864864865 996 0
iEWL.s 0.49090909090909096 996 0
iEWP.s 0.49549549549549554 993 0
iEXB.s 0.5 996 0
iEXL.s 0.5 997 0
iEXX.s 0.4444444444444444 997 0
iEYF.s 0.44859813084112155 996 0
iEYR.s 0.5 997 0
iEYX.s 0.4864864864864865 996 0
iEZJ.s 0.4722222222222222 994 0
iEZM.s 0.5 997 0
iEZY.s 0.49549549549549554 997 0
iE2L.s 0.5 997 0
iE3F.s 0.4864864864864865 997 0
iE3R.s 0.4818181818181818 996 0
iE3Y.s 0.5 997 0
iE4K.s 0.4818181818181818 997 0
iE4P.s 0.4910714285714286 997 0
iE5B.s 0.5 997 0
iE5L.s 0.4774774774774775 997 0
iE5X.s 0.4774774774774775 996 0
iE6G.s 0.4727272727272728 996 0
iE6S.s 0.4818181818181818 996 0
iE6X.s 0.4910714285714286 995 0
iE7J.s 0.4727272727272728 995 0
iE7P.s 0.49549549549549554 995 0
iFAB.s 0.4722222222222222 995 0
iFAL.s 0.47706422018348627 997 0
iFAX.s 0.42452830188679247 996 0
iFBF.s 0.4392523364485982 997 0
iFBS.s 0.5 997 0
iFBX.s 0.4537037037037037 996 0
iFCJ.s 0.4476190476190476 996 0
iFCP.s 0.42307692307692313 995 0
iFDB.s 0.419047619047619 997 0
iFDL.s 0.4864864864864865 995 0
iFDX.s 0.4774774774774775 996 0
iFEF.s 0.5 997 0
iFER.s 0.4818181818181818 997 0
iFEX.s 0.5 997 0
iFFJ.s 0.36633663366336633 992 0
iFFP.s 0.5 997 0
iFGB.s 0.4727272727272728 995 0
iFGL.s 0.44036697247706424 996 0
iFGX.s 0.4818181818181818 996 0
iFHF.s 0.5 997 0
iFHR.s 0.4864864864864865 997 0
iFHX.s 0.4392523364485982 995 0
iFIJ.s 0.4392523364485982 994 0
iFIP.s 0.49549549549549554 996 0
iFJB.s 0.4444444444444444 995 0
iFJL.s 0.4864864864864865 996 0
iFJX.s 0.4774774774774775 996 0
iFKF.s 0.4678899082568807 997 0
iFKR.s 0.44859813084112155 995 0
iFKX.s 0.5 997 0
iFLJ.s 0.4392523364485982 996 0
iFLP.s 0.49549549549549554 996 0
iFMB.s 0.4821428571428571 996 0
iFML.s 0.4814814814814815 995 0
iFMX.s 0.4862385321100917 997 0
iFNG.s 0.4818181818181818 995 0
iFNT.s 0.5 997 0
iFNX.s 0.4864864864864865 995 0
iFOJ.s 0.4864864864864865 997 0
iFOP.s 0.4774774774774775 996 0
iFPB.s 0.47706422018348627 997 0
iFPL.s 0.4864864864864865 997 0
iFPX.s 0.4864864864864865 995 0
iFQF.s 0.4910714285714286 997 0
iFQR.s 0.4818181818181818 997 0
iFQX.s 0.4910714285714286 997 0
iFRJ.s 0.42307692307692313 994 0
iFRP.s 0.49549549549549554 995 0
iFSB.s 0.44859813084112155 994 0
iFSL.s 0.5 997 0
iFSX.s 0.45871559633027525 995 0
iFTF.s 0.4636363636363636 997 0
iFTR.s 0.4864864864864865 997 0
iFTX.s 0.4678899082568807 996 0
iFUJ.s 0.419047619047619 996 0
iFUP.s 0.4864864864864865 997 0
iFVB.s 0.4864864864864865 996 0
iFVL.s 0.4910714285714286 997 0
iFVX.s 0.42056074766355145 993 0
iFWF.s 0.5 996 0
iFWR.s 0.4629629629629629 995 0
iFWY.s 0.4636363636363636 995 0
iFXK.s 0.4864864864864865 996 0
iFXP.s 0.5 997 0
iFYB.s 0.4864864864864865 997 0
iFYL.s 0.5 997 0
iFYX.s 0.5 997 0
iFZF.s 0.4864864864864865 995 0
iFZR.s 0.4444444444444444 996 0
iF2J.s 0.4537037037037037 996 0
iFZX.s 0.5 997 0
iF2P.s 0.4774774774774775 996 0
iF3B.s 0.47706422018348627 995 0
iF3L.s 0.4818181818181818 997 0
iF3X.s 0.4636363636363636 996 1
iF4F.s 0.3689320388349514 995 0
iF4R.s 0.4818181818181818 996 0
iF4X.s 0.4545454545454546 997 0
iF5J.s 0.47706422018348627 993 0
iF5P.s 0.4727272727272728 996 0
iF6B.s 0.5 997 0
iF6L.s 0.4727272727272728 996 0
iF6X.s 0.4864864864864865 996 0
iF7F.s 0.42452830188679247 994 0
iF7R.s 0.4392523364485982 996 0
iF7X.s 0.4910714285714286 996 0
iGAJ.s 0.5 997 0
iGAP.s 0.4727272727272728 995 0
iGBB.s 0.5 996 0
