i6.s 0.25531914893617025 989 0
iG.s 0.276595744680851 991 1
iS.s 0.30612244897959184 993 1
iAG.s 0.2989690721649485 992 0
iAS.s 0.29166666666666663 993 1
iBA.s 0.36 994 0
iBM.s 0.3366336633663366 991 1
iB6.s 0.28421052631578947 992 0
iCE.s 0.2989690721649485 992 0
iC6.s 0.31958762886597936 993 1
iCW.s 0.3232323232323232 990 1
iDG.s 0.33673469387755106 994 0
iDS.s 0.33999999999999997 992 1
iEA.s 0.3232323232323232 993 1
iEM.s 0.3163265306122449 993 1
iE6.s 0.30208333333333337 994 0
iFE.s 0.2989690721649485 989 0
iF6.s 0.27368421052631575 994 0
iFW.s 0.326530612244898 993 1
iGG.s 0.33333333333333337 993 1
iGS.s 0.30208333333333337 992 0
iHA.s 0.30612244897959184 990 1
iHM.s 0.35 995 1
iH6.s 0.30208333333333337 993 0
iIE.s 0.30208333333333337 990 0
iI6.s 0.28421052631578947 993 0
iIW.s 0.36 994 0
iJG.s 0.33333333333333337 994 1
iJS.s 0.24731182795698925 994 1
iKA.s 0.3163265306122449 995 1
iKM.s 0.33999999999999997 991 1
iK7.s 0.326530612244898 989 0
iLF.s 0.35 992 1
iL6.s 0.35 994 0
iLW.s 0.33333333333333337 994 0
iMG.s 0.33333333333333337 992 0
iMS.s 0.326530612244898 995 0
iNA.s 0.3564356435643564 994 0
iNM.s 0.33333333333333337 995 0
iN6.s 0.36 993 1
iOE.s 0.37254901960784315 993 1
iO6.s 0.34693877551020413 994 1
iOW.s 0.36 992 0
iPG.s 0.35 995 0
iPS.s 0.33673469387755106 993 1
iQA.s 0.33673469387755106 989 1
iQM.s 0.3434343434343434 993 0
iQ6.s 0.36 994 1
iRE.s 0.3434343434343434 993 0
iR6.s 0.30208333333333337 992 0
iRW.s 0.37254901960784315 993 1
iSG.s 0.3465346534653465 992 0
iSS.s 0.35 994 1
iTA.s 0.37254901960784315 994 1
iTM.s 0.33673469387755106 995 0
iT6.s 0.3786407766990292 995 0
iUE.s 0.36 995 0
iU6.s 0.3786407766990292 990 1
iUW.s 0.3786407766990292 992 0
iVG.s 0.3786407766990292 990 1
iVS.s 0.3163265306122449 990 1
iWA.s 0.31958762886597936 994 0
iWM.s 0.3434343434343434 991 1
iW6.s 0.375 995 0
iXE.s 0.3786407766990292 991 1
iX6.s 0.3786407766990292 991 1
iXW.s 0.3786407766990292 992 0
iYG.s 0.3465346534653465 995 0
iYT.s 0.36633663366336633 993 0
iZA.s 0.3232323232323232 995 0
iZM.s 0.4 994 1
i2E.s 0.3786407766990292 995 0
iZ6.s 0.3786407766990292 995 0
i26.s 0.3942307692307693 994 1
i2W.s 0.38235294117647056 993 1
i3G.s 0.3786407766990292 994 0
i3S.s 0.36633663366336633 994 0
i4A.s 0.37623762376237624 994 1
i4M.s 0.3564356435643564 994 0
i46.s 0.37254901960784315 994 1
i5E.s 0.3942307692307693 990 1
i56.s 0.37254901960784315 990 1
i5X.s 0.37254901960784315 990 0
i6G.s 0.37254901960784315 994 1
i6S.s 0.3942307692307693 994 1
i7A.s 0.37254901960784315 993 0
i7M.s 0.3942307692307693 990 1
i77.s 0.3942307692307693 994 1
iAAF.s 0.40384615384615385 993 0
iAA6.s 0.3980582524271845 993 1
iAAW.s 0.38834951456310685 992 1
iABG.s 0.3465346534653465 990 0
iABS.s 0.3846153846153846 994 1
iACA.s 0.3465346534653465 990 0
iACM.s 0.3564356435643564 990 1
iAC6.s 0.326530612244898 995 0
iADE.s 0.3529411764705882 990 0
iAD6.s 0.36274509803921573 991 1
iADW.s 0.3980582524271845 995 0
iAEG.s 0.3980582524271845 993 1
iAES.s 0.3786407766990292 995 1
iAFA.s 0.3846153846153846 996 1
iAFM.s 0.4056603773584906 990 0
iAF6.s 0.33673469387755106 993 0
iAGE.s 0.38834951456310685 992 1
iAG6.s 0.40384615384615385 993 1
iAGW.s 0.38235294117647056 993 1
iAHG.s 0.3564356435643564 990 1
iAHS.s 0.38834951456310685 994 1
iAIA.s 0.41509433962264153 989 1
iAIM.s 0.3786407766990292 993 1
iAI6.s 0.3564356435643564 990 1
iAJE.s 0.4056603773584906 990 0
iAJ6.s 0.3904761904761904 994 0
iAJW.s 0.28421052631578947 990 0
iAKG.s 0.4056603773584906 990 0
iAKS.s 0.3904761904761904 990 0
iALA.s 0.36274509803921573 994 1
iALM.s 0.3431372549019608 990 0
iAL6.s 0.4095238095238095 991 0
iAME.s 0.3434343434343434 993 1
iAM6.s 0.3786407766990292 990 1
iAMW.s 0.4 990 1
iANG.s 0.3786407766990292 987 0
iANS.s 0.38235294117647056 992 0
iAOA.s 0.30927835051546393 995 1
iAOM.s 0.37254901960784315 993 1
iAO6.s 0.4095238095238095 994 1
iAPE.s 0.36274509803921573 992 1
iAP6.s 0.30612244897959184 989 0
iAPW.s 0.3786407766990292 993 1
iAQG.s 0.41346153846153844 994 0
iAQS.s 0.4095238095238095 994 1
iARA.s 0.4056603773584906 994 0
iARN.s 0.4 994 0
iAR6.s 0.3942307692307693 994 0
iASE.s 0.4 995 0
iAS6.s 0.4299065420560748 990 0
iASW.s 0.3689320388349514 995 0
iATH.s 0.43518518518518523 994 0
iATU.s 0.4392523364485982 990 0
iAUA.s 0.42452830188679247 995 0
iAUN.s 0.3921568627450981 991 0
iAU6.s 0.37254901960784315 994 0
iAVE.s 0.4339622641509434 992 0
iAV6.s 0.4299065420560748 991 0
iAVW.s 0.4444444444444444 989 0
iAWG.s 0.43518518518518523 990 0
iAWS.s 0.3942307692307693 991 0
iAXA.s 0.4444444444444444 993 0
iAXM.s 0.3689320388349514 992 1
iAX6.s 0.4 990 0
iAYE.s 0.4095238095238095 990 0
iAY6.s 0.43518518518518523 990 0
iAYW.s 0.3786407766990292 989 0
iAZG.s 0.4095238095238095 994 0
iAZS.s 0.31313131313131315 992 0
iA2F.s 0.37254901960784315 992 0
iA2R.s 0.4444444444444444 994 0
iA26.s 0.41509433962264153 992 0
iA3E.s 0.4444444444444444 990 0
iA36.s 0.4299065420560748 990 0
iA3W.s 0.43518518518518523 990 0
iA4G.s 0.42452830188679247 993 0
iA4S.s 0.43518518518518523 994 0
iA5A.s 0.3980582524271845 990 0
iA5M.s 0.4444444444444444 990 0
iA56.s 0.36274509803921573 991 0
iA6E.s 0.4495412844036697 991 0
iA66.s 0.41509433962264153 991 0
iA6W.s 0.45871559633027525 994 0
iA7G.s 0.4339622641509434 992 0
iA7S.s 0.4537037037037037 994 0
iBAA.s 0.43518518518518523 990 0
iBAM.s 0.4444444444444444 994 0
iBA6.s 0.41509433962264153 990 0
iBBE.s 0.41509433962264153 992 0
iBB6.s 0.42452830188679247 994 0
iBBW.s 0.4444444444444444 994 0
iBCG.s 0.4545454545454546 993 0
iBCS.s 0.42452830188679247 994 0
iBDA.s 0.42452830188679247 990 0
iBDM.s 0.4495412844036697 993 0
iBD6.s 0.40384615384615385 992 0
iBEE.s 0.4444444444444444 990 0
iBE6.s 0.4299065420560748 990 0
iBEW.s 0.419047619047619 991 0
iBFG.s 0.45871559633027525 990 0
iBFS.s 0.45871559633027525 992 0
iBGA.s 0.4444444444444444 991 0
iBGM.s 0.45871559633027525 990 0
iBG6.s 0.4392523364485982 993 0
iBHE.s 0.43518518518518523 993 1
iBH6.s 0.45871559633027525 990 0
iBHW.s 0.4444444444444444 992 0
iBIG.s 0.45871559633027525 991 0
iBIS.s 0.4299065420560748 991 0
iBJA.s 0.4392523364485982 992 0
iBJM.s 0.45871559633027525 991 0
iBJ6.s 0.45871559633027525 990 0
iBKE.s 0.4299065420560748 990 0
iBK6.s 0.4444444444444444 991 0
iBKW.s 0.45871559633027525 991 0
iBLG.s 0.45871559633027525 991 0
iBLS.s 0.4299065420560748 991 0
iBMA.s 0.4537037037037037 991 0
iBMM.s 0.4444444444444444 991 0
iBM6.s 0.45871559633027525 991 0
iBNE.s 0.45871559633027525 991 0
iBN6.s 0.45871559633027525 991 0
iBNW.s 0.4299065420560748 992 0
iBOG.s 0.4537037037037037 993 0
iBOS.s 0.4537037037037037 995 0
iBPA.s 0.45871559633027525 991 0
iBPM.s 0.45871559633027525 991 0
iBP6.s 0.45871559633027525 992 0
iBQF.s 0.38834951456310685 992 0
iBQ6.s 0.45871559633027525 993 0
iBQW.s 0.45871559633027525 992 0
iBRG.s 0.4339622641509434 993 0
iBRS.s 0.4444444444444444 992 0
iBSA.s 0.45871559633027525 992 0
iBSM.s 0.4299065420560748 993 0
iBS6.s 0.45871559633027525 992 0
iBTE.s 0.45871559633027525 992 0
iBT7.s 0.45871559633027525 992 0
iBTX.s 0.45871559633027525 992 0
iBUG.s 0.45871559633027525 992 0
iBUS.s 0.45871559633027525 992 0
iBVB.s 0.4392523364485982 993 0
iBVN.s 0.45871559633027525 992 0
iBV7.s 0.4495412844036697 993 0
iBWF.s 0.45871559633027525 993 0
iBW6.s 0.4444444444444444 994 0
iBWX.s 0.38834951456310685 992 0
iBXG.s 0.45871559633027525 993 0
iBXS.s 0.45871559633027525 994 0
iBYA.s 0.45871559633027525 994 0
iBYM.s 0.4444444444444444 994 0
iBY6.s 0.4774774774774775 993 0
iBZE.s 0.45871559633027525 995 0
iBZ2.s 0.45871559633027525 995 0
iBZS.s 0.4392523364485982 996 0
iB2G.s 0.4636363636363636 995 0
iB2S.s 0.43518518518518523 995 0
iB3A.s 0.45871559633027525 995 0
iB3M.s 0.4444444444444444 995 0
iB36.s 0.41346153846153844 993 0
iB4E.s 0.45871559633027525 995 0
iB46.s 0.45871559633027525 995 0
iB4W.s 0.4339622641509434 995 0
iB5G.s 0.4444444444444444 993 0
iB5S.s 0.45871559633027525 995 0
iB6A.s 0.4495412844036697 995 0
iB6M.s 0.43518518518518523 990 0
iB66.s 0.45871559633027525 995 0
iB7E.s 0.4537037037037037 995 0
iB76.s 0.4636363636363636 993 0
iB7W.s 0.43518518518518523 995 0
iCAG.s 0.41509433962264153 993 1
iCAS.s 0.4444444444444444 993 0
iCBA.s 0.4636363636363636 990 0
iCBM.s 0.40384615384615385 990 0
iCB6.s 0.46846846846846846 993 1
iCCE.s 0.33999999999999997 995 0
iCC6.s 0.3846153846153846 991 1
iCCW.s 0.4636363636363636 995 0
iCDG.s 0.4636363636363636 993 0
iCDS.s 0.4636363636363636 993 1
iCEA.s 0.4299065420560748 995 0
iCEM.s 0.4299065420560748 992 0
iCE6.s 0.4678899082568807 993 0
iCFE.s 0.4056603773584906 992 0
iCF6.s 0.4636363636363636 995 0
iCFX.s 0.4495412844036697 993 0
iCGG.s 0.4444444444444444 993 1
iCGS.s 0.4774774774774775 993 0
iCHA.s 0.45871559633027525 993 0
iCHM.s 0.4636363636363636 993 0
iCH6.s 0.4727272727272728 992 0
iCIE.s 0.40384615384615385 995 0
iCI6.s 0.4774774774774775 996 0
iCIW.s 0.4636363636363636 995 0
iCJG.s 0.4392523364485982 996 0
iCJS.s 0.4545454545454546 993 0
iCKA.s 0.4678899082568807 993 0
iCKM.s 0.4495412844036697 993 0
iCK6.s 0.4774774774774775 996 0
iCLE.s 0.4636363636363636 994 0
iCL6.s 0.4774774774774775 995 0
iCLW.s 0.4774774774774775 996 0
iCMG.s 0.4537037037037037 993 0
iCMS.s 0.4636363636363636 994 0
iCNA.s 0.419047619047619 996 0
iCNM.s 0.4495412844036697 994 0
iCN7.s 0.4774774774774775 996 0
iCOF.s 0.4774774774774775 992 0
iCO6.s 0.4727272727272728 996 0
iCOW.s 0.4774774774774775 995 0
iCPG.s 0.4678899082568807 996 0
iCPS.s 0.4774774774774775 996 0
iCQA.s 0.4444444444444444 996 0
iCQM.s 0.4774774774774775 996 0
iCQ6.s 0.4545454545454546 996 0
iCRE.s 0.43518518518518523 995 0
iCR6.s 0.4636363636363636 995 0
iCRW.s 0.4774774774774775 995 0
iCSG.s 0.4774774774774775 993 0
iCST.s 0.41509433962264153 995 0
iCTA.s 0.4774774774774775 996 0
iCTM.s 0.45871559633027525 996 0
iCT6.s 0.4774774774774775 996 0
iCUE.s 0.4774774774774775 996 0
iCU6.s 0.43518518518518523 996 0
iCUW.s 0.4636363636363636 996 0
iCVG.s 0.4545454545454546 996 0
iCVS.s 0.4774774774774775 996 0
iCWA.s 0.3904761904761904 996 0
iCWM.s 0.42452830188679247 994 0
iCW6.s 0.4774774774774775 996 0
iCXE.s 0.45871559633027525 994 0
iCX6.s 0.4774774774774775 995 0
iCXW.s 0.4444444444444444 992 0
iCYG.s 0.36633663366336633 993 0
iCYS.s 0.45871559633027525 995 0
iCZA.s 0.4910714285714286 994 0
iCZM.s 0.4077669902912622 992 0
iC2E.s 0.4636363636363636 996 0
iCZ6.s 0.4636363636363636 996 0
iC26.s 0.4727272727272728 994 0
iC2W.s 0.4774774774774775 996 0
iC3G.s 0.4774774774774775 996 0
iC3S.s 0.4818181818181818 994 0
iC4A.s 0.4727272727272728 994 0
iC4M.s 0.4545454545454546 989 0
iC46.s 0.4910714285714286 994 0
iC5E.s 0.4774774774774775 996 0
iC56.s 0.4495412844036697 996 0
iC5W.s 0.4774774774774775 996 0
iC6G.s 0.4864864864864865 994 0
iC6S.s 0.4774774774774775 996 0
iC7A.s 0.4910714285714286 994 0
iC7M.s 0.4774774774774775 994 0
iC76.s 0.4629629629629629 995 0
iDAE.s 0.4444444444444444 994 0
iDA6.s 0.4864864864864865 994 0
iDAW.s 0.4727272727272728 996 0
iDBG.s 0.4910714285714286 995 0
iDBS.s 0.4678899082568807 993 0
iDCA.s 0.3980582524271845 992 0
iDCM.s 0.4636363636363636 994 0
iDC6.s 0.4339622641509434 995 0
iDDE.s 0.4910714285714286 995 0
iDD6.s 0.47706422018348627 995 0
iDDW.s 0.45871559633027525 994 0
iDEG.s 0.4910714285714286 994 0
iDES.s 0.4910714285714286 994 0
iDFA.s 0.44859813084112155 994 0
iDFM.s 0.4864864864864865 993 0
iDF6.s 0.4636363636363636 995 0
iDGE.s 0.4537037037037037 993 0
iDG6.s 0.4727272727272728 994 0
iDGW.s 0.4864864864864865 994 0
iDHG.s 0.4910714285714286 996 0
iDHS.s 0.4818181818181818 994 0
iDIA.s 0.4910714285714286 996 0
iDIO.s 0.4910714285714286 994 0
iDI6.s 0.4864864864864865 996 0
iDJE.s 0.49549549549549554 994 0
iDJ6.s 0.4910714285714286 993 0
iDJW.s 0.4444444444444444 994 0
iDKG.s 0.4774774774774775 995 0
iDKS.s 0.4727272727272728 994 0
iDLA.s 0.4678899082568807 994 0
iDLM.s 0.4818181818181818 996 0
iDL6.s 0.4910714285714286 996 0
iDME.s 0.49549549549549554 994 0
iDM6.s 0.4818181818181818 994 0
iDMW.s 0.4864864864864865 994 0
iDNG.s 0.49549549549549554 994 0
iDNS.s 0.4774774774774775 996 0
iDOA.s 0.4910714285714286 996 0
iDOM.s 0.4727272727272728 996 0
iDO6.s 0.4339622641509434 994 0
iDPE.s 0.4910714285714286 996 0
iDP6.s 0.4495412844036697 993 0
iDPW.s 0.4774774774774775 995 0
iDQH.s 0.419047619047619 991 0
iDQT.s 0.49549549549549554 992 0
iDRA.s 0.41509433962264153 994 0
iDRM.s 0.4910714285714286 996 0
iDR6.s 0.49549549549549554 994 0
iDSF.s 0.47706422018348627 994 0
iDS6.s 0.47706422018348627 996 0
iDSW.s 0.4910714285714286 996 0
iDTG.s 0.4727272727272728 996 0
iDTS.s 0.40384615384615385 995 0
iDUA.s 0.4339622641509434 994 0
iDUM.s 0.4910714285714286 996 0
iDU6.s 0.4678899082568807 996 0
iDVE.s 0.4818181818181818 994 0
iDV6.s 0.4774774774774775 996 0
iDVX.s 0.4910714285714286 996 0
iDWG.s 0.49549549549549554 994 0
iDWT.s 0.4910714285714286 994 0
iDXA.s 0.49090909090909096 995 0
iDXN.s 0.49549549549549554 995 0
iDX6.s 0.49090909090909096 994 0
iDYE.s 0.49090909090909096 995 0
iDY6.s 0.49549549549549554 992 0
iDYX.s 0.47706422018348627 995 0
iDZG.s 0.49549549549549554 994 0
iDZT.s 0.49549549549549554 995 0
iD2F.s 0.49549549549549554 994 0
iD2S.s 0.49549549549549554 995 0
iD27.s 0.4818181818181818 994 0
iD3F.s 0.4864864864864865 994 0
iD36.s 0.49549549549549554 994 0
iD3W.s 0.49549549549549554 995 0
iD4G.s 0.49549549549549554 994 0
iD4S.s 0.49549549549549554 995 0
iD5A.s 0.49549549549549554 995 0
iD5M.s 0.4862385321100917 994 0
iD56.s 0.44339622641509435 992 0
iD6E.s 0.49549549549549554 995 0
iD66.s 0.4818181818181818 994 0
iD6W.s 0.45871559633027525 993 0
iD7G.s 0.4678899082568807 994 0
iD7S.s 0.5 994 0
iEAA.s 0.47706422018348627 994 0
iEAM.s 0.47706422018348627 995 0
iEA6.s 0.4864864864864865 994 0
iEBE.s 0.49549549549549554 997 0
iEB6.s 0.47706422018348627 995 0
iEBW.s 0.4864864864864865 996 0
iECG.s 0.4636363636363636 994 0
iECT.s 0.4910714285714286 997 0
iEDA.s 0.47706422018348627 994 0
iEDM.s 0.4864864864864865 994 0
iED6.s 0.4727272727272728 996 0
iEEE.s 0.49549549549549554 996 0
iEE6.s 0.5 996 0
iEEW.s 0.4339622641509434 995 0
iEFG.s 0.43518518518518523 995 0
iEFS.s 0.44339622641509435 994 0
iEGA.s 0.44859813084112155 995 0
iEGM.s 0.4537037037037037 996 0
iEG6.s 0.5 996 0
iEHE.s 0.4864864864864865 996 0
iEH6.s 0.4444444444444444 997 0
iEHW.s 0.4727272727272728 996 0
iEIG.s 0.5 994 0
iEIS.s 0.5 996 0
iEJA.s 0.5 995 0
iEJM.s 0.5 997 0
iEJ7.s 0.4864864864864865 993 0
iEKF.s 0.5 995 0
iEK6.s 0.5 996 0
iEKW.s 0.4910714285714286 995 0
iELG.s 0.4495412844036697 995 0
iELS.s 0.4818181818181818 992 0
iEMA.s 0.5 996 0
iEMM.s 0.4864864864864865 996 0
iEM6.s 0.5 995 0
iENE.s 0.4864864864864865 996 0
iEN6.s 0.5 996 0
iENW.s 0.5 996 0
iEOG.s 0.4910714285714286 994 0
iEOS.s 0.4537037037037037 995 0
iEPA.s 0.4818181818181818 996 0
iEPM.s 0.49549549549549554 996 0
iEP6.s 0.4678899082568807 996 0
iEQE.s 0.4864864864864865 996 0
iEQ6.s 0.5 996 0
iEQW.s 0.5 996 0
iERG.s 0.5 996 0
iERS.s 0.5 996 0
iESA.s 0.5 996 0
iESM.s 0.5 995 0
iES6.s 0.4678899082568807 995 0
iETE.s 0.5 996 0
iET6.s 0.4678899082568807 996 0
iETW.s 0.47706422018348627 996 0
iEUG.s 0.4864864864864865 996 0
iEUS.s 0.5 996 0
iEVA.s 0.4864864864864865 996 0
iEVN.s 0.5 996 0
iEV7.s 0.4910714285714286 996 0
iEWG.s 0.5 996 0
iEW6.s 0.5 996 0
iEWW.s 0.47706422018348627 996 0
iEXG.s 0.4537037037037037 996 0
iEXS.s 0.5 997 0
iEYA.s 0.4818181818181818 996 0
iEYM.s 0.4864864864864865 996 0
iEY6.s 0.5 997 0
iEZE.s 0.4818181818181818 997 0
iEZ2.s 0.5 996 0
iEZT.s 0.5 997 0
iE2G.s 0.4818181818181818 997 0
iE2U.s 0.49090909090909096 997 0
iE3A.s 0.49090909090909096 997 0
iE3M.s 0.4910714285714286 997 0
iE36.s 0.4678899082568807 997 0
iE4F.s 0.4727272727272728 997 0
iE46.s 0.4864864864864865 996 0
iE4W.s 0.4392523364485982 994 0
iE5G.s 0.4910714285714286 997 0
iE5S.s 0.4727272727272728 996 0
iE6A.s 0.5 996 0
iE6N.s 0.5 997 0
iE66.s 0.46846846846846846 995 0
iE7E.s 0.49549549549549554 997 0
iE76.s 0.5 997 0
iE7W.s 0.4864864864864865 997 0
iFAG.s 0.4818181818181818 996 0
iFAS.s 0.5 997 0
iFBA.s 0.4864864864864865 996 0
iFBN.s 0.4636363636363636 996 0
iFB6.s 0.36274509803921573 991 0
iFCE.s 0.4864864864864865 996 0
iFC6.s 0.47706422018348627 996 0
iFCW.s 0.5 996 0
iFDG.s 0.4910714285714286 996 0
iFDS.s 0.5 997 0
iFEA.s 0.49549549549549554 995 0
iFEM.s 0.5 997 0
iFE6.s 0.4678899082568807 996 0
iFFE.s 0.49549549549549554 996 0
iFF6.s 0.4629629629629629 995 0
iFFW.s 0.4864864864864865 997 0
iFGG.s 0.4864864864864865 997 0
iFGS.s 0.4818181818181818 997 0
iFHA.s 0.45871559633027525 996 0
iFHM.s 0.5 997 0
iFH6.s 0.5 997 0
iFIE.s 0.5 995 0
iFI6.s 0.4864864864864865 997 0
iFIW.s 0.4444444444444444 997 0
iFJG.s 0.4818181818181818 996 0
iFJS.s 0.4392523364485982 996 0
iFKA.s 0.46846846846846846 995 0
iFKM.s 0.4862385321100917 997 0
iFK6.s 0.49549549549549554 997 0
iFLE.s 0.4629629629629629 996 0
iFL6.s 0.4629629629629629 994 0
iFLW.s 0.4727272727272728 996 0
iFMG.s 0.5 997 0
iFMS.s 0.4910714285714286 997 0
iFNB.s 0.5 997 0
iFNN.s 0.5 995 0
iFN6.s 0.49549549549549554 995 0
iFOE.s 0.4910714285714286 997 0
iFO6.s 0.4678899082568807 997 0
iFOW.s 0.4629629629629629 996 0
iFPG.s 0.4579439252336449 996 0
iFPS.s 0.5 995 0
iFQA.s 0.4299065420560748 994 0
iFQM.s 0.4864864864864865 997 0
iFQ6.s 0.4722222222222222 995 0
iFRE.s 0.5 997 0
iFR6.s 0.45871559633027525 995 0
iFRW.s 0.4864864864864865 996 0
iFSG.s 0.5 997 0
iFSS.s 0.5 994 0
iFTA.s 0.4537037037037037 995 0
iFTM.s 0.5 997 0
iFT6.s 0.4727272727272728 996 0
iFUE.s 0.5 997 0
iFU6.s 0.49549549549549554 997 0
iFUW.s 0.45871559633027525 996 0
iFVG.s 0.49549549549549554 997 0
iFVS.s 0.37 991 0
iFWA.s 0.49549549549549554 997 0
iFWM.s 0.4495412844036697 996 0
iFW7.s 0.4444444444444444 996 0
iFXF.s 0.45871559633027525 995 0
iFX6.s 0.49549549549549554 997 0
iFXW.s 0.4818181818181818 996 0
iFYG.s 0.5 997 0
iFYS.s 0.4678899082568807 995 0
iFZA.s 0.4910714285714286 997 0
iFZM.s 0.4727272727272728 997 0
iF2E.s 0.5 996 0
iFZ6.s 0.5 997 0
iF26.s 0.4864864864864865 997 0
iF2W.s 0.5 997 0
iF3G.s 0.5 997 0
iF3S.s 0.43518518518518523 996 0
iF4A.s 0.4821428571428571 996 0
iF4M.s 0.5 997 0
iF46.s 0.5 996 0
iF5E.s 0.45871559633027525 996 0
iF56.s 0.4910714285714286 997 0
iF5W.s 0.4636363636363636 995 0
iF6G.s 0.38834951456310685 994 0
iF6S.s 0.49090909090909096 996 0
iF7A.s 0.4444444444444444 997 0
iF7M.s 0.4380952380952381 996 0
iF76.s 0.47706422018348627 996 0
iGAE.s 0.4727272727272728 996 0
iGA6.s 0.4672897196261683 997 0
iGAW.s 0.49549549549549554 996 0
