iAA.s 0.28421052631578947 994 0
iJ.s 0.26595744680851063 990 0
iV.s 0.25531914893617025 992 1
iAJ.s 0.2989690721649485 992 1
iAV.s 0.3163265306122449 992 1
iBD.s 0.25531914893617025 992 0
iBP.s 0.26595744680851063 993 1
iBV.s 0.33333333333333337 994 0
iCH.s 0.30208333333333337 992 0
iCN.s 0.30208333333333337 995 0
iCZ.s 0.24731182795698925 987 1
iDJ.s 0.27368421052631575 992 1
iDV.s 0.30927835051546393 994 1
iED.s 0.2989690721649485 993 0
iEP.s 0.3163265306122449 992 0
iEV.s 0.3163265306122449 994 0
iFH.s 0.276595744680851 991 1
iFN.s 0.33333333333333337 993 0
iFZ.s 0.326530612244898 993 0
iGJ.s 0.26315789473684215 994 1
iGV.s 0.30208333333333337 989 0
iHD.s 0.33333333333333337 994 1
iHP.s 0.326530612244898 991 0
iHV.s 0.24731182795698925 993 0
iIH.s 0.30927835051546393 994 0
iIN.s 0.326530612244898 992 0
iIZ.s 0.30927835051546393 993 1
iJJ.s 0.276595744680851 994 0
iJV.s 0.3163265306122449 994 1
iKD.s 0.35 994 0
iKP.s 0.37254901960784315 993 1
iKW.s 0.35 995 0
iLI.s 0.3529411764705882 991 1
iLN.s 0.3564356435643564 995 0
iLZ.s 0.35 995 0
iMJ.s 0.35 993 1
iMV.s 0.3366336633663366 991 1
iND.s 0.35 995 0
iNP.s 0.3564356435643564 994 0
iNV.s 0.31958762886597936 995 0
iOH.s 0.33999999999999997 994 0
iON.s 0.33333333333333337 994 0
iOZ.s 0.3434343434343434 995 0
iPJ.s 0.33999999999999997 995 0
iPV.s 0.30208333333333337 995 1
iQD.s 0.36633663366336633 994 1
iQP.s 0.3434343434343434 993 0
iQV.s 0.37254901960784315 994 1
iRH.s 0.29166666666666663 994 0
iRN.s 0.3535353535353535 995 0
iRZ.s 0.36633663366336633 994 0
iSJ.s 0.2947368421052632 992 0
iSV.s 0.36633663366336633 993 1
iTD.s 0.37254901960784315 994 0
iTP.s 0.33673469387755106 992 0
iTV.s 0.36633663366336633 993 0
iUH.s 0.3786407766990292 990 1
iUN.s 0.37254901960784315 994 1
iUZ.s 0.3786407766990292 990 1
iVJ.s 0.33999999999999997 995 0
iVV.s 0.36633663366336633 995 1
iWD.s 0.36274509803921573 990 1
iWP.s 0.36274509803921573 990 1
iWV.s 0.3786407766990292 990 1
iXH.s 0.3786407766990292 992 0
iXN.s 0.3786407766990292 990 1
iXZ.s 0.36633663366336633 995 1
iYJ.s 0.36274509803921573 995 0
iYW.s 0.3786407766990292 995 0
iZD.s 0.3564356435643564 995 0
iZP.s 0.33999999999999997 995 0
i2H.s 0.3786407766990292 995 0
iZV.s 0.38235294117647056 993 1
i2N.s 0.33333333333333337 992 0
i2Z.s 0.37254901960784315 995 0
i3J.s 0.3846153846153846 994 1
i3V.s 0.33333333333333337 993 1
i4D.s 0.38834951456310685 994 1
i4P.s 0.3786407766990292 994 1
i4V.s 0.33333333333333337 994 0
i5H.s 0.33333333333333337 990 1
i5N.s 0.37254901960784315 994 0
i6A.s 0.3846153846153846 994 1
i6J.s 0.38834951456310685 994 1
i6V.s 0.3942307692307693 990 1
i7D.s 0.33999999999999997 993 1
i7P.s 0.3942307692307693 996 0
i7W.s 0.3786407766990292 991 1
iAAI.s 0.3689320388349514 990 0
iAAN.s 0.2989690721649485 994 1
iAAZ.s 0.326530612244898 995 0
iABJ.s 0.4056603773584906 994 0
iABV.s 0.33333333333333337 992 0
iACD.s 0.3689320388349514 994 1
iACP.s 0.3904761904761904 990 0
iACV.s 0.4 994 1
iADH.s 0.3846153846153846 994 1
iADN.s 0.3942307692307693 996 0
iADZ.s 0.4 994 1
iAEJ.s 0.40384615384615385 990 1
iAEV.s 0.4056603773584906 990 0
iAFD.s 0.36633663366336633 994 1
iAFP.s 0.36 995 1
iAFV.s 0.4095238095238095 994 1
iAGH.s 0.4 990 0
iAGN.s 0.38834951456310685 994 1
iAGZ.s 0.37254901960784315 996 1
iAHJ.s 0.40384615384615385 993 1
iAHV.s 0.3529411764705882 990 0
iAID.s 0.37623762376237624 994 0
iAIP.s 0.4095238095238095 991 0
iAIV.s 0.4056603773584906 990 0
iAJH.s 0.375 990 0
iAJN.s 0.4 990 1
iAJZ.s 0.38834951456310685 993 0
iAKJ.s 0.3942307692307693 996 1
iAKV.s 0.4056603773584906 990 0
iALD.s 0.3163265306122449 989 0
iALP.s 0.41509433962264153 990 0
iALV.s 0.4095238095238095 994 0
iAMH.s 0.419047619047619 990 1
iAMN.s 0.4095238095238095 994 1
iAMZ.s 0.37254901960784315 990 1
iANJ.s 0.4095238095238095 990 0
iANV.s 0.3942307692307693 990 0
iAOD.s 0.40384615384615385 993 0
iAOP.s 0.4095238095238095 992 0
iAOV.s 0.4095238095238095 991 1
iAPH.s 0.38235294117647056 990 0
iAPN.s 0.2947368421052632 987 1
iAPZ.s 0.38834951456310685 994 1
iAQJ.s 0.4095238095238095 992 0
iAQW.s 0.3846153846153846 990 1
iARE.s 0.41346153846153844 994 0
iARQ.s 0.3942307692307693 994 1
iARV.s 0.41509433962264153 990 0
iASH.s 0.41509433962264153 994 1
iASN.s 0.43518518518518523 990 0
iASZ.s 0.4299065420560748 990 0
iATL.s 0.4339622641509434 992 0
iATX.s 0.42056074766355145 995 0
iAUD.s 0.42452830188679247 994 0
iAUR.s 0.4392523364485982 990 0
iAUV.s 0.3689320388349514 992 0
iAVH.s 0.43518518518518523 994 0
iAVN.s 0.4077669902912622 989 0
iAVZ.s 0.4444444444444444 990 0
iAWJ.s 0.43518518518518523 994 0
iAWV.s 0.42452830188679247 990 0
iAXD.s 0.4299065420560748 990 0
iAXP.s 0.4392523364485982 995 0
iAXV.s 0.375 990 0
iAYH.s 0.3366336633663366 992 1
iAYN.s 0.3980582524271845 989 0
iAYZ.s 0.4392523364485982 994 0
iAZJ.s 0.43518518518518523 990 0
iAZV.s 0.4545454545454546 993 0
iA2I.s 0.4392523364485982 991 0
iAZ4.s 0.4 993 0
iA2V.s 0.41509433962264153 990 0
iA3H.s 0.43518518518518523 990 0
iA3N.s 0.4299065420560748 994 0
iA3Z.s 0.41509433962264153 990 0
iA4J.s 0.4444444444444444 990 0
iA4V.s 0.41509433962264153 992 0
iA5D.s 0.4545454545454546 990 0
iA5P.s 0.4444444444444444 990 0
iA5V.s 0.4495412844036697 990 0
iA6H.s 0.42452830188679247 994 0
iA6N.s 0.4299065420560748 990 0
iA6Z.s 0.43518518518518523 990 0
iA7J.s 0.4392523364485982 995 0
iA7V.s 0.4285714285714286 990 0
iBAD.s 0.4495412844036697 991 0
iBAP.s 0.4444444444444444 994 0
iBAV.s 0.4095238095238095 990 0
iBBH.s 0.4444444444444444 994 0
iBBN.s 0.37254901960784315 991 0
iBBZ.s 0.43518518518518523 991 0
iBCJ.s 0.41509433962264153 992 1
iBCV.s 0.45871559633027525 990 0
iBDD.s 0.45871559633027525 990 0
iBDP.s 0.45871559633027525 990 0
iBDV.s 0.30927835051546393 994 1
iBEH.s 0.32999999999999996 993 1
iBEN.s 0.37623762376237624 994 0
iBEZ.s 0.4545454545454546 993 0
iBFJ.s 0.4545454545454546 993 0
iBFV.s 0.4112149532710281 993 0
iBGD.s 0.45871559633027525 991 0
iBGP.s 0.45871559633027525 990 0
iBGV.s 0.4545454545454546 994 0
iBHH.s 0.4056603773584906 989 1
iBHN.s 0.42056074766355145 990 0
iBHZ.s 0.4444444444444444 990 0
iBIJ.s 0.4444444444444444 990 0
iBIV.s 0.45871559633027525 991 0
iBJD.s 0.41509433962264153 991 0
iBJP.s 0.45871559633027525 990 0
iBJV.s 0.4339622641509434 990 0
iBKH.s 0.4444444444444444 991 0
iBKN.s 0.45871559633027525 990 0
iBKZ.s 0.45871559633027525 991 0
iBLJ.s 0.45871559633027525 992 0
iBLV.s 0.4495412844036697 991 0
iBMD.s 0.45871559633027525 992 0
iBMP.s 0.4299065420560748 991 0
iBMV.s 0.4444444444444444 991 0
iBNH.s 0.45871559633027525 991 0
iBNN.s 0.4537037037037037 991 0
iBNZ.s 0.45871559633027525 991 0
iBOJ.s 0.45871559633027525 992 0
iBOV.s 0.45871559633027525 991 0
iBPD.s 0.45871559633027525 991 0
iBPP.s 0.4444444444444444 991 0
iBPW.s 0.45871559633027525 991 0
iBQI.s 0.44859813084112155 991 0
iBQN.s 0.4444444444444444 993 0
iBQZ.s 0.45871559633027525 991 0
iBRJ.s 0.44859813084112155 992 0
iBRW.s 0.45871559633027525 992 0
iBSD.s 0.45871559633027525 992 0
iBSP.s 0.45871559633027525 993 0
iBSV.s 0.45871559633027525 992 0
iBTH.s 0.45871559633027525 992 0
iBTO.s 0.4444444444444444 994 0
iBUB.s 0.4339622641509434 992 0
iBUJ.s 0.45871559633027525 993 0
iBUV.s 0.45871559633027525 993 0
iBVE.s 0.45871559633027525 993 0
iBVQ.s 0.4444444444444444 993 0
iBVW.s 0.4495412844036697 993 0
iBWI.s 0.45871559633027525 993 0
iBWN.s 0.4537037037037037 990 0
iBXA.s 0.45871559633027525 992 0
iBXJ.s 0.45871559633027525 994 0
iBXV.s 0.45871559633027525 994 0
iBYD.s 0.45871559633027525 994 0
iBYP.s 0.45871559633027525 995 0
iBYV.s 0.42452830188679247 990 0
iBZH.s 0.45871559633027525 995 0
iBZ5.s 0.419047619047619 994 0
iBZV.s 0.45871559633027525 994 0
iB2J.s 0.45871559633027525 995 0
iB2V.s 0.4495412844036697 995 0
iB3D.s 0.41509433962264153 992 0
iB3P.s 0.4495412844036697 992 1
iB3V.s 0.45871559633027525 995 0
iB4H.s 0.45871559633027525 995 0
iB4N.s 0.4299065420560748 996 0
iB4Z.s 0.4444444444444444 989 0
iB5J.s 0.4774774774774775 993 0
iB5V.s 0.45871559633027525 995 0
iB6D.s 0.45871559633027525 992 0
iB6P.s 0.45871559633027525 995 0
iB6V.s 0.4095238095238095 994 0
iB7H.s 0.44859813084112155 995 0
iB7N.s 0.4636363636363636 990 0
iB7Z.s 0.4678899082568807 992 0
iCAJ.s 0.42452830188679247 993 0
iCAV.s 0.46846846846846846 993 1
iCBD.s 0.419047619047619 995 0
iCBP.s 0.45871559633027525 995 0
iCBV.s 0.42056074766355145 994 1
iCCH.s 0.4537037037037037 994 0
iCCN.s 0.4495412844036697 994 0
iCCZ.s 0.4495412844036697 993 0
iCDJ.s 0.46846846846846846 993 1
iCDV.s 0.4774774774774775 993 0
iCED.s 0.46846846846846846 993 1
iCEP.s 0.45871559633027525 994 0
iCEV.s 0.41509433962264153 993 0
iCFH.s 0.4537037037037037 994 0
iCFN.s 0.4636363636363636 990 0
iCGA.s 0.46846846846846846 992 1
iCGJ.s 0.4636363636363636 996 0
iCGV.s 0.46846846846846846 993 1
iCHD.s 0.4495412844036697 994 1
iCHP.s 0.4537037037037037 993 0
iCHV.s 0.44859813084112155 995 0
iCIH.s 0.4678899082568807 995 0
iCIN.s 0.4636363636363636 994 0
iCJA.s 0.42056074766355145 994 1
iCJJ.s 0.4727272727272728 995 0
iCJV.s 0.4774774774774775 992 0
iCKD.s 0.4727272727272728 994 0
iCKP.s 0.46846846846846846 993 0
iCKV.s 0.44036697247706424 996 0
iCLH.s 0.4495412844036697 995 0
iCLN.s 0.4636363636363636 993 0
iCLZ.s 0.4727272727272728 993 0
iCMJ.s 0.4339622641509434 996 0
iCMV.s 0.4636363636363636 994 0
iCND.s 0.4774774774774775 996 0
iCNP.s 0.4636363636363636 995 0
iCNW.s 0.46846846846846846 996 0
iCOI.s 0.4774774774774775 996 0
iCON.s 0.4774774774774775 996 0
iCOZ.s 0.4774774774774775 996 0
iCPJ.s 0.46846846846846846 996 0
iCPV.s 0.45871559633027525 996 0
iCQD.s 0.45871559633027525 993 0
iCQP.s 0.45871559633027525 996 0
iCQV.s 0.4774774774774775 996 0
iCRH.s 0.419047619047619 993 0
iCRN.s 0.4678899082568807 994 0
iCRZ.s 0.4537037037037037 996 0
iCSJ.s 0.4678899082568807 996 0
iCSW.s 0.46846846846846846 996 0
iCTD.s 0.4495412844036697 996 0
iCTP.s 0.4636363636363636 996 0
iCTV.s 0.4339622641509434 996 0
iCUH.s 0.4774774774774775 996 0
iCUN.s 0.4 992 0
iCUZ.s 0.4636363636363636 994 0
iCVJ.s 0.4774774774774775 996 0
iCVV.s 0.4774774774774775 996 0
iCWD.s 0.4636363636363636 994 0
iCWP.s 0.45871559633027525 994 0
iCWV.s 0.45871559633027525 996 0
iCXH.s 0.4495412844036697 996 0
iCXN.s 0.43518518518518523 996 0
iCXZ.s 0.4864864864864865 994 0
iCYJ.s 0.4864864864864865 994 0
iCYV.s 0.42452830188679247 994 0
iCZD.s 0.4774774774774775 996 0
iCZP.s 0.4774774774774775 994 0
iC2H.s 0.4678899082568807 994 0
iCZV.s 0.4339622641509434 994 0
iC2N.s 0.3689320388349514 994 0
iC2Z.s 0.44859813084112155 996 0
iC3J.s 0.4444444444444444 994 0
iC3V.s 0.4774774774774775 996 0
iC4D.s 0.44036697247706424 994 0
iC4P.s 0.4545454545454546 996 0
iC4V.s 0.4774774774774775 996 0
iC5H.s 0.4774774774774775 996 0
iC5N.s 0.4495412844036697 996 0
iC5Z.s 0.4774774774774775 996 0
iC6J.s 0.4864864864864865 994 0
iC6V.s 0.46846846846846846 995 0
iC7D.s 0.4112149532710281 996 0
iC7P.s 0.4818181818181818 994 0
iC7V.s 0.4864864864864865 994 0
iDAH.s 0.46846846846846846 995 0
iDAN.s 0.4537037037037037 994 1
iDAZ.s 0.43518518518518523 994 0
iDBJ.s 0.3904761904761904 995 0
iDBV.s 0.4537037037037037 996 0
iDCD.s 0.4864864864864865 994 0
iDCP.s 0.4864864864864865 995 0
iDCV.s 0.49549549549549554 994 0
iDDH.s 0.4864864864864865 994 0
iDDN.s 0.4727272727272728 996 0
iDDZ.s 0.4910714285714286 994 0
iDEJ.s 0.42452830188679247 993 0
iDEV.s 0.36633663366336633 994 0
iDFD.s 0.45871559633027525 995 0
iDFP.s 0.4774774774774775 996 0
iDFV.s 0.4545454545454546 993 0
iDGH.s 0.4495412844036697 995 0
iDGN.s 0.4774774774774775 996 0
iDGZ.s 0.4910714285714286 995 0
iDHJ.s 0.46846846846846846 996 0
iDHV.s 0.4774774774774775 994 0
iDID.s 0.4774774774774775 994 0
iDIR.s 0.4774774774774775 996 0
iDIV.s 0.4629629629629629 994 0
iDJH.s 0.4095238095238095 995 0
iDJN.s 0.4910714285714286 996 0
iDJZ.s 0.4818181818181818 994 0
iDKJ.s 0.4 994 0
iDKV.s 0.4910714285714286 995 0
iDLD.s 0.4722222222222222 994 0
iDLP.s 0.4910714285714286 996 0
iDLV.s 0.4864864864864865 992 0
iDMH.s 0.4774774774774775 996 0
iDMN.s 0.4864864864864865 996 0
iDMZ.s 0.49090909090909096 995 0
iDNJ.s 0.4774774774774775 994 0
iDNV.s 0.4299065420560748 995 0
iDOD.s 0.45871559633027525 995 0
iDOP.s 0.4579439252336449 995 0
iDOV.s 0.43518518518518523 996 0
iDPH.s 0.42452830188679247 995 0
iDPN.s 0.3980582524271845 994 0
iDPZ.s 0.4774774774774775 996 0
iDQK.s 0.4537037037037037 991 0
iDQW.s 0.4727272727272728 995 0
iDRD.s 0.4528301886792453 995 0
iDRP.s 0.4285714285714286 994 0
iDRW.s 0.49090909090909096 994 0
iDSI.s 0.4774774774774775 996 0
iDSN.s 0.47706422018348627 995 0
iDSZ.s 0.4678899082568807 993 0
iDTJ.s 0.49549549549549554 994 0
iDTV.s 0.44339622641509435 995 0
iDUD.s 0.4818181818181818 994 0
iDUP.s 0.4818181818181818 994 0
iDUV.s 0.4629629629629629 995 0
iDVH.s 0.41509433962264153 993 0
iDVN.s 0.47706422018348627 994 0
iDWA.s 0.4636363636363636 996 0
iDWJ.s 0.5 994 0
iDWW.s 0.4774774774774775 996 0
iDXD.s 0.49549549549549554 992 0
iDXQ.s 0.4774774774774775 994 0
iDXV.s 0.4537037037037037 996 0
iDYH.s 0.49549549549549554 995 0
iDYO.s 0.4864864864864865 994 0
iDZA.s 0.49549549549549554 994 0
iDZJ.s 0.4722222222222222 994 0
iDZW.s 0.46226415094339623 994 0
iD2J.s 0.5 994 0
iDZ5.s 0.47706422018348627 995 0
iD2W.s 0.49090909090909096 994 0
iD3I.s 0.49090909090909096 994 0
iD3N.s 0.49549549549549554 995 0
iD3Z.s 0.49549549549549554 994 0
iD4J.s 0.49549549549549554 995 0
iD4V.s 0.4545454545454546 994 0
iD5D.s 0.49549549549549554 995 0
iD5P.s 0.47706422018348627 995 0
iD5V.s 0.4864864864864865 994 0
iD6H.s 0.5 995 0
iD6N.s 0.49549549549549554 995 0
iD6Z.s 0.47706422018348627 995 0
iD7J.s 0.49549549549549554 995 0
iD7V.s 0.4722222222222222 995 0
iEAD.s 0.4864864864864865 995 0
iEAP.s 0.45871559633027525 994 0
iEAV.s 0.4537037037037037 994 0
iEBH.s 0.4392523364485982 995 0
iEBN.s 0.5 995 0
iEBZ.s 0.5 995 0
iECJ.s 0.4537037037037037 995 0
iECW.s 0.42307692307692313 994 0
iEDD.s 0.5 996 0
iEDP.s 0.5 996 0
iEDV.s 0.4864864864864865 994 0
iEEH.s 0.4636363636363636 996 0
iEEN.s 0.4864864864864865 996 0
iEEZ.s 0.5 995 0
iEFJ.s 0.4864864864864865 996 0
iEFV.s 0.4818181818181818 995 0
iEGD.s 0.4864864864864865 995 0
iEGP.s 0.4818181818181818 994 0
iEGV.s 0.4678899082568807 995 0
iEHH.s 0.5 995 0
iEHN.s 0.4864864864864865 995 0
iEHZ.s 0.4678899082568807 995 0
iEIJ.s 0.49090909090909096 996 0
iEIV.s 0.4910714285714286 996 0
iEJD.s 0.4774774774774775 995 0
iEJP.s 0.49549549549549554 996 0
iEJW.s 0.4910714285714286 996 0
iEKI.s 0.4864864864864865 994 0
iEKN.s 0.4537037037037037 996 0
iEKZ.s 0.47706422018348627 996 0
iELJ.s 0.4727272727272728 995 0
iELV.s 0.4392523364485982 996 0
iEMD.s 0.4818181818181818 996 0
iEMP.s 0.5 996 0
iEMV.s 0.4537037037037037 995 0
iENH.s 0.49549549549549554 996 0
iENN.s 0.5 996 0
iENZ.s 0.47706422018348627 995 0
iEOJ.s 0.4818181818181818 995 0
iEOV.s 0.4864864864864865 997 0
iEPD.s 0.5 996 0
iEPP.s 0.4818181818181818 996 0
iEPV.s 0.5 996 0
iEQH.s 0.5 996 0
iEQN.s 0.4864864864864865 996 0
iEQZ.s 0.4636363636363636 995 0
iERJ.s 0.5 997 0
iERV.s 0.5 995 0
iESD.s 0.5 994 0
iESP.s 0.5 996 0
iESV.s 0.4818181818181818 996 0
iETH.s 0.4629629629629629 995 0
iETN.s 0.4910714285714286 997 0
iEUB.s 0.5 996 0
iEUJ.s 0.47706422018348627 996 0
iEUV.s 0.5 996 0
iEVE.s 0.49549549549549554 996 0
iEVQ.s 0.5 996 0
iEVW.s 0.5 997 0
iEWJ.s 0.5 996 0
iEWN.s 0.5 996 0
iEWZ.s 0.4727272727272728 995 0
iEXJ.s 0.5 997 0
iEXV.s 0.4864864864864865 996 0
iEYD.s 0.5 996 0
iEYP.s 0.49090909090909096 996 0
iEYV.s 0.5 995 0
iEZH.s 0.5 997 0
iEZ5.s 0.49549549549549554 995 0
iEZW.s 0.4864864864864865 996 0
iE2J.s 0.4864864864864865 997 0
iE2Y.s 0.4910714285714286 995 0
iE3D.s 0.5 996 0
iE3P.s 0.5 996 0
iE3W.s 0.4864864864864865 996 0
iE4I.s 0.4774774774774775 994 1
iE4N.s 0.4774774774774775 996 0
iE4Z.s 0.5 997 0
iE5J.s 0.4727272727272728 995 0
iE5V.s 0.5 996 0
iE6E.s 0.4864864864864865 997 0
iE6Q.s 0.4818181818181818 997 0
iE6V.s 0.4579439252336449 996 0
iE7H.s 0.4864864864864865 997 0
iE7N.s 0.4392523364485982 996 0
iE7Z.s 0.5 997 0
iFAJ.s 0.4727272727272728 996 0
iFAV.s 0.45871559633027525 997 0
iFBD.s 0.4678899082568807 997 0
iFBQ.s 0.4636363636363636 997 0
iFBV.s 0.4864864864864865 997 0
iFCH.s 0.4537037037037037 997 0
iFCN.s 0.44859813084112155 995 0
iFCZ.s 0.4818181818181818 996 0
iFDJ.s 0.49549549549549554 997 0
iFDV.s 0.4678899082568807 996 0
iFED.s 0.5 997 0
iFEP.s 0.4722222222222222 995 0
iFEV.s 0.5 996 0
iFFH.s 0.45871559633027525 997 0
iFFN.s 0.5 997 0
iFFZ.s 0.4818181818181818 994 0
iFGJ.s 0.4864864864864865 995 0
iFGV.s 0.47706422018348627 995 0
iFHD.s 0.4727272727272728 997 0
iFHP.s 0.4528301886792453 994 0
iFHV.s 0.45871559633027525 997 0
iFIH.s 0.5 997 0
iFIN.s 0.4299065420560748 996 0
iFIZ.s 0.4727272727272728 997 0
iFJJ.s 0.4545454545454546 995 0
iFJV.s 0.5 997 0
iFKD.s 0.3942307692307693 994 0
iFKP.s 0.41346153846153844 996 0
iFKV.s 0.5 997 0
iFLH.s 0.4727272727272728 997 0
iFLN.s 0.49549549549549554 995 0
iFLZ.s 0.49090909090909096 996 0
iFMJ.s 0.5 997 0
iFMV.s 0.4864864864864865 997 0
iFNE.s 0.4864864864864865 996 0
iFNQ.s 0.4864864864864865 997 0
iFNV.s 0.4678899082568807 995 0
iFOH.s 0.5 996 0
iFON.s 0.4727272727272728 995 0
iFOZ.s 0.5 996 0
iFPJ.s 0.5 997 0
iFPV.s 0.47706422018348627 995 0
iFQD.s 0.5 997 0
iFQP.s 0.45871559633027525 992 1
iFQV.s 0.4910714285714286 996 0
iFRH.s 0.5 997 0
iFRN.s 0.4392523364485982 997 0
iFRZ.s 0.4864864864864865 997 0
iFSJ.s 0.4299065420560748 997 0
iFSV.s 0.5 997 0
iFTD.s 0.4818181818181818 997 0
iFTP.s 0.47706422018348627 997 0
iFTV.s 0.5 995 0
iFUH.s 0.4864864864864865 996 0
iFUN.s 0.4537037037037037 996 0
iFUZ.s 0.3942307692307693 993 0
iFVJ.s 0.4818181818181818 997 0
iFVV.s 0.45871559633027525 996 0
iFWD.s 0.49090909090909096 997 0
iFWP.s 0.419047619047619 994 0
iFWW.s 0.4910714285714286 997 0
iFXI.s 0.4864864864864865 997 0
iFXN.s 0.4818181818181818 995 0
iFXZ.s 0.4579439252336449 996 0
iFYJ.s 0.4814814814814815 993 0
iFYV.s 0.4910714285714286 996 0
iFZD.s 0.4528301886792453 996 0
iFZP.s 0.4864864864864865 997 0
iF2H.s 0.5 997 0
iFZV.s 0.5 996 0
iF2N.s 0.4636363636363636 997 0
iF2Z.s 0.47706422018348627 996 0
iF3J.s 0.3980582524271845 996 0
iF3V.s 0.4910714285714286 997 0
iF4D.s 0.4678899082568807 996 0
iF4P.s 0.4727272727272728 996 0
iF4V.s 0.5 997 0
iF5H.s 0.4864864864864865 994 0
iF5N.s 0.4818181818181818 997 0
iF5Z.s 0.33673469387755106 992 0
iF6J.s 0.4864864864864865 996 0
iF6V.s 0.4537037037037037 996 0
iF7D.s 0.49549549549549554 997 0
iF7P.s 0.4910714285714286 997 0
iF7V.s 0.5 997 0
iGAH.s 0.5 997 0
iGAN.s 0.4864864864864865 996 0
iGAZ.s 0.4678899082568807 996 0
