iB.s 0.276595744680851 994 0
iN.s 0.28125 993 1
iZ.s 0.24731182795698925 994 0
iAN.s 0.303030303030303 992 1
iAZ.s 0.25806451612903225 992 1
iBH.s 0.33999999999999997 994 1
iBT.s 0.30927835051546393 991 0
iBZ.s 0.2989690721649485 994 1
iCL.s 0.30927835051546393 994 0
iCR.s 0.24731182795698925 995 0
iDD.s 0.28421052631578947 994 0
iDN.s 0.27368421052631575 993 0
iDZ.s 0.29166666666666663 992 1
iEH.s 0.26595744680851063 992 0
iET.s 0.326530612244898 993 0
iEZ.s 0.28421052631578947 992 1
iFL.s 0.30612244897959184 992 1
iFR.s 0.30927835051546393 995 0
iGD.s 0.326530612244898 994 0
iGN.s 0.28125 994 0
iGZ.s 0.35 995 0
iHH.s 0.26595744680851063 991 0
iHT.s 0.30208333333333337 992 0
iHZ.s 0.30927835051546393 994 0
iIL.s 0.326530612244898 991 0
iIR.s 0.29166666666666663 994 0
iJD.s 0.25806451612903225 991 0
iJN.s 0.28421052631578947 990 0
iJZ.s 0.28421052631578947 993 0
iKH.s 0.3434343434343434 994 0
iKT.s 0.35 995 0
iLA.s 0.3535353535353535 994 0
iLR.s 0.35 995 1
iMD.s 0.27368421052631575 995 0
iMN.s 0.35 995 0
iMZ.s 0.35 993 1
iNH.s 0.36 992 0
iNT.s 0.3564356435643564 995 0
iNZ.s 0.33999999999999997 995 0
iOL.s 0.35 994 0
iOR.s 0.3564356435643564 994 0
iPD.s 0.3163265306122449 995 0
iPN.s 0.33333333333333337 994 0
iPZ.s 0.3535353535353535 993 0
iQH.s 0.36 994 0
iQT.s 0.36633663366336633 994 0
iQZ.s 0.3786407766990292 990 1
iRL.s 0.31958762886597936 993 1
iRR.s 0.36 994 0
iSN.s 0.326530612244898 994 1
iSZ.s 0.38834951456310685 994 1
iTH.s 0.37 994 1
iTT.s 0.33999999999999997 994 0
iTZ.s 0.3786407766990292 990 1
iUL.s 0.3786407766990292 990 1
iUR.s 0.3786407766990292 990 1
iVD.s 0.35 994 1
iVN.s 0.3786407766990292 994 1
iVZ.s 0.3786407766990292 990 1
iWH.s 0.3786407766990292 990 1
iWT.s 0.38235294117647056 994 1
iWZ.s 0.36274509803921573 990 0
iXL.s 0.33333333333333337 996 0
iXR.s 0.36274509803921573 995 0
iYD.s 0.36633663366336633 991 1
iYO.s 0.3786407766990292 995 0
iZH.s 0.3689320388349514 992 1
iZT.s 0.36274509803921573 995 0
i2L.s 0.3564356435643564 995 0
i2R.s 0.37 996 1
i3D.s 0.36633663366336633 995 0
i3N.s 0.38235294117647056 995 1
i3Z.s 0.38235294117647056 994 1
i4H.s 0.3465346534653465 990 0
i4T.s 0.30927835051546393 993 1
i4Z.s 0.37254901960784315 994 1
i5L.s 0.3434343434343434 992 1
i5S.s 0.3942307692307693 990 1
i6N.s 0.3942307692307693 994 1
i6Z.s 0.3786407766990292 990 1
i7H.s 0.3942307692307693 994 1
i7T.s 0.38235294117647056 993 0
iAAA.s 0.3942307692307693 994 1
iAAR.s 0.4 994 1
iABD.s 0.30927835051546393 993 0
iABN.s 0.3942307692307693 994 1
iABZ.s 0.3163265306122449 994 1
iACH.s 0.35 993 1
iACT.s 0.40384615384615385 995 0
iACZ.s 0.3163265306122449 996 0
iADL.s 0.3564356435643564 995 0
iADR.s 0.3942307692307693 995 1
iAED.s 0.4 990 1
iAEN.s 0.38235294117647056 993 0
iAEZ.s 0.40384615384615385 993 0
iAFH.s 0.4056603773584906 990 0
iAFT.s 0.3942307692307693 994 1
iAFZ.s 0.40384615384615385 995 0
iAGL.s 0.40384615384615385 993 0
iAGR.s 0.40384615384615385 993 1
iAHD.s 0.40384615384615385 995 1
iAHN.s 0.40384615384615385 995 1
iAHZ.s 0.40384615384615385 995 0
iAIH.s 0.33333333333333337 990 0
iAIT.s 0.3163265306122449 994 1
iAIZ.s 0.3465346534653465 993 1
iAJL.s 0.3366336633663366 994 0
iAJR.s 0.3786407766990292 994 0
iAKD.s 0.4 990 1
iAKN.s 0.375 994 1
iAKZ.s 0.4056603773584906 990 0
iALH.s 0.3942307692307693 990 1
iALT.s 0.4 990 0
iALZ.s 0.41509433962264153 989 1
iAML.s 0.4095238095238095 990 0
iAMR.s 0.42452830188679247 994 0
iAND.s 0.4095238095238095 991 1
iANN.s 0.37254901960784315 992 1
iANZ.s 0.38834951456310685 990 0
iAOH.s 0.38235294117647056 994 1
iAOT.s 0.4444444444444444 994 0
iAOZ.s 0.33333333333333337 994 1
iAPL.s 0.27368421052631575 991 0
iAPR.s 0.32999999999999996 993 0
iAQD.s 0.36633663366336633 990 0
iAQN.s 0.4095238095238095 994 1
iARI.s 0.41509433962264153 989 1
iARZ.s 0.42452830188679247 990 0
iASL.s 0.41509433962264153 992 1
iASR.s 0.38834951456310685 993 1
iATD.s 0.4 990 0
iATP.s 0.4392523364485982 990 0
iAUH.s 0.4299065420560748 990 0
iAUZ.s 0.4056603773584906 994 0
iAVL.s 0.3846153846153846 991 0
iAVR.s 0.4444444444444444 990 0
iAWD.s 0.30612244897959184 993 0
iAWN.s 0.4299065420560748 990 0
iAWZ.s 0.419047619047619 990 0
iAXH.s 0.45871559633027525 990 0
iAXT.s 0.4444444444444444 989 0
iAXZ.s 0.38235294117647056 990 1
iAYL.s 0.4444444444444444 991 0
iAYR.s 0.4 990 0
iAZD.s 0.4545454545454546 990 0
iAZN.s 0.4 995 0
iA2M.s 0.4444444444444444 990 0
iA2Z.s 0.30927835051546393 993 0
iA3L.s 0.3465346534653465 994 0
iA3R.s 0.3267326732673267 993 0
iA4D.s 0.4444444444444444 990 0
iA4N.s 0.4444444444444444 990 0
iA4Z.s 0.43518518518518523 990 0
iA5H.s 0.4444444444444444 994 0
iA5T.s 0.4444444444444444 989 0
iA5Z.s 0.4095238095238095 993 0
iA6L.s 0.4444444444444444 993 0
iA6R.s 0.4444444444444444 991 0
iA7D.s 0.43518518518518523 990 0
iA7N.s 0.45871559633027525 990 0
iA7Z.s 0.4444444444444444 990 0
iBAH.s 0.42452830188679247 993 0
iBAT.s 0.42452830188679247 994 0
iBAZ.s 0.4444444444444444 994 0
iBBL.s 0.4545454545454546 993 0
iBBR.s 0.4444444444444444 994 0
iBCD.s 0.3846153846153846 991 0
iBCN.s 0.41509433962264153 990 0
iBCZ.s 0.42452830188679247 995 0
iBDH.s 0.31958762886597936 989 0
iBDT.s 0.43518518518518523 990 0
iBDZ.s 0.4056603773584906 990 1
iBEL.s 0.4444444444444444 991 0
iBER.s 0.42452830188679247 990 0
iBFD.s 0.42056074766355145 990 0
iBFN.s 0.326530612244898 995 0
iBFZ.s 0.4444444444444444 990 0
iBGH.s 0.41346153846153844 993 0
iBGT.s 0.4545454545454546 993 0
iBGZ.s 0.4545454545454546 993 0
iBHL.s 0.4495412844036697 990 0
iBHR.s 0.45871559633027525 991 0
iBID.s 0.45871559633027525 990 0
iBIN.s 0.45871559633027525 991 0
iBIZ.s 0.4444444444444444 990 0
iBJH.s 0.45871559633027525 990 0
iBJT.s 0.4339622641509434 992 0
iBJZ.s 0.42056074766355145 991 1
iBKL.s 0.45871559633027525 990 0
iBKR.s 0.4444444444444444 991 0
iBLD.s 0.45871559633027525 990 0
iBLN.s 0.4444444444444444 991 0
iBLZ.s 0.4444444444444444 991 0
iBMH.s 0.4495412844036697 993 0
iBMT.s 0.4299065420560748 992 0
iBMZ.s 0.45871559633027525 991 0
iBNL.s 0.45871559633027525 992 0
iBNR.s 0.4537037037037037 991 0
iBOD.s 0.45871559633027525 993 0
iBON.s 0.4339622641509434 992 0
iBOZ.s 0.45871559633027525 991 0
iBPH.s 0.45871559633027525 991 0
iBPT.s 0.45871559633027525 991 0
iBQA.s 0.4444444444444444 992 0
iBQR.s 0.45871559633027525 992 0
iBRD.s 0.4299065420560748 992 0
iBRN.s 0.45871559633027525 992 0
iBSH.s 0.45871559633027525 992 0
iBSZ.s 0.45871559633027525 992 0
iBTS.s 0.45871559633027525 992 0
iBUN.s 0.45871559633027525 993 0
iBUZ.s 0.45871559633027525 992 0
iBVI.s 0.4444444444444444 993 0
iBWA.s 0.45871559633027525 993 0
iBWR.s 0.45871559633027525 993 0
iBXN.s 0.45871559633027525 994 0
iBXZ.s 0.4392523364485982 995 0
iBYH.s 0.45871559633027525 994 0
iBYT.s 0.4299065420560748 994 0
iBYZ.s 0.45871559633027525 994 0
iBZL.s 0.45871559633027525 995 0
iBZN.s 0.4299065420560748 994 0
iBZZ.s 0.4444444444444444 990 0
iB2N.s 0.45871559633027525 991 0
iB2Z.s 0.4495412844036697 994 0
iB3H.s 0.4444444444444444 996 0
iB3T.s 0.45871559633027525 995 0
iB3Z.s 0.4444444444444444 996 0
iB4L.s 0.41509433962264153 992 0
iB4R.s 0.41509433962264153 994 0
iB5D.s 0.45871559633027525 996 0
iB5N.s 0.45871559633027525 993 0
iB5Z.s 0.4444444444444444 995 0
iB6H.s 0.4495412844036697 995 0
iB6T.s 0.4392523364485982 993 0
iB6Z.s 0.46846846846846846 993 1
iB7L.s 0.4636363636363636 993 0
iB7R.s 0.4444444444444444 994 0
iCAD.s 0.4636363636363636 994 0
iCAN.s 0.42056074766355145 996 0
iCAZ.s 0.4299065420560748 993 0
iCBH.s 0.4339622641509434 991 0
iCBT.s 0.43518518518518523 992 0
iCBZ.s 0.3942307692307693 993 0
iCCL.s 0.45871559633027525 995 0
iCCR.s 0.46846846846846846 993 1
iCDD.s 0.4056603773584906 992 1
iCDN.s 0.4774774774774775 995 0
iCDZ.s 0.4112149532710281 995 0
iCEH.s 0.4444444444444444 993 0
iCET.s 0.46846846846846846 993 1
iCEZ.s 0.46846846846846846 993 1
iCFL.s 0.4495412844036697 995 0
iCFS.s 0.46846846846846846 994 1
iCGN.s 0.4727272727272728 996 0
iCGZ.s 0.4444444444444444 993 1
iCHH.s 0.4727272727272728 994 0
iCHT.s 0.4299065420560748 993 0
iCHZ.s 0.4299065420560748 993 0
iCIL.s 0.4495412844036697 993 0
iCIR.s 0.4727272727272728 995 0
iCJN.s 0.4774774774774775 992 0
iCJZ.s 0.4727272727272728 993 0
iCKH.s 0.4678899082568807 995 0
iCKT.s 0.4774774774774775 993 0
iCKZ.s 0.4495412844036697 992 0
iCLL.s 0.45871559633027525 995 0
iCLR.s 0.4537037037037037 993 0
iCMD.s 0.4774774774774775 995 0
iCMN.s 0.4774774774774775 995 0
iCMZ.s 0.45871559633027525 994 0
iCNH.s 0.4774774774774775 995 0
iCNT.s 0.4774774774774775 995 0
iCOA.s 0.4636363636363636 995 0
iCOR.s 0.4774774774774775 996 0
iCPD.s 0.4774774774774775 996 0
iCPN.s 0.45871559633027525 996 0
iCPZ.s 0.4727272727272728 996 0
iCQH.s 0.46846846846846846 996 0
iCQT.s 0.4774774774774775 996 0
iCQZ.s 0.4774774774774775 996 0
iCRL.s 0.45871559633027525 996 0
iCRR.s 0.4444444444444444 996 0
iCSD.s 0.4774774774774775 996 0
iCSN.s 0.4636363636363636 995 0
iCTH.s 0.4095238095238095 996 0
iCTT.s 0.4774774774774775 996 0
iCTZ.s 0.42592592592592593 996 0
iCUL.s 0.4678899082568807 995 0
iCUR.s 0.42056074766355145 994 0
iCVD.s 0.4910714285714286 994 0
iCVN.s 0.4537037037037037 995 0
iCVZ.s 0.4727272727272728 994 0
iCWH.s 0.42452830188679247 996 0
iCWT.s 0.42452830188679247 996 0
iCWZ.s 0.42592592592592593 995 0
iCXL.s 0.42452830188679247 996 0
iCXR.s 0.4774774774774775 996 0
iCYD.s 0.4774774774774775 994 0
iCYN.s 0.46846846846846846 996 0
iCYZ.s 0.4636363636363636 996 0
iCZH.s 0.4636363636363636 994 0
iCZT.s 0.4864864864864865 994 0
iC2L.s 0.44859813084112155 994 0
iCZZ.s 0.3564356435643564 991 0
iC2R.s 0.4774774774774775 996 0
iC3D.s 0.4537037037037037 996 0
iC3N.s 0.4326923076923077 993 0
iC3Z.s 0.4774774774774775 994 0
iC4H.s 0.4774774774774775 996 0
iC4T.s 0.4636363636363636 996 0
iC4Z.s 0.4299065420560748 996 0
iC5L.s 0.4545454545454546 996 0
iC5R.s 0.4818181818181818 994 0
iC6D.s 0.4444444444444444 994 0
iC6N.s 0.4727272727272728 994 0
iC6Z.s 0.4678899082568807 994 0
iC7H.s 0.47706422018348627 993 0
iC7T.s 0.4818181818181818 994 0
iC7Z.s 0.4864864864864865 994 0
iDAL.s 0.4537037037037037 995 0
iDAR.s 0.44859813084112155 995 0
iDBD.s 0.45871559633027525 993 0
iDBN.s 0.4727272727272728 994 0
iDBZ.s 0.41509433962264153 993 1
iDCH.s 0.4864864864864865 993 0
iDCT.s 0.4864864864864865 993 0
iDCZ.s 0.4727272727272728 994 0
iDDL.s 0.4678899082568807 994 0
iDDR.s 0.4864864864864865 994 0
iDED.s 0.4727272727272728 993 0
iDEN.s 0.4910714285714286 995 0
iDEZ.s 0.4727272727272728 994 0
iDFH.s 0.4678899082568807 994 0
iDFT.s 0.38 992 0
iDFZ.s 0.4910714285714286 994 0
iDGL.s 0.4495412844036697 994 0
iDGR.s 0.45871559633027525 995 0
iDHD.s 0.47706422018348627 994 0
iDHN.s 0.4821428571428571 996 0
iDHZ.s 0.4818181818181818 994 0
iDIJ.s 0.4537037037037037 994 0
iDIZ.s 0.4910714285714286 994 0
iDJL.s 0.47706422018348627 994 0
iDJR.s 0.4636363636363636 993 0
iDKD.s 0.4910714285714286 995 0
iDKN.s 0.47706422018348627 994 0
iDLH.s 0.4910714285714286 996 0
iDLT.s 0.4285714285714286 995 0
iDLZ.s 0.4727272727272728 996 0
iDML.s 0.45871559633027525 996 0
iDMR.s 0.41346153846153844 993 0
iDND.s 0.44859813084112155 995 0
iDNN.s 0.4727272727272728 994 0
iDNZ.s 0.47706422018348627 996 0
iDOH.s 0.4910714285714286 996 0
iDOT.s 0.4727272727272728 994 0
iDOZ.s 0.46846846846846846 996 0
iDPL.s 0.43518518518518523 995 0
iDPR.s 0.4678899082568807 994 0
iDQD.s 0.42592592592592593 995 0
iDQO.s 0.4818181818181818 994 0
iDRH.s 0.44859813084112155 994 0
iDRT.s 0.4864864864864865 996 0
iDSA.s 0.47706422018348627 994 0
iDSR.s 0.4910714285714286 996 0
iDTD.s 0.4537037037037037 996 0
iDTN.s 0.4910714285714286 996 0
iDTZ.s 0.4095238095238095 992 0
iDUH.s 0.4444444444444444 996 0
iDUT.s 0.4774774774774775 996 0
iDUZ.s 0.4821428571428571 996 0
iDVL.s 0.4678899082568807 994 0
iDVS.s 0.4910714285714286 996 0
iDWN.s 0.4636363636363636 995 0
iDXH.s 0.4629629629629629 994 0
iDXZ.s 0.47706422018348627 994 0
iDYL.s 0.49549549549549554 994 0
iDYS.s 0.5 994 0
iDZO.s 0.49549549549549554 994 0
iD2N.s 0.47706422018348627 994 0
iD3A.s 0.49549549549549554 992 0
iD3R.s 0.49549549549549554 994 0
iD4D.s 0.49549549549549554 994 0
iD4N.s 0.4727272727272728 992 0
iD4Z.s 0.4818181818181818 994 0
iD5H.s 0.5 994 0
iD5T.s 0.49090909090909096 994 0
iD5Z.s 0.4864864864864865 994 0
iD6L.s 0.47706422018348627 995 0
iD6R.s 0.4727272727272728 994 0
iD7D.s 0.5 996 0
iD7N.s 0.4629629629629629 994 0
iD7Z.s 0.5 992 0
iEAH.s 0.4056603773584906 994 0
iEAT.s 0.49549549549549554 994 0
iEAZ.s 0.4864864864864865 996 0
iEBL.s 0.4636363636363636 995 0
iEBR.s 0.4818181818181818 996 0
iECD.s 0.4864864864864865 996 0
iECN.s 0.49549549549549554 994 0
iEDH.s 0.5 996 0
iEDT.s 0.4864864864864865 996 0
iEDZ.s 0.4818181818181818 997 0
iEEL.s 0.49549549549549554 995 0
iEER.s 0.4864864864864865 994 0
iEFN.s 0.5 997 0
iEFZ.s 0.5 994 0
iEGH.s 0.4864864864864865 995 0
iEGT.s 0.4910714285714286 994 0
iEGZ.s 0.4727272727272728 996 0
iEHL.s 0.44859813084112155 994 0
iEHR.s 0.38834951456310685 996 0
iEID.s 0.419047619047619 996 0
iEIN.s 0.4864864864864865 995 0
iEJH.s 0.4722222222222222 995 0
iEJT.s 0.5 995 0
iEKA.s 0.4818181818181818 996 0
iEKR.s 0.5 996 0
iELD.s 0.4910714285714286 996 0
iELN.s 0.4727272727272728 996 0
iELZ.s 0.4629629629629629 995 0
iEMH.s 0.4864864864864865 996 0
iEMT.s 0.5 995 0
iEMZ.s 0.5 996 0
iENL.s 0.4864864864864865 995 0
iENR.s 0.4774774774774775 996 0
iEOD.s 0.5 996 0
iEON.s 0.49549549549549554 995 0
iEOZ.s 0.5 996 0
iEPH.s 0.5 996 0
iEPT.s 0.4864864864864865 996 0
iEPZ.s 0.49549549549549554 996 0
iEQL.s 0.4818181818181818 996 0
iEQR.s 0.5 996 0
iERD.s 0.5 996 0
iERN.s 0.5 996 0
iERZ.s 0.5 996 0
iESH.s 0.49549549549549554 995 0
iEST.s 0.4818181818181818 996 0
iESZ.s 0.4818181818181818 994 0
iETR.s 0.49090909090909096 993 0
iEUN.s 0.4864864864864865 995 0
iEVI.s 0.4864864864864865 996 0
iEWA.s 0.5 996 0
iEWR.s 0.5 997 0
iEXD.s 0.5 997 0
iEXN.s 0.5 996 0
iEXZ.s 0.5 996 0
iEYH.s 0.5 996 0
iEYT.s 0.4864864864864865 997 0
iEYZ.s 0.49549549549549554 994 0
iEZL.s 0.5 996 0
iEZO.s 0.49090909090909096 996 0
iE2P.s 0.5 996 0
iE3H.s 0.44339622641509435 997 0
iE3T.s 0.5 997 0
iE4A.s 0.49549549549549554 997 0
iE4R.s 0.4537037037037037 996 0
iE5D.s 0.4727272727272728 996 0
iE5N.s 0.4537037037037037 996 0
iE5Z.s 0.49549549549549554 994 0
iE6I.s 0.47706422018348627 997 0
iE6Z.s 0.49090909090909096 997 0
iE7L.s 0.4864864864864865 997 0
iE7R.s 0.4299065420560748 993 0
iFAD.s 0.46846846846846846 996 0
iFAN.s 0.4864864864864865 996 0
iFAZ.s 0.4727272727272728 996 0
iFBH.s 0.5 997 0
iFBZ.s 0.4545454545454546 996 0
iFCL.s 0.42307692307692313 995 0
iFCR.s 0.47706422018348627 996 0
iFDD.s 0.38834951456310685 995 1
iFDN.s 0.41509433962264153 996 0
iFDZ.s 0.4299065420560748 996 0
iFEH.s 0.45871559633027525 997 0
iFET.s 0.49549549549549554 997 0
iFEZ.s 0.5 997 0
iFFL.s 0.4678899082568807 995 0
iFFR.s 0.49549549549549554 997 0
iFGD.s 0.5 997 0
iFGN.s 0.4818181818181818 997 0
iFGZ.s 0.4864864864864865 997 0
iFHH.s 0.5 997 0
iFHZ.s 0.4818181818181818 997 0
iFIL.s 0.4818181818181818 997 0
iFIR.s 0.4579439252336449 997 0
iFJD.s 0.5 997 0
iFJN.s 0.4818181818181818 996 0
iFJZ.s 0.5 997 0
iFKH.s 0.4864864864864865 996 0
iFKT.s 0.47706422018348627 997 0
iFKZ.s 0.49090909090909096 997 0
iFLL.s 0.4864864864864865 996 0
iFLR.s 0.5 996 0
iFMD.s 0.4077669902912622 996 0
iFMN.s 0.47706422018348627 996 0
iFMZ.s 0.5 997 0
iFNI.s 0.5 995 0
iFNZ.s 0.5 997 0
iFOL.s 0.5 997 0
iFOR.s 0.4678899082568807 997 0
iFPD.s 0.4818181818181818 996 0
iFPN.s 0.4727272727272728 996 0
iFPZ.s 0.4774774774774775 997 0
iFQH.s 0.4818181818181818 995 0
iFQT.s 0.49090909090909096 997 0
iFQZ.s 0.46846846846846846 996 0
iFRL.s 0.4910714285714286 997 0
iFRR.s 0.42452830188679247 996 0
iFSD.s 0.41509433962264153 996 0
iFSN.s 0.4727272727272728 996 0
iFSZ.s 0.47706422018348627 997 0
iFTH.s 0.32999999999999996 992 0
iFTT.s 0.5 997 0
iFTZ.s 0.5 997 0
iFUL.s 0.5 994 0
iFUR.s 0.4444444444444444 997 0
iFVD.s 0.5 997 0
iFVN.s 0.4864864864864865 997 0
iFVZ.s 0.5 997 0
iFWH.s 0.4910714285714286 996 0
iFWT.s 0.49549549549549554 997 0
iFXA.s 0.4818181818181818 995 0
iFXR.s 0.5 996 0
iFYD.s 0.49549549549549554 997 0
iFYN.s 0.5 997 0
iFYZ.s 0.5 995 0
iFZH.s 0.5 996 0
iFZT.s 0.49549549549549554 997 0
iF2L.s 0.4910714285714286 997 0
iFZZ.s 0.4910714285714286 996 0
iF2R.s 0.49549549549549554 996 0
iF3D.s 0.4864864864864865 997 0
iF3N.s 0.5 997 0
iF3Z.s 0.4864864864864865 996 0
iF4H.s 0.4537037037037037 996 0
iF4T.s 0.49090909090909096 997 0
iF4Z.s 0.4678899082568807 996 0
iF5L.s 0.42452830188679247 996 0
iF5R.s 0.4678899082568807 996 0
iF6D.s 0.4636363636363636 997 0
iF6N.s 0.5 997 0
iF6Z.s 0.4864864864864865 992 0
iF7H.s 0.3942307692307693 992 0
iF7T.s 0.42452830188679247 996 0
iF7Z.s 0.49549549549549554 997 0
iGAL.s 0.42452830188679247 996 0
iGAR.s 0.4864864864864865 996 0
iGBD.s 0.4864864864864865 996 0
