iAB.s 0.26595744680851063 992 1
iK.s 0.33333333333333337 992 1
iW.s 0.27368421052631575 993 1
iAK.s 0.24731182795698925 992 0
iAW.s 0.30927835051546393 995 0
iBE.s 0.26595744680851063 987 1
iBQ.s 0.29166666666666663 987 1
iBW.s 0.30927835051546393 991 0
iCI.s 0.326530612244898 994 0
iCO.s 0.3232323232323232 991 0
iDA.s 0.33333333333333337 992 1
iDK.s 0.27368421052631575 991 0
iDW.s 0.29166666666666663 993 0
iEE.s 0.30927835051546393 993 0
iEQ.s 0.29166666666666663 994 0
iEW.s 0.3366336633663366 991 1
iFI.s 0.33333333333333337 991 1
iFO.s 0.3232323232323232 994 0
iGA.s 0.2947368421052632 992 0
iGK.s 0.30927835051546393 994 0
iGW.s 0.33333333333333337 994 0
iHE.s 0.3465346534653465 995 1
iHQ.s 0.28421052631578947 995 1
iHW.s 0.35 994 0
iII.s 0.3163265306122449 993 1
iIO.s 0.33333333333333337 994 1
iJA.s 0.27368421052631575 993 1
iJK.s 0.33999999999999997 993 0
iJW.s 0.276595744680851 994 1
iKE.s 0.30927835051546393 992 0
iKQ.s 0.35 993 0
iKX.s 0.35 993 0
iLJ.s 0.3564356435643564 995 0
iLO.s 0.33333333333333337 995 0
iMA.s 0.35 995 0
iMK.s 0.30208333333333337 990 0
iMW.s 0.3434343434343434 994 0
iNE.s 0.3529411764705882 995 1
iNQ.s 0.35 995 0
iNW.s 0.35 995 0
iOI.s 0.36 990 0
iOO.s 0.3535353535353535 992 1
iPA.s 0.33999999999999997 993 1
iPK.s 0.36633663366336633 994 1
iPW.s 0.30208333333333337 992 0
iQE.s 0.3434343434343434 992 0
iQQ.s 0.35 993 1
iQW.s 0.37254901960784315 993 0
iRI.s 0.36 994 1
iRO.s 0.33999999999999997 994 1
iSA.s 0.37623762376237624 992 1
iSK.s 0.326530612244898 994 1
iSW.s 0.36633663366336633 994 0
iTE.s 0.24731182795698925 994 1
iTQ.s 0.2989690721649485 994 0
iTW.s 0.37254901960784315 994 0
iUI.s 0.36633663366336633 993 1
iUO.s 0.3786407766990292 990 1
iVA.s 0.37254901960784315 994 0
iVK.s 0.3786407766990292 990 1
iVW.s 0.37254901960784315 994 1
iWE.s 0.33999999999999997 995 0
iWQ.s 0.3786407766990292 991 1
iWW.s 0.3786407766990292 990 1
iXI.s 0.3786407766990292 989 1
iXO.s 0.38235294117647056 991 1
iYA.s 0.3786407766990292 991 1
iYK.s 0.37254901960784315 995 0
iYX.s 0.35 995 0
iZE.s 0.3786407766990292 995 0
iZQ.s 0.3942307692307693 990 1
i2I.s 0.3564356435643564 994 1
iZW.s 0.36633663366336633 994 0
i2O.s 0.3786407766990292 995 0
i3A.s 0.3942307692307693 994 1
i3K.s 0.3942307692307693 994 1
i3W.s 0.3942307692307693 990 1
i4E.s 0.36274509803921573 994 1
i4Q.s 0.3564356435643564 993 0
i4W.s 0.3942307692307693 994 1
i5I.s 0.38834951456310685 994 1
i5P.s 0.37254901960784315 994 1
i6B.s 0.3942307692307693 990 1
i6K.s 0.3942307692307693 994 1
i6W.s 0.40384615384615385 993 1
i7E.s 0.3564356435643564 995 0
i7Q.s 0.38834951456310685 994 1
i7X.s 0.38834951456310685 994 0
iAAJ.s 0.3786407766990292 993 0
iAAO.s 0.3846153846153846 993 1
iABA.s 0.37254901960784315 994 0
iABK.s 0.32999999999999996 994 1
iABW.s 0.3786407766990292 994 1
iACE.s 0.35 996 1
iACQ.s 0.30927835051546393 993 1
iACW.s 0.4 994 1
iADI.s 0.38834951456310685 993 0
iADO.s 0.3980582524271845 993 1
iAEA.s 0.40384615384615385 993 1
iAEK.s 0.4 994 1
iAEW.s 0.3846153846153846 994 1
iAFE.s 0.38834951456310685 990 1
iAFQ.s 0.38834951456310685 994 1
iAFW.s 0.27368421052631575 995 1
iAGI.s 0.4095238095238095 990 1
iAGO.s 0.35 993 1
iAHA.s 0.3942307692307693 989 1
iAHK.s 0.3465346534653465 990 0
iAHW.s 0.4056603773584906 990 0
iAIE.s 0.4 990 0
iAIQ.s 0.3942307692307693 987 1
iAIW.s 0.3846153846153846 987 0
iAJI.s 0.36633663366336633 993 1
iAJO.s 0.32999999999999996 990 0
iAKA.s 0.36633663366336633 995 1
iAKK.s 0.41509433962264153 993 0
iAKW.s 0.4095238095238095 994 1
iALE.s 0.4 993 0
iALQ.s 0.38834951456310685 990 0
iALW.s 0.38834951456310685 990 1
iAMI.s 0.3846153846153846 990 0
iAMO.s 0.3786407766990292 991 1
iANA.s 0.35 995 0
iANK.s 0.4095238095238095 990 1
iANW.s 0.37254901960784315 993 1
iAOE.s 0.3942307692307693 993 1
iAOQ.s 0.36633663366336633 991 1
iAOW.s 0.4095238095238095 991 1
iAPI.s 0.4095238095238095 988 1
iAPO.s 0.3564356435643564 992 0
iAQA.s 0.4 993 0
iAQK.s 0.3786407766990292 991 0
iAQX.s 0.42452830188679247 994 0
iARF.s 0.41509433962264153 994 0
iARR.s 0.38834951456310685 994 1
iARW.s 0.4444444444444444 990 0
iASI.s 0.43518518518518523 994 0
iASO.s 0.41509433962264153 992 1
iATA.s 0.43518518518518523 994 0
iATM.s 0.43518518518518523 994 0
iATY.s 0.4095238095238095 990 0
iAUE.s 0.42452830188679247 990 0
iAUS.s 0.4095238095238095 990 0
iAUW.s 0.3942307692307693 990 0
iAVI.s 0.3942307692307693 993 0
iAVO.s 0.42452830188679247 990 0
iAWA.s 0.41509433962264153 993 0
iAWK.s 0.40384615384615385 990 0
iAWW.s 0.42452830188679247 990 0
iAXE.s 0.3786407766990292 992 1
iAXQ.s 0.4299065420560748 994 0
iAXW.s 0.4392523364485982 990 0
iAYI.s 0.4392523364485982 991 0
iAYO.s 0.4299065420560748 991 0
iAZA.s 0.41509433962264153 990 0
iAZK.s 0.42056074766355145 990 0
iAZW.s 0.38834951456310685 992 0
iA2J.s 0.4444444444444444 994 0
iAZ5.s 0.40384615384615385 992 0
iA2W.s 0.38834951456310685 992 0
iA3I.s 0.419047619047619 994 0
iA3O.s 0.36633663366336633 990 0
iA4A.s 0.41509433962264153 990 0
iA4K.s 0.42056074766355145 994 0
iA4W.s 0.4444444444444444 990 0
iA5E.s 0.45871559633027525 990 0
iA5Q.s 0.43518518518518523 990 0
iA5W.s 0.4339622641509434 990 0
iA6I.s 0.45871559633027525 990 0
iA6O.s 0.4444444444444444 994 0
iA7A.s 0.44036697247706424 994 0
iA7K.s 0.42452830188679247 994 0
iA7W.s 0.4545454545454546 993 0
iBAE.s 0.3786407766990292 992 0
iBAQ.s 0.4095238095238095 993 0
iBAW.s 0.4545454545454546 993 0
iBBI.s 0.3942307692307693 992 0
iBBO.s 0.4299065420560748 994 0
iBCA.s 0.4339622641509434 993 0
iBCK.s 0.4444444444444444 990 0
iBCW.s 0.4545454545454546 990 0
iBDE.s 0.4444444444444444 990 0
iBDQ.s 0.42056074766355145 990 0
iBDW.s 0.4056603773584906 990 0
iBEI.s 0.4299065420560748 990 0
iBEO.s 0.44036697247706424 993 1
iBFA.s 0.419047619047619 990 0
iBFK.s 0.4444444444444444 994 0
iBFW.s 0.4545454545454546 993 1
iBGE.s 0.4537037037037037 990 0
iBGQ.s 0.4545454545454546 993 0
iBGW.s 0.43518518518518523 991 0
iBHI.s 0.42056074766355145 993 0
iBHO.s 0.4545454545454546 994 0
iBIA.s 0.419047619047619 991 0
iBIK.s 0.4444444444444444 990 0
iBIW.s 0.4444444444444444 990 0
iBJE.s 0.3846153846153846 993 0
iBJQ.s 0.4095238095238095 992 0
iBJW.s 0.42452830188679247 991 0
iBKI.s 0.43518518518518523 990 0
iBKO.s 0.45871559633027525 991 0
iBLA.s 0.45871559633027525 990 0
iBLK.s 0.4444444444444444 991 0
iBLW.s 0.4 990 0
iBME.s 0.4495412844036697 991 0
iBMQ.s 0.45871559633027525 991 0
iBMW.s 0.4537037037037037 991 0
iBNI.s 0.4537037037037037 991 0
iBNO.s 0.45871559633027525 992 0
iBOA.s 0.4299065420560748 991 0
iBOK.s 0.4537037037037037 993 0
iBOW.s 0.45871559633027525 992 0
iBPE.s 0.4392523364485982 992 0
iBPQ.s 0.4392523364485982 991 0
iBPX.s 0.45871559633027525 992 0
iBQJ.s 0.4285714285714286 991 0
iBQO.s 0.45871559633027525 992 0
iBRA.s 0.45871559633027525 992 0
iBRK.s 0.45871559633027525 992 0
iBRX.s 0.45871559633027525 994 0
iBSE.s 0.4444444444444444 990 0
iBSR.s 0.45871559633027525 992 0
iBSW.s 0.4392523364485982 993 0
iBTI.s 0.4537037037037037 993 0
iBTP.s 0.45871559633027525 992 0
iBUC.s 0.4444444444444444 992 0
iBUK.s 0.41509433962264153 992 0
iBUW.s 0.45871559633027525 991 0
iBVF.s 0.4299065420560748 992 0
iBVS.s 0.4444444444444444 993 0
iBVX.s 0.45871559633027525 995 0
iBWJ.s 0.45871559633027525 993 0
iBWO.s 0.45871559633027525 993 0
iBXB.s 0.45871559633027525 995 0
iBXK.s 0.4444444444444444 995 0
iBXW.s 0.4299065420560748 993 0
iBYE.s 0.43518518518518523 992 0
iBYQ.s 0.45871559633027525 994 0
iBYW.s 0.44339622641509435 990 0
iBZI.s 0.45871559633027525 994 0
iBZ6.s 0.4 993 0
iBZW.s 0.4537037037037037 994 0
iB2K.s 0.45871559633027525 995 0
iB2W.s 0.45871559633027525 994 0
iB3E.s 0.45871559633027525 995 0
iB3Q.s 0.45871559633027525 995 0
iB3W.s 0.4392523364485982 995 0
iB4I.s 0.46846846846846846 993 1
iB4O.s 0.4444444444444444 995 0
iB5A.s 0.37623762376237624 995 0
iB5K.s 0.45871559633027525 995 0
iB5W.s 0.4636363636363636 990 0
iB6E.s 0.4444444444444444 995 0
iB6Q.s 0.4636363636363636 996 0
iB6W.s 0.40384615384615385 994 0
iB7I.s 0.45871559633027525 991 0
iB7O.s 0.41509433962264153 995 0
iCAA.s 0.44859813084112155 992 0
iCAK.s 0.42452830188679247 995 0
iCAW.s 0.44036697247706424 993 0
iCBE.s 0.41509433962264153 992 0
iCBQ.s 0.45871559633027525 995 0
iCBW.s 0.4774774774774775 993 0
iCCI.s 0.42056074766355145 995 0
iCCO.s 0.4299065420560748 994 1
iCDA.s 0.4495412844036697 993 0
iCDK.s 0.4095238095238095 994 0
iCDW.s 0.43518518518518523 992 0
iCEE.s 0.4636363636363636 995 0
iCEQ.s 0.4495412844036697 996 0
iCEW.s 0.4678899082568807 993 0
iCFI.s 0.4636363636363636 993 1
iCFO.s 0.4495412844036697 990 0
iCGB.s 0.4537037037037037 993 0
iCGK.s 0.4727272727272728 993 0
iCGW.s 0.4678899082568807 995 0
iCHE.s 0.4774774774774775 993 0
iCHQ.s 0.4678899082568807 994 0
iCHW.s 0.44339622641509435 993 0
iCII.s 0.4444444444444444 992 1
iCIO.s 0.4636363636363636 993 0
iCJB.s 0.4495412844036697 993 0
iCJK.s 0.4727272727272728 993 0
iCJW.s 0.4299065420560748 996 0
iCKE.s 0.4774774774774775 993 0
iCKQ.s 0.4727272727272728 995 0
iCKW.s 0.4727272727272728 995 0
iCLI.s 0.4727272727272728 995 0
iCLO.s 0.4495412844036697 992 0
iCMA.s 0.4495412844036697 992 0
iCMK.s 0.4774774774774775 994 0
iCMW.s 0.4774774774774775 995 0
iCNE.s 0.4636363636363636 993 0
iCNQ.s 0.4774774774774775 995 0
iCNX.s 0.4774774774774775 996 0
iCOJ.s 0.4774774774774775 995 0
iCOO.s 0.4774774774774775 995 0
iCPA.s 0.4774774774774775 996 0
iCPK.s 0.4495412844036697 996 0
iCPW.s 0.4636363636363636 996 0
iCQE.s 0.4774774774774775 996 0
iCQQ.s 0.46846846846846846 996 0
iCQW.s 0.4774774774774775 996 0
iCRI.s 0.4444444444444444 994 0
iCRO.s 0.46846846846846846 996 0
iCSA.s 0.4774774774774775 996 0
iCSK.s 0.4774774774774775 996 0
iCSX.s 0.4636363636363636 996 0
iCTE.s 0.45871559633027525 996 0
iCTQ.s 0.4774774774774775 996 0
iCTW.s 0.4774774774774775 996 0
iCUI.s 0.4774774774774775 996 0
iCUO.s 0.45871559633027525 996 0
iCVA.s 0.4636363636363636 996 0
iCVK.s 0.3564356435643564 996 0
iCVW.s 0.4636363636363636 996 0
iCWE.s 0.4444444444444444 996 0
iCWQ.s 0.4774774774774775 995 0
iCWW.s 0.4444444444444444 996 0
iCXI.s 0.4339622641509434 990 0
iCXO.s 0.4537037037037037 993 0
iCYA.s 0.4444444444444444 995 0
iCYK.s 0.4636363636363636 996 0
iCYW.s 0.4774774774774775 994 0
iCZE.s 0.4636363636363636 996 0
iCZQ.s 0.4774774774774775 996 0
iC2I.s 0.4444444444444444 994 0
iCZW.s 0.44036697247706424 994 0
iC2O.s 0.4774774774774775 996 0
iC3A.s 0.4495412844036697 994 0
iC3K.s 0.3904761904761904 995 1
iC3W.s 0.4774774774774775 996 0
iC4E.s 0.4774774774774775 996 0
iC4Q.s 0.4495412844036697 996 0
iC4W.s 0.4864864864864865 994 0
iC5I.s 0.4774774774774775 996 0
iC5O.s 0.4727272727272728 994 0
iC6A.s 0.4774774774774775 996 0
iC6K.s 0.4774774774774775 996 0
iC6W.s 0.4636363636363636 995 0
iC7E.s 0.4678899082568807 995 0
iC7Q.s 0.4678899082568807 994 0
iC7W.s 0.4864864864864865 994 0
iDAI.s 0.4537037037037037 994 0
iDAO.s 0.4864864864864865 994 0
iDBA.s 0.4910714285714286 994 0
iDBK.s 0.42452830188679247 993 0
iDBW.s 0.4077669902912622 994 0
iDCE.s 0.4864864864864865 994 0
iDCQ.s 0.4910714285714286 994 0
iDCW.s 0.4910714285714286 994 0
iDDI.s 0.45871559633027525 995 0
iDDO.s 0.3846153846153846 993 0
iDEA.s 0.4444444444444444 994 0
iDEK.s 0.4864864864864865 994 0
iDEW.s 0.4444444444444444 996 0
iDFE.s 0.4774774774774775 994 0
iDFQ.s 0.36633663366336633 992 0
iDFW.s 0.4678899082568807 995 0
iDGI.s 0.4910714285714286 995 0
iDGO.s 0.4910714285714286 996 0
iDHA.s 0.4910714285714286 994 0
iDHK.s 0.4862385321100917 994 0
iDHW.s 0.45871559633027525 990 0
iDIG.s 0.3980582524271845 990 0
iDIS.s 0.46846846846846846 996 0
iDIW.s 0.4910714285714286 995 0
iDJI.s 0.4727272727272728 994 0
iDJO.s 0.4727272727272728 995 0
iDKA.s 0.4910714285714286 995 0
iDKK.s 0.4774774774774775 996 0
iDKW.s 0.4636363636363636 995 0
iDLE.s 0.41509433962264153 992 0
iDLQ.s 0.4910714285714286 996 0
iDLW.s 0.4910714285714286 996 0
iDMI.s 0.43518518518518523 996 0
iDMO.s 0.44859813084112155 996 0
iDNA.s 0.45871559633027525 996 0
iDNK.s 0.4818181818181818 994 0
iDNW.s 0.43518518518518523 994 0
iDOE.s 0.46846846846846846 994 0
iDOQ.s 0.4727272727272728 996 0
iDOW.s 0.4821428571428571 996 0
iDPI.s 0.3980582524271845 995 0
iDPO.s 0.45871559633027525 995 0
iDQA.s 0.4444444444444444 996 0
iDQL.s 0.41346153846153844 994 0
iDQX.s 0.4444444444444444 993 0
iDRE.s 0.45871559633027525 996 0
iDRQ.s 0.44859813084112155 992 0
iDRX.s 0.4910714285714286 996 0
iDSJ.s 0.4727272727272728 996 0
iDSO.s 0.4537037037037037 994 0
iDTA.s 0.4864864864864865 994 0
iDTK.s 0.4537037037037037 996 0
iDTW.s 0.49549549549549554 994 0
iDUE.s 0.4678899082568807 995 0
iDUQ.s 0.4722222222222222 994 0
iDUW.s 0.4910714285714286 996 0
iDVI.s 0.45871559633027525 994 0
iDVO.s 0.4910714285714286 996 0
iDWB.s 0.4910714285714286 996 0
iDWK.s 0.49549549549549554 994 0
iDWX.s 0.4727272727272728 996 0
iDXE.s 0.4678899082568807 996 0
iDXR.s 0.5 994 0
iDXW.s 0.4910714285714286 996 0
iDYI.s 0.49549549549549554 994 0
iDYP.s 0.4818181818181818 994 0
iDZB.s 0.49549549549549554 995 0
iDZK.s 0.49549549549549554 994 0
iDZX.s 0.4818181818181818 994 0
iD2K.s 0.49549549549549554 994 0
iDZ6.s 0.49090909090909096 994 0
iD2X.s 0.49090909090909096 995 0
iD3J.s 0.4864864864864865 994 0
iD3O.s 0.4818181818181818 994 0
iD4A.s 0.47706422018348627 995 0
iD4K.s 0.4910714285714286 994 0
iD4W.s 0.49549549549549554 995 0
iD5E.s 0.49549549549549554 995 0
iD5Q.s 0.4818181818181818 995 0
iD5W.s 0.4862385321100917 994 0
iD6I.s 0.4722222222222222 995 0
iD6O.s 0.4339622641509434 992 0
iD7A.s 0.47706422018348627 995 0
iD7K.s 0.49090909090909096 994 0
iD7W.s 0.4864864864864865 995 0
iEAE.s 0.4545454545454546 994 0
iEAQ.s 0.5 992 0
iEAW.s 0.4910714285714286 995 0
iEBI.s 0.4678899082568807 994 0
iEBO.s 0.5 992 0
iECA.s 0.42452830188679247 996 0
iECK.s 0.4774774774774775 993 0
iECX.s 0.42452830188679247 994 1
iEDE.s 0.4444444444444444 993 0
iEDQ.s 0.4629629629629629 994 0
iEDW.s 0.4864864864864865 993 0
iEEI.s 0.4727272727272728 996 0
iEEO.s 0.4285714285714286 993 0
iEFA.s 0.44339622641509435 994 0
iEFK.s 0.5 995 0
iEFW.s 0.4818181818181818 996 0
iEGE.s 0.4818181818181818 996 0
iEGQ.s 0.4864864864864865 996 0
iEGW.s 0.5 994 0
iEHI.s 0.4774774774774775 995 0
iEHO.s 0.36 991 0
iEIA.s 0.4636363636363636 994 0
iEIK.s 0.4864864864864865 997 0
iEIW.s 0.4910714285714286 995 0
iEJE.s 0.4864864864864865 995 0
iEJQ.s 0.4818181818181818 996 0
iEJX.s 0.5 995 0
iEKJ.s 0.4818181818181818 995 0
iEKO.s 0.49090909090909096 997 0
iELA.s 0.44859813084112155 996 0
iELK.s 0.5 995 0
iELW.s 0.5 994 0
iEME.s 0.5 997 0
iEMQ.s 0.4678899082568807 996 0
iEMW.s 0.4818181818181818 996 0
iENI.s 0.5 995 0
iENO.s 0.5 996 0
iEOA.s 0.4818181818181818 995 0
iEOK.s 0.4818181818181818 996 0
iEOW.s 0.5 996 0
iEPE.s 0.5 996 0
iEPQ.s 0.4864864864864865 996 0
iEPW.s 0.4818181818181818 997 0
iEQI.s 0.4537037037037037 995 0
iEQO.s 0.4678899082568807 995 0
iERA.s 0.4862385321100917 994 0
iERK.s 0.5 996 0
iERW.s 0.4727272727272728 996 0
iESE.s 0.5 997 0
iESQ.s 0.4864864864864865 996 0
iESW.s 0.5 996 0
iETI.s 0.4528301886792453 993 0
iETO.s 0.49549549549549554 996 0
iEUC.s 0.5 996 0
iEUK.s 0.4678899082568807 995 0
iEUX.s 0.4774774774774775 996 0
iEVF.s 0.49090909090909096 996 0
iEVR.s 0.5 994 0
iEVX.s 0.5 997 0
iEWK.s 0.5 997 0
iEWO.s 0.5 996 0
iEXA.s 0.4727272727272728 996 0
iEXK.s 0.49549549549549554 995 0
iEXW.s 0.5 997 0
iEYE.s 0.4910714285714286 996 0
iEYQ.s 0.49090909090909096 996 0
iEYW.s 0.5 997 0
iEZI.s 0.5 997 0
iEZ7.s 0.5 997 0
iEZX.s 0.4864864864864865 997 0
iE2K.s 0.5 997 0
iE2Z.s 0.4910714285714286 997 0
iE3E.s 0.5 997 0
iE3Q.s 0.5 995 0
iE3X.s 0.4864864864864865 995 0
iE4J.s 0.4678899082568807 997 0
iE4O.s 0.4910714285714286 997 0
iE5A.s 0.4774774774774775 995 0
iE5K.s 0.5 997 0
iE5W.s 0.5 997 0
iE6F.s 0.5 997 0
iE6R.s 0.4727272727272728 994 0
iE6W.s 0.4864864864864865 996 0
iE7I.s 0.4864864864864865 996 0
iE7O.s 0.4864864864864865 997 0
iFAA.s 0.5 996 0
iFAK.s 0.4727272727272728 997 0
iFAW.s 0.4339622641509434 994 0
iFBE.s 0.4818181818181818 997 0
iFBR.s 0.45871559633027525 995 0
iFBW.s 0.4285714285714286 995 0
iFCI.s 0.4910714285714286 997 0
iFCO.s 0.4636363636363636 996 0
iFDA.s 0.41509433962264153 995 0
iFDK.s 0.4910714285714286 996 0
iFDW.s 0.5 997 0
iFEE.s 0.4537037037037037 996 0
iFEQ.s 0.5 997 0
iFEW.s 0.5 997 0
iFFI.s 0.5 996 0
iFFO.s 0.4636363636363636 994 0
iFGA.s 0.5 997 0
iFGK.s 0.5 996 0
iFGW.s 0.4910714285714286 997 0
iFHE.s 0.4864864864864865 996 0
iFHQ.s 0.4864864864864865 997 0
iFHW.s 0.4727272727272728 996 0
iFII.s 0.36633663366336633 996 0
iFIO.s 0.47706422018348627 996 0
iFJA.s 0.5 997 0
iFJK.s 0.4 995 0
iFJW.s 0.4910714285714286 997 0
iFKE.s 0.4818181818181818 996 0
iFKQ.s 0.5 997 0
iFKW.s 0.4629629629629629 996 0
iFLI.s 0.4864864864864865 996 0
iFLO.s 0.419047619047619 995 0
iFMA.s 0.4774774774774775 995 0
iFMK.s 0.5 997 0
iFMW.s 0.5 997 0
iFNF.s 0.4678899082568807 995 0
iFNR.s 0.5 994 0
iFNW.s 0.4864864864864865 994 0
iFOI.s 0.4636363636363636 996 0
iFOO.s 0.4629629629629629 996 0
iFPA.s 0.4864864864864865 996 0
iFPK.s 0.4339622641509434 995 0
iFPW.s 0.5 997 0
iFQE.s 0.4629629629629629 997 0
iFQQ.s 0.4339622641509434 995 0
iFQW.s 0.4636363636363636 997 0
iFRI.s 0.5 997 0
iFRO.s 0.47706422018348627 995 0
iFSA.s 0.4864864864864865 997 0
iFSK.s 0.4339622641509434 993 0
iFSW.s 0.4864864864864865 997 0
iFTE.s 0.5 997 0
iFTQ.s 0.4864864864864865 996 0
iFTW.s 0.4019607843137255 994 0
iFUI.s 0.4678899082568807 997 0
iFUO.s 0.4774774774774775 995 1
iFVA.s 0.4537037037037037 996 0
iFVK.s 0.4774774774774775 995 0
iFVW.s 0.4818181818181818 995 0
iFWE.s 0.4864864864864865 997 0
iFWQ.s 0.4636363636363636 996 0
iFWX.s 0.38834951456310685 993 1
iFXJ.s 0.4112149532710281 996 0
iFXO.s 0.4910714285714286 997 0
iFYA.s 0.4818181818181818 997 0
iFYK.s 0.4864864864864865 996 0
iFYW.s 0.4864864864864865 996 0
iFZE.s 0.5 997 0
iFZQ.s 0.49549549549549554 997 0
iF2I.s 0.44036697247706424 993 0
iFZW.s 0.45871559633027525 994 0
iF2O.s 0.4392523364485982 995 0
iF3A.s 0.4864864864864865 997 0
iF3K.s 0.4864864864864865 996 0
iF3W.s 0.4636363636363636 996 0
iF4E.s 0.47706422018348627 996 0
iF4Q.s 0.5 996 0
iF4W.s 0.4722222222222222 997 0
iF5I.s 0.5 996 0
iF5O.s 0.4727272727272728 997 0
iF6A.s 0.5 997 0
iF6K.s 0.4678899082568807 995 0
iF6W.s 0.4821428571428571 997 0
iF7E.s 0.4636363636363636 997 0
iF7Q.s 0.4910714285714286 997 0
iF7W.s 0.40384615384615385 995 1
iGAI.s 0.4579439252336449 994 0
iGAO.s 0.4864864864864865 995 0
iGBA.s 0.4495412844036697 996 0
