i5.s 0.30927835051546393 991 0
iF.s 0.27368421052631575 992 1
iR.s 0.30927835051546393 994 1
iAF.s 0.24731182795698925 992 1
iAR.s 0.2989690721649485 993 1
iA7.s 0.31313131313131315 990 0
iBL.s 0.30612244897959184 991 1
iB5.s 0.29166666666666663 994 0
iCD.s 0.29166666666666663 993 0
iC5.s 0.27368421052631575 990 1
iCV.s 0.28125 995 0
iDF.s 0.3232323232323232 991 1
iDR.s 0.29166666666666663 992 0
iD7.s 0.3434343434343434 994 0
iEL.s 0.26595744680851063 991 1
iE5.s 0.2947368421052632 994 0
iFD.s 0.33333333333333337 994 0
iF5.s 0.26595744680851063 993 0
iFV.s 0.30927835051546393 993 0
iGF.s 0.35 993 0
iGR.s 0.33999999999999997 993 0
iG7.s 0.30612244897959184 995 1
iHL.s 0.36633663366336633 994 0
iH5.s 0.33673469387755106 994 0
iID.s 0.27368421052631575 995 0
iI5.s 0.35 994 0
iIV.s 0.31958762886597936 989 0
iJF.s 0.28865979381443296 992 1
iJR.s 0.28421052631578947 995 0
iJ7.s 0.3564356435643564 995 0
iKL.s 0.3232323232323232 993 1
iK6.s 0.33333333333333337 994 0
iLE.s 0.3564356435643564 995 0
iL5.s 0.36 995 0
iLV.s 0.37623762376237624 994 1
iMF.s 0.35 995 0
iMR.s 0.35 996 0
iM7.s 0.3564356435643564 993 1
iNL.s 0.3535353535353535 992 0
iN5.s 0.3786407766990292 995 0
iOD.s 0.33333333333333337 994 0
iO5.s 0.36 994 0
iOV.s 0.3529411764705882 995 1
iPF.s 0.33333333333333337 994 0
iPR.s 0.3564356435643564 994 0
iP7.s 0.3564356435643564 995 0
iQL.s 0.35 994 0
iQ5.s 0.36 995 0
iRD.s 0.3535353535353535 992 0
iR5.s 0.3434343434343434 993 0
iRV.s 0.3564356435643564 994 0
iSF.s 0.3786407766990292 990 1
iSR.s 0.35 990 0
iS7.s 0.37254901960784315 995 1
iTL.s 0.29166666666666663 993 1
iT5.s 0.36633663366336633 995 0
iUD.s 0.3942307692307693 994 1
iU5.s 0.3786407766990292 991 1
iUV.s 0.36633663366336633 994 1
iVF.s 0.36 992 1
iVR.s 0.3434343434343434 990 1
iV7.s 0.35 995 0
iWL.s 0.36 990 1
iW5.s 0.3786407766990292 990 1
iXD.s 0.36274509803921573 995 0
iX5.s 0.3564356435643564 992 0
iXV.s 0.3942307692307693 990 1
iYF.s 0.3564356435643564 989 1
iYS.s 0.33999999999999997 993 1
iY7.s 0.326530612244898 995 0
iZL.s 0.3786407766990292 995 0
i2D.s 0.36274509803921573 995 0
iZ5.s 0.33333333333333337 995 0
i25.s 0.3564356435643564 995 0
i2V.s 0.3942307692307693 994 1
i3F.s 0.3942307692307693 994 1
i3R.s 0.37254901960784315 994 1
i37.s 0.3535353535353535 995 0
i4L.s 0.3846153846153846 994 1
i45.s 0.3786407766990292 993 1
i5D.s 0.3942307692307693 994 1
i55.s 0.4 994 1
i5W.s 0.3942307692307693 993 1
i6F.s 0.3564356435643564 990 0
i6R.s 0.3942307692307693 990 1
i67.s 0.3942307692307693 990 1
i7L.s 0.3942307692307693 994 1
i75.s 0.3980582524271845 993 1
iAAE.s 0.4 994 1
iAA5.s 0.35 990 1
iAAV.s 0.3846153846153846 994 1
iABF.s 0.36633663366336633 994 0
iABR.s 0.3564356435643564 994 1
iAB7.s 0.40384615384615385 993 1
iACL.s 0.33333333333333337 993 1
iAC5.s 0.2947368421052632 991 0
iADD.s 0.33999999999999997 993 0
iAD5.s 0.4 990 0
iADV.s 0.40384615384615385 994 1
iAEF.s 0.40384615384615385 995 1
iAER.s 0.3980582524271845 994 0
iAE7.s 0.40384615384615385 993 1
iAFL.s 0.40384615384615385 995 0
iAF5.s 0.40384615384615385 990 1
iAGD.s 0.40384615384615385 993 1
iAG5.s 0.38235294117647056 990 1
iAGV.s 0.38235294117647056 995 0
iAHF.s 0.40384615384615385 994 1
iAHR.s 0.419047619047619 990 1
iAH7.s 0.3125 993 0
iAIL.s 0.3689320388349514 991 0
iAI5.s 0.36633663366336633 991 0
iAJD.s 0.3942307692307693 994 1
iAJ5.s 0.4056603773584906 990 0
iAJV.s 0.4056603773584906 994 1
iAKF.s 0.3904761904761904 994 1
iAKR.s 0.35 991 1
iAK7.s 0.31958762886597936 993 1
iALL.s 0.4056603773584906 990 0
iAL5.s 0.40384615384615385 990 1
iAMD.s 0.3465346534653465 995 0
iAM5.s 0.38834951456310685 994 0
iAMV.s 0.3786407766990292 989 0
iANF.s 0.33333333333333337 988 1
iANR.s 0.38235294117647056 993 1
iAN7.s 0.3786407766990292 992 1
iAOL.s 0.30927835051546393 995 0
iAO5.s 0.3434343434343434 991 1
iAPD.s 0.38834951456310685 994 1
iAP5.s 0.3942307692307693 991 0
iAPV.s 0.38235294117647056 989 1
iAQF.s 0.4444444444444444 990 0
iAQR.s 0.43518518518518523 994 0
iAQ7.s 0.4299065420560748 990 0
iARM.s 0.4095238095238095 995 0
iAR5.s 0.4095238095238095 990 0
iASD.s 0.41346153846153844 994 0
iAS5.s 0.3980582524271845 994 0
iASV.s 0.41509433962264153 994 0
iATF.s 0.42452830188679247 994 0
iATT.s 0.43518518518518523 994 0
iAT7.s 0.4392523364485982 993 0
iAUL.s 0.4444444444444444 991 0
iAU5.s 0.43518518518518523 990 0
iAVD.s 0.4392523364485982 990 0
iAV5.s 0.42452830188679247 990 0
iAVV.s 0.4095238095238095 990 0
iAWF.s 0.3942307692307693 992 0
iAWR.s 0.4299065420560748 990 0
iAW7.s 0.4299065420560748 989 0
iAXL.s 0.4444444444444444 990 0
iAX5.s 0.3846153846153846 991 0
iAYD.s 0.4444444444444444 993 0
iAY5.s 0.3942307692307693 993 0
iAYV.s 0.35 990 0
iAZF.s 0.36633663366336633 994 0
iAZR.s 0.42592592592592593 994 0
iA2E.s 0.3942307692307693 994 0
iA2Q.s 0.4299065420560748 994 0
iA25.s 0.42056074766355145 991 0
iA3D.s 0.4495412844036697 991 0
iA35.s 0.38834951456310685 995 0
iA3V.s 0.3529411764705882 990 0
iA4F.s 0.4444444444444444 990 0
iA4R.s 0.4299065420560748 990 0
iA47.s 0.4299065420560748 994 0
iA5L.s 0.4444444444444444 990 0
iA55.s 0.4299065420560748 990 0
iA6D.s 0.41509433962264153 992 0
iA65.s 0.4339622641509434 990 0
iA6V.s 0.41509433962264153 993 0
iA7F.s 0.4392523364485982 994 0
iA7R.s 0.43518518518518523 993 0
iA77.s 0.42056074766355145 990 0
iBAL.s 0.4545454545454546 993 0
iBA5.s 0.4537037037037037 994 0
iBBD.s 0.4444444444444444 994 0
iBB5.s 0.45871559633027525 991 0
iBBV.s 0.45871559633027525 991 0
iBCF.s 0.4495412844036697 990 0
iBCR.s 0.4444444444444444 991 0
iBC7.s 0.4545454545454546 993 0
iBDL.s 0.3465346534653465 995 1
iBD5.s 0.4 992 0
iBED.s 0.4339622641509434 993 0
iBE5.s 0.3942307692307693 993 0
iBEV.s 0.44339622641509435 989 0
iBFF.s 0.4095238095238095 990 0
iBFR.s 0.4545454545454546 993 0
iBF7.s 0.4537037037037037 990 0
iBGL.s 0.43518518518518523 993 0
iBG5.s 0.3942307692307693 991 0
iBHD.s 0.4444444444444444 990 0
iBH5.s 0.4537037037037037 990 0
iBHV.s 0.419047619047619 990 0
iBIF.s 0.4444444444444444 992 0
iBIR.s 0.45871559633027525 991 0
iBI7.s 0.45871559633027525 990 0
iBJL.s 0.4444444444444444 991 0
iBJ5.s 0.4 990 0
iBKD.s 0.44859813084112155 991 0
iBK5.s 0.42307692307692313 992 0
iBKV.s 0.45871559633027525 991 0
iBLF.s 0.4444444444444444 991 0
iBLR.s 0.4444444444444444 992 0
iBL7.s 0.45871559633027525 991 0
iBML.s 0.45871559633027525 991 0
iBM5.s 0.4537037037037037 991 0
iBND.s 0.4339622641509434 991 0
iBN5.s 0.4444444444444444 991 0
iBNV.s 0.4444444444444444 991 0
iBOF.s 0.4339622641509434 991 0
iBOR.s 0.45871559633027525 993 0
iBO7.s 0.4495412844036697 991 0
iBPL.s 0.4495412844036697 990 0
iBP5.s 0.4495412844036697 992 0
iBQE.s 0.41509433962264153 991 0
iBQ5.s 0.45871559633027525 992 0
iBQV.s 0.45871559633027525 992 0
iBRF.s 0.45871559633027525 992 0
iBRR.s 0.45871559633027525 992 0
iBR7.s 0.45871559633027525 993 0
iBSL.s 0.4537037037037037 992 0
iBS5.s 0.45871559633027525 993 0
iBTD.s 0.45871559633027525 992 0
iBT5.s 0.45871559633027525 992 0
iBTW.s 0.4285714285714286 993 0
iBUF.s 0.45871559633027525 993 0
iBUR.s 0.45871559633027525 992 0
iBVA.s 0.45871559633027525 993 0
iBVM.s 0.45871559633027525 994 0
iBV5.s 0.45871559633027525 993 0
iBWE.s 0.45871559633027525 993 0
iBW5.s 0.45871559633027525 995 0
iBWW.s 0.45871559633027525 994 0
iBXF.s 0.45871559633027525 994 0
iBXR.s 0.45871559633027525 993 0
iBX7.s 0.4392523364485982 993 0
iBYL.s 0.4444444444444444 994 0
iBY5.s 0.45871559633027525 994 0
iBZD.s 0.42056074766355145 994 0
iB2D.s 0.45871559633027525 995 0
iBZR.s 0.43518518518518523 994 0
iB2F.s 0.4392523364485982 996 0
iB2R.s 0.45871559633027525 995 0
iB27.s 0.44339622641509435 996 0
iB3L.s 0.45871559633027525 995 0
iB35.s 0.4285714285714286 995 0
iB4D.s 0.38834951456310685 991 0
iB45.s 0.41509433962264153 994 0
iB4V.s 0.4444444444444444 995 0
iB5F.s 0.4077669902912622 993 1
iB5R.s 0.4339622641509434 994 0
iB57.s 0.4095238095238095 993 0
iB6L.s 0.44859813084112155 995 0
iB65.s 0.4495412844036697 995 0
iB7D.s 0.45871559633027525 995 0
iB75.s 0.46846846846846846 992 1
iB7V.s 0.45871559633027525 995 0
iCAF.s 0.4095238095238095 993 1
iCAR.s 0.41346153846153844 992 0
iCA7.s 0.4444444444444444 994 0
iCBL.s 0.44036697247706424 992 1
iCB5.s 0.3232323232323232 992 0
iCCD.s 0.4545454545454546 993 0
iCC5.s 0.3529411764705882 995 1
iCCV.s 0.42056074766355145 990 0
iCDF.s 0.4545454545454546 993 1
iCDR.s 0.46846846846846846 994 1
iCD7.s 0.4 990 1
iCEL.s 0.4727272727272728 995 0
iCE5.s 0.4112149532710281 992 1
iCFD.s 0.4444444444444444 992 1
iCF5.s 0.4678899082568807 993 0
iCFW.s 0.4444444444444444 994 1
iCGF.s 0.4774774774774775 993 0
iCGR.s 0.46846846846846846 993 1
iCG7.s 0.4636363636363636 995 0
iCHL.s 0.45871559633027525 991 0
iCH5.s 0.44036697247706424 993 1
iCID.s 0.43518518518518523 994 1
iCI5.s 0.4629629629629629 994 0
iCIV.s 0.4774774774774775 992 0
iCJF.s 0.4636363636363636 995 0
iCJR.s 0.419047619047619 993 0
iCJ7.s 0.45871559633027525 995 0
iCKL.s 0.4636363636363636 995 0
iCK5.s 0.4774774774774775 995 0
iCLD.s 0.4727272727272728 996 0
iCL5.s 0.4774774774774775 996 0
iCLV.s 0.4 994 0
iCMF.s 0.4774774774774775 996 0
iCMR.s 0.4636363636363636 995 0
iCM7.s 0.43518518518518523 994 0
iCNL.s 0.41346153846153844 993 0
iCN6.s 0.4774774774774775 995 0
iCOE.s 0.4774774774774775 995 0
iCO5.s 0.4774774774774775 996 0
iCOV.s 0.4636363636363636 996 0
iCPF.s 0.4678899082568807 996 0
iCPR.s 0.4636363636363636 995 0
iCP7.s 0.4774774774774775 996 0
iCQL.s 0.4636363636363636 996 0
iCQ5.s 0.4864864864864865 994 0
iCRD.s 0.4774774774774775 996 0
iCR5.s 0.4545454545454546 996 0
iCRV.s 0.4774774774774775 996 0
iCSF.s 0.4537037037037037 996 0
iCSS.s 0.4774774774774775 996 0
iCS7.s 0.4774774774774775 993 0
iCTL.s 0.4444444444444444 996 0
iCT5.s 0.4774774774774775 996 0
iCUD.s 0.45871559633027525 996 0
iCU5.s 0.4444444444444444 996 0
iCUV.s 0.4636363636363636 996 0
iCVF.s 0.4636363636363636 996 0
iCVR.s 0.4636363636363636 996 0
iCV7.s 0.4774774774774775 996 0
iCWL.s 0.42452830188679247 996 0
iCW5.s 0.4774774774774775 996 0
iCXD.s 0.4339622641509434 994 0
iCX5.s 0.4727272727272728 995 0
iCXV.s 0.4444444444444444 995 0
iCYF.s 0.4444444444444444 994 0
iCYR.s 0.4495412844036697 996 0
iCY7.s 0.4537037037037037 994 0
iCZL.s 0.4636363636363636 996 0
iC2D.s 0.4774774774774775 995 0
iCZ5.s 0.4495412844036697 994 0
iC25.s 0.3366336633663366 994 0
iC2V.s 0.4495412844036697 992 0
iC3F.s 0.44036697247706424 996 0
iC3R.s 0.43518518518518523 995 0
iC37.s 0.30927835051546393 994 0
iC4L.s 0.4444444444444444 994 0
iC45.s 0.4864864864864865 994 0
iC5D.s 0.4444444444444444 996 0
iC55.s 0.4727272727272728 993 0
iC5V.s 0.4444444444444444 996 0
iC6F.s 0.4774774774774775 996 0
iC6R.s 0.4774774774774775 996 0
iC67.s 0.4864864864864865 993 0
iC7L.s 0.4537037037037037 994 0
iC75.s 0.4444444444444444 994 0
iDAD.s 0.4864864864864865 994 0
iDA5.s 0.4537037037037037 993 0
iDAV.s 0.4910714285714286 993 0
iDBF.s 0.45871559633027525 995 0
iDBR.s 0.4727272727272728 993 0
iDB7.s 0.4339622641509434 993 0
iDCL.s 0.4095238095238095 994 0
iDC5.s 0.4299065420560748 993 0
iDDD.s 0.419047619047619 994 0
iDD5.s 0.4537037037037037 994 0
iDDV.s 0.4727272727272728 995 0
iDEF.s 0.4864864864864865 994 0
iDER.s 0.49549549549549554 994 0
iDE7.s 0.4910714285714286 994 0
iDFL.s 0.4095238095238095 991 1
iDF5.s 0.4910714285714286 994 0
iDGD.s 0.4910714285714286 994 0
iDG5.s 0.45871559633027525 993 0
iDGV.s 0.4910714285714286 994 0
iDHF.s 0.4537037037037037 993 0
iDHR.s 0.4910714285714286 996 0
iDH7.s 0.4392523364485982 996 0
iDIN.s 0.44859813084112155 994 0
iDI5.s 0.4818181818181818 992 0
iDJD.s 0.4910714285714286 995 0
iDJ5.s 0.4910714285714286 996 0
iDJV.s 0.4910714285714286 995 0
iDKF.s 0.4392523364485982 994 0
iDKR.s 0.4821428571428571 996 0
iDK7.s 0.4910714285714286 995 0
iDLL.s 0.4285714285714286 994 0
iDL5.s 0.4636363636363636 996 0
iDMD.s 0.4910714285714286 996 0
iDM5.s 0.3904761904761904 994 0
iDMV.s 0.44036697247706424 995 0
iDNF.s 0.4537037037037037 995 0
iDNR.s 0.43518518518518523 994 0
iDN7.s 0.42056074766355145 993 0
iDOL.s 0.4910714285714286 996 0
iDO5.s 0.49549549549549554 995 0
iDPD.s 0.4117647058823529 995 0
iDP5.s 0.42056074766355145 994 0
iDPV.s 0.4862385321100917 993 0
iDQF.s 0.37 993 0
iDQS.s 0.49549549549549554 995 0
iDQ7.s 0.4727272727272728 994 0
iDRL.s 0.3689320388349514 994 0
iDR5.s 0.4910714285714286 996 0
iDSE.s 0.4678899082568807 996 0
iDS5.s 0.4910714285714286 996 0
iDSV.s 0.4285714285714286 994 0
iDTF.s 0.45871559633027525 994 0
iDTR.s 0.46846846846846846 996 0
iDT7.s 0.4095238095238095 995 0
iDUL.s 0.4629629629629629 996 0
iDU5.s 0.4910714285714286 996 0
iDVD.s 0.47706422018348627 995 0
iDV5.s 0.4818181818181818 995 0
iDVW.s 0.49549549549549554 994 0
iDWF.s 0.4910714285714286 996 0
iDWS.s 0.4910714285714286 994 0
iDW7.s 0.4818181818181818 994 0
iDXM.s 0.49549549549549554 994 0
iDX5.s 0.5 992 0
iDYD.s 0.4864864864864865 994 0
iDY5.s 0.49549549549549554 992 0
iDYW.s 0.4537037037037037 994 0
iDZF.s 0.49549549549549554 994 0
iDZS.s 0.44339622641509435 994 0
iD2D.s 0.4818181818181818 995 0
iD2R.s 0.47706422018348627 995 0
iD26.s 0.4326923076923077 995 0
iD3E.s 0.4864864864864865 994 0
iD35.s 0.5 994 0
iD3V.s 0.4629629629629629 992 0
iD4F.s 0.49090909090909096 994 0
iD4R.s 0.49549549549549554 994 0
iD47.s 0.4678899082568807 995 0
iD5L.s 0.49549549549549554 994 0
iD55.s 0.4910714285714286 994 0
iD6D.s 0.4722222222222222 994 0
iD65.s 0.4678899082568807 995 0
iD6V.s 0.49090909090909096 995 0
iD7F.s 0.4864864864864865 994 0
iD7R.s 0.4864864864864865 995 0
iD77.s 0.4579439252336449 995 0
iEAL.s 0.4910714285714286 996 0
iEA5.s 0.49549549549549554 994 0
iEBD.s 0.4864864864864865 994 0
iEB5.s 0.5 995 0
iEBV.s 0.4727272727272728 993 0
iECF.s 0.4537037037037037 994 0
iECR.s 0.5 996 0
iEC7.s 0.4864864864864865 993 0
iEDL.s 0.5 994 0
iED5.s 0.4727272727272728 993 0
iEED.s 0.4864864864864865 996 0
iEE5.s 0.4392523364485982 994 0
iEEV.s 0.49549549549549554 994 0
iEFF.s 0.4864864864864865 996 0
iEFR.s 0.4339622641509434 995 0
iEF7.s 0.4444444444444444 995 0
iEGL.s 0.4636363636363636 995 0
iEG5.s 0.4392523364485982 994 0
iEHD.s 0.4678899082568807 994 0
iEH5.s 0.4727272727272728 995 0
iEHV.s 0.49549549549549554 995 0
iEIF.s 0.4678899082568807 992 0
iEIR.s 0.4818181818181818 995 0
iEI7.s 0.4339622641509434 995 0
iEJL.s 0.4864864864864865 995 0
iEJ5.s 0.5 996 0
iEKE.s 0.4818181818181818 997 0
iEK5.s 0.5 996 0
iEKV.s 0.4727272727272728 996 0
iELF.s 0.4774774774774775 994 0
iELR.s 0.49549549549549554 995 0
iEL7.s 0.4818181818181818 995 0
iEML.s 0.47706422018348627 995 0
iEM5.s 0.4864864864864865 997 0
iEND.s 0.4629629629629629 996 0
iEN5.s 0.5 996 0
iENV.s 0.4910714285714286 996 0
iEOF.s 0.4864864864864865 996 0
iEOR.s 0.5 996 0
iEO7.s 0.4864864864864865 995 0
iEPL.s 0.49549549549549554 996 0
iEP5.s 0.5 996 0
iEQD.s 0.4818181818181818 996 0
iEQ5.s 0.5 996 0
iEQV.s 0.49549549549549554 996 0
iERF.s 0.5 996 0
iERR.s 0.4910714285714286 996 0
iER7.s 0.5 997 0
iESL.s 0.5 996 0
iES5.s 0.4910714285714286 996 0
iETD.s 0.49090909090909096 996 0
iET5.s 0.4864864864864865 996 0
iETV.s 0.49549549549549554 994 0
iEUF.s 0.49549549549549554 996 0
iEUR.s 0.5 995 0
iEU7.s 0.5 996 0
iEVM.s 0.4864864864864865 996 0
iEV6.s 0.5 996 0
iEWF.s 0.49549549549549554 996 0
iEW5.s 0.4727272727272728 996 0
iEWV.s 0.5 997 0
iEXF.s 0.5 996 0
iEXR.s 0.5 996 0
iEX7.s 0.4864864864864865 995 0
iEYL.s 0.49090909090909096 995 0
iEY5.s 0.5 997 0
iEZD.s 0.5 996 0
iE2D.s 0.5 995 0
iEZS.s 0.5 997 0
iE2F.s 0.5 997 0
iE2T.s 0.4629629629629629 995 0
iE27.s 0.4864864864864865 997 0
iE3L.s 0.4818181818181818 996 0
iE35.s 0.47706422018348627 997 0
iE4E.s 0.4864864864864865 997 0
iE45.s 0.46846846846846846 996 0
iE4V.s 0.4864864864864865 997 0
iE5F.s 0.5 997 0
iE5R.s 0.4380952380952381 996 0
iE57.s 0.4727272727272728 994 0
iE6M.s 0.44036697247706424 996 0
iE65.s 0.5 997 0
iE7D.s 0.4537037037037037 995 0
iE75.s 0.49549549549549554 997 0
iE7V.s 0.44339622641509435 996 0
iFAF.s 0.4864864864864865 995 0
iFAR.s 0.4910714285714286 997 0
iFA7.s 0.4727272727272728 995 0
iFBL.s 0.4629629629629629 997 0
iFB5.s 0.3942307692307693 995 0
iFCD.s 0.4818181818181818 995 0
iFC5.s 0.4818181818181818 997 0
iFCV.s 0.4727272727272728 997 0
iFDF.s 0.5 997 0
iFDR.s 0.4864864864864865 997 0
iFD7.s 0.5 997 0
iFEL.s 0.4818181818181818 995 0
iFE5.s 0.4678899082568807 990 0
iFFD.s 0.5 996 0
iFF5.s 0.4864864864864865 996 0
iFFV.s 0.4864864864864865 997 0
iFGF.s 0.5 997 0
iFGR.s 0.49549549549549554 997 0
iFG7.s 0.4629629629629629 994 0
iFHL.s 0.5 997 0
iFH5.s 0.5 997 0
iFID.s 0.4392523364485982 995 0
iFI5.s 0.4299065420560748 996 0
iFIV.s 0.5 997 0
iFJF.s 0.4774774774774775 996 0
iFJR.s 0.4285714285714286 996 0
iFJ7.s 0.4864864864864865 997 0
iFKL.s 0.4678899082568807 996 0
iFK5.s 0.49549549549549554 997 0
iFLD.s 0.4727272727272728 994 0
iFL5.s 0.4579439252336449 997 0
iFLV.s 0.4629629629629629 997 0
iFMF.s 0.5 997 0
iFMR.s 0.4818181818181818 994 0
iFNA.s 0.49549549549549554 996 0
iFNM.s 0.4864864864864865 996 0
iFN5.s 0.49090909090909096 995 0
iFOD.s 0.4629629629629629 997 0
iFO5.s 0.4495412844036697 993 0
iFOV.s 0.4678899082568807 997 0
iFPF.s 0.4678899082568807 996 0
iFPR.s 0.5 997 0
iFP7.s 0.4774774774774775 997 0
iFQL.s 0.5 997 0
iFQ5.s 0.4727272727272728 996 0
iFRD.s 0.4818181818181818 996 0
iFR5.s 0.4392523364485982 996 0
iFRV.s 0.4579439252336449 997 0
iFSF.s 0.4629629629629629 995 0
iFSR.s 0.4864864864864865 996 0
iFS7.s 0.4444444444444444 996 0
iFTL.s 0.4910714285714286 996 0
iFT5.s 0.45871559633027525 994 0
iFUD.s 0.4727272727272728 996 0
iFU5.s 0.36 996 0
iFUV.s 0.4528301886792453 993 0
iFVF.s 0.4537037037037037 996 0
iFVR.s 0.5 997 0
iFV7.s 0.4910714285714286 997 0
iFWL.s 0.4537037037037037 996 0
iFW5.s 0.4774774774774775 997 0
iFXE.s 0.4537037037037037 996 0
iFX5.s 0.4678899082568807 993 0
iFXV.s 0.4392523364485982 996 0
iFYF.s 0.5 997 0
iFYR.s 0.4678899082568807 996 0
iFY7.s 0.4864864864864865 997 0
iFZL.s 0.4537037037037037 994 0
iF2D.s 0.5 997 0
iFZ5.s 0.49549549549549554 997 0
iF25.s 0.4727272727272728 994 0
iF2V.s 0.5 997 0
iF3F.s 0.4864864864864865 996 0
iF3R.s 0.4910714285714286 996 0
iF37.s 0.4864864864864865 996 0
iF4L.s 0.47706422018348627 997 0
iF45.s 0.4818181818181818 996 0
iF5D.s 0.4285714285714286 996 0
iF55.s 0.49090909090909096 996 0
iF5V.s 0.4864864864864865 997 0
iF6F.s 0.49090909090909096 997 0
iF6R.s 0.5 997 0
iF67.s 0.4392523364485982 993 0
iF7L.s 0.4678899082568807 995 0
iF75.s 0.4095238095238095 995 0
iGAD.s 0.4495412844036697 995 0
iGA5.s 0.47706422018348627 996 0
iGAV.s 0.38235294117647056 995 1
