iAD.s 0.3125 992 0
iM.s 0.30208333333333337 994 0
iY.s 0.27368421052631575 994 1
iAM.s 0.26595744680851063 990 1
iAY.s 0.30612244897959184 993 1
iBG.s 0.28125 994 1
iBS.s 0.27368421052631575 994 0
iBY.s 0.35922330097087374 991 1
iCK.s 0.30208333333333337 991 0
iCQ.s 0.30927835051546393 994 0
iDC.s 0.26315789473684215 994 1
iDM.s 0.28421052631578947 992 0
iDY.s 0.29166666666666663 995 0
iEG.s 0.30927835051546393 992 0
iES.s 0.3232323232323232 993 0
iEY.s 0.29166666666666663 994 0
iFK.s 0.30612244897959184 994 1
iFQ.s 0.26595744680851063 992 0
iGC.s 0.35 995 0
iGM.s 0.26315789473684215 991 1
iGY.s 0.26595744680851063 992 0
iHG.s 0.33999999999999997 995 1
iHS.s 0.3434343434343434 993 1
iHY.s 0.28421052631578947 992 0
iIK.s 0.30927835051546393 994 0
iIQ.s 0.3564356435643564 995 0
iJC.s 0.30927835051546393 994 0
iJM.s 0.35 996 0
iJY.s 0.276595744680851 992 1
iKG.s 0.35 996 0
iKS.s 0.31958762886597936 994 0
iKZ.s 0.2989690721649485 994 1
iLL.s 0.3434343434343434 995 0
iLQ.s 0.35 996 0
iMC.s 0.36 994 0
iMM.s 0.36633663366336633 994 1
iMY.s 0.30927835051546393 995 0
iNG.s 0.30927835051546393 993 1
iNS.s 0.36274509803921573 996 0
iNY.s 0.3529411764705882 991 1
iOK.s 0.35 994 0
iOQ.s 0.36 995 0
iPC.s 0.3564356435643564 995 0
iPM.s 0.3434343434343434 996 1
iPY.s 0.3564356435643564 996 0
iQG.s 0.326530612244898 994 1
iQS.s 0.35 993 1
iQY.s 0.3564356435643564 993 1
iRK.s 0.31313131313131315 993 0
iRQ.s 0.3535353535353535 995 1
iSD.s 0.35 992 1
iSM.s 0.326530612244898 994 0
iSY.s 0.36 990 0
iTG.s 0.37254901960784315 992 0
iTS.s 0.3434343434343434 991 0
iTY.s 0.36633663366336633 994 1
iUK.s 0.36 995 1
iUQ.s 0.3942307692307693 994 1
iVC.s 0.3786407766990292 995 0
iVM.s 0.37 990 1
iVY.s 0.37254901960784315 995 0
iWG.s 0.3786407766990292 991 1
iWS.s 0.3786407766990292 989 1
iWY.s 0.3786407766990292 990 1
iXK.s 0.33333333333333337 995 0
iXQ.s 0.3786407766990292 994 1
iYC.s 0.3786407766990292 993 1
iYN.s 0.3786407766990292 995 0
iYZ.s 0.3786407766990292 995 0
iZG.s 0.38235294117647056 991 1
iZS.s 0.3786407766990292 995 0
i2K.s 0.3786407766990292 995 0
iZZ.s 0.36633663366336633 996 1
i2Q.s 0.4 990 0
i3C.s 0.38235294117647056 991 1
i3M.s 0.3846153846153846 990 1
i3Y.s 0.4056603773584906 990 0
i4G.s 0.36274509803921573 994 1
i4S.s 0.3465346534653465 994 1
i4Y.s 0.33333333333333337 990 1
i5K.s 0.37254901960784315 994 1
i5R.s 0.4095238095238095 990 1
i6D.s 0.35 994 1
i6M.s 0.3786407766990292 994 1
i6Y.s 0.36 996 1
i7G.s 0.3942307692307693 994 1
i7S.s 0.38235294117647056 992 1
i7Z.s 0.35 995 1
iAAL.s 0.36274509803921573 992 1
iAAQ.s 0.3942307692307693 994 1
iABC.s 0.36274509803921573 993 0
iABM.s 0.4056603773584906 990 0
iABY.s 0.4 994 1
iACG.s 0.4056603773584906 990 0
iACS.s 0.40384615384615385 990 1
iACY.s 0.3786407766990292 994 1
iADK.s 0.38834951456310685 994 1
iADQ.s 0.38235294117647056 993 1
iAEC.s 0.37254901960784315 991 1
iAEM.s 0.38235294117647056 994 1
iAEY.s 0.40384615384615385 990 1
iAFG.s 0.37254901960784315 993 1
iAFS.s 0.375 990 0
iAFY.s 0.4056603773584906 990 0
iAGK.s 0.36274509803921573 990 1
iAGQ.s 0.3232323232323232 990 1
iAHC.s 0.3846153846153846 994 0
iAHM.s 0.38834951456310685 993 0
iAHY.s 0.3904761904761904 990 0
iAIG.s 0.36 991 1
iAIS.s 0.375 990 0
iAIY.s 0.4056603773584906 990 0
iAJK.s 0.33333333333333337 993 1
iAJQ.s 0.4056603773584906 990 0
iAKC.s 0.4056603773584906 990 0
iAKM.s 0.4095238095238095 990 1
iAKY.s 0.3846153846153846 996 0
iALG.s 0.3163265306122449 991 1
iALS.s 0.4095238095238095 992 0
iALY.s 0.27083333333333337 993 0
iAMK.s 0.36 993 1
iAMQ.s 0.36633663366336633 990 1
iANC.s 0.35 992 0
iANM.s 0.4444444444444444 990 0
iANY.s 0.4095238095238095 990 1
iAOG.s 0.38235294117647056 992 1
iAOS.s 0.3942307692307693 995 0
iAOY.s 0.3465346534653465 993 1
iAPK.s 0.3535353535353535 994 1
iAPQ.s 0.38834951456310685 994 1
iAQC.s 0.4095238095238095 995 0
iAQM.s 0.3846153846153846 993 0
iAQZ.s 0.4095238095238095 994 0
iARH.s 0.36633663366336633 990 0
iART.s 0.4095238095238095 994 1
iARY.s 0.41509433962264153 990 0
iASK.s 0.4 991 1
iASQ.s 0.4444444444444444 990 0
iATC.s 0.41509433962264153 990 0
iATO.s 0.3942307692307693 993 0
iAUG.s 0.4392523364485982 993 0
iAUY.s 0.4444444444444444 990 0
iAVK.s 0.4392523364485982 995 0
iAVQ.s 0.4444444444444444 992 0
iAWC.s 0.4392523364485982 993 0
iAWM.s 0.4299065420560748 990 0
iAWY.s 0.3786407766990292 990 0
iAXG.s 0.4444444444444444 990 0
iAXS.s 0.419047619047619 994 0
iAXY.s 0.37254901960784315 989 0
iAYK.s 0.4299065420560748 994 0
iAYQ.s 0.4095238095238095 994 0
iAZC.s 0.3529411764705882 994 0
iAZM.s 0.42452830188679247 991 0
iAZZ.s 0.3980582524271845 991 0
iA2L.s 0.45871559633027525 990 0
iAZ7.s 0.4095238095238095 990 0
iA2Y.s 0.4056603773584906 993 1
iA3K.s 0.4299065420560748 992 0
iA3Q.s 0.3846153846153846 994 0
iA4C.s 0.42452830188679247 994 0
iA4M.s 0.4444444444444444 992 0
iA4Y.s 0.4444444444444444 994 0
iA5G.s 0.42056074766355145 994 0
iA5S.s 0.43518518518518523 990 0
iA5Y.s 0.4444444444444444 990 0
iA6K.s 0.4 993 0
iA6Q.s 0.45871559633027525 990 0
iA7C.s 0.4444444444444444 990 0
iA7M.s 0.4444444444444444 993 0
iA7Y.s 0.44036697247706424 990 0
iBAG.s 0.3786407766990292 993 0
iBAS.s 0.42056074766355145 990 0
iBAY.s 0.4444444444444444 994 0
iBBK.s 0.4545454545454546 992 0
iBBQ.s 0.42056074766355145 994 0
iBCC.s 0.45871559633027525 990 0
iBCM.s 0.37623762376237624 990 0
iBCY.s 0.4545454545454546 994 0
iBDG.s 0.4545454545454546 994 0
iBDS.s 0.43518518518518523 990 0
iBDY.s 0.42592592592592593 992 0
iBEK.s 0.4545454545454546 990 0
iBEQ.s 0.41509433962264153 990 0
iBFC.s 0.42592592592592593 994 0
iBFM.s 0.45871559633027525 990 0
iBFY.s 0.45871559633027525 990 0
iBGG.s 0.4545454545454546 993 0
iBGS.s 0.4444444444444444 991 0
iBGY.s 0.45871559633027525 991 0
iBHK.s 0.45871559633027525 990 0
iBHQ.s 0.419047619047619 991 0
iBIC.s 0.4299065420560748 990 0
iBIM.s 0.41509433962264153 987 0
iBIY.s 0.45871559633027525 990 0
iBJG.s 0.45871559633027525 990 0
iBJS.s 0.45871559633027525 990 0
iBJY.s 0.4 990 0
iBKK.s 0.45871559633027525 991 0
iBKQ.s 0.45871559633027525 991 0
iBLC.s 0.45871559633027525 991 0
iBLM.s 0.45871559633027525 991 0
iBLY.s 0.45871559633027525 991 0
iBMG.s 0.4444444444444444 991 0
iBMS.s 0.4056603773584906 991 0
iBMY.s 0.45871559633027525 992 0
iBNK.s 0.45871559633027525 991 0
iBNQ.s 0.4495412844036697 991 0
iBOC.s 0.4392523364485982 991 0
iBOM.s 0.45871559633027525 992 0
iBOY.s 0.45871559633027525 991 0
iBPG.s 0.45871559633027525 992 0
iBPS.s 0.4537037037037037 991 0
iBPZ.s 0.45871559633027525 992 0
iBQL.s 0.45871559633027525 991 0
iBQQ.s 0.45871559633027525 991 0
iBRC.s 0.45871559633027525 992 0
iBRM.s 0.45871559633027525 992 0
iBRZ.s 0.45871559633027525 992 0
iBSG.s 0.4444444444444444 992 0
iBST.s 0.45871559633027525 992 0
iBSY.s 0.45871559633027525 994 0
iBTL.s 0.4444444444444444 992 0
iBTR.s 0.4339622641509434 993 0
iBUM.s 0.45871559633027525 993 0
iBUY.s 0.4444444444444444 990 0
iBVH.s 0.45871559633027525 993 0
iBVZ.s 0.4299065420560748 991 0
iBWL.s 0.4392523364485982 993 0
iBWQ.s 0.4444444444444444 993 0
iBXD.s 0.45871559633027525 993 0
iBXM.s 0.3689320388349514 994 0
iBXY.s 0.4444444444444444 996 0
iBYG.s 0.4444444444444444 991 0
iBYS.s 0.45871559633027525 995 0
iBYY.s 0.45871559633027525 994 0
iBZK.s 0.4537037037037037 994 0
iBZM.s 0.45871559633027525 995 0
iBZY.s 0.4537037037037037 995 0
iB2M.s 0.45871559633027525 993 0
iB2Y.s 0.4444444444444444 994 0
iB3G.s 0.4444444444444444 994 0
iB3S.s 0.419047619047619 995 0
iB3Y.s 0.45871559633027525 995 0
iB4K.s 0.45871559633027525 995 0
iB4Q.s 0.4537037037037037 993 0
iB5C.s 0.45871559633027525 992 0
iB5M.s 0.36633663366336633 994 0
iB5Y.s 0.4444444444444444 993 0
iB6G.s 0.4636363636363636 993 0
iB6S.s 0.45871559633027525 995 0
iB6Y.s 0.4636363636363636 995 0
iB7K.s 0.4392523364485982 993 0
iB7Q.s 0.45871559633027525 996 0
iCAC.s 0.4545454545454546 993 1
iCAM.s 0.4444444444444444 993 0
iCAY.s 0.4774774774774775 993 0
iCBG.s 0.4636363636363636 990 0
iCBS.s 0.4285714285714286 995 0
iCBY.s 0.42452830188679247 992 0
iCCK.s 0.4444444444444444 993 0
iCCQ.s 0.4299065420560748 993 1
iCDC.s 0.4095238095238095 988 1
iCDM.s 0.419047619047619 993 0
iCDY.s 0.4299065420560748 993 0
iCEG.s 0.4774774774774775 993 0
iCES.s 0.4495412844036697 994 0
iCEY.s 0.4537037037037037 995 0
iCFK.s 0.4495412844036697 996 0
iCFQ.s 0.4774774774774775 993 0
iCGD.s 0.46846846846846846 993 1
iCGM.s 0.4727272727272728 995 0
iCGY.s 0.4339622641509434 989 1
iCHG.s 0.4727272727272728 996 0
iCHS.s 0.40384615384615385 994 0
iCHY.s 0.4678899082568807 993 0
iCIK.s 0.4727272727272728 994 0
iCIQ.s 0.41509433962264153 994 0
iCJD.s 0.4299065420560748 993 0
iCJM.s 0.45871559633027525 993 0
iCJY.s 0.4444444444444444 993 0
iCKG.s 0.4727272727272728 993 0
iCKS.s 0.4774774774774775 996 0
iCKY.s 0.4774774774774775 993 0
iCLK.s 0.46846846846846846 996 0
iCLQ.s 0.4636363636363636 993 0
iCMC.s 0.4774774774774775 996 0
iCMM.s 0.4495412844036697 996 0
iCMY.s 0.4545454545454546 995 0
iCNG.s 0.4636363636363636 996 0
iCNS.s 0.43518518518518523 994 0
iCNZ.s 0.4727272727272728 994 0
iCOQ.s 0.42056074766355145 996 0
iCPC.s 0.4774774774774775 994 0
iCPM.s 0.42056074766355145 996 0
iCPY.s 0.4774774774774775 996 0
iCQG.s 0.4774774774774775 996 0
iCQS.s 0.4774774774774775 996 0
iCQY.s 0.4774774774774775 996 0
iCRK.s 0.4727272727272728 993 0
iCRQ.s 0.4727272727272728 993 0
iCSC.s 0.4774774774774775 996 0
iCSM.s 0.4636363636363636 996 0
iCSZ.s 0.4727272727272728 995 0
iCTG.s 0.4444444444444444 994 0
iCTS.s 0.4774774774774775 996 0
iCTY.s 0.4678899082568807 996 0
iCUK.s 0.4537037037037037 994 0
iCUQ.s 0.4545454545454546 995 0
iCVC.s 0.4727272727272728 996 0
iCVM.s 0.4774774774774775 996 0
iCVY.s 0.42452830188679247 994 0
iCWG.s 0.4864864864864865 994 0
iCWS.s 0.4095238095238095 996 0
iCWY.s 0.42056074766355145 991 0
iCXK.s 0.4545454545454546 995 0
iCXQ.s 0.4818181818181818 994 0
iCYC.s 0.35 996 0
iCYM.s 0.42592592592592593 996 0
iCYY.s 0.4727272727272728 996 0
iCZG.s 0.4678899082568807 994 0
iCZS.s 0.4629629629629629 994 0
iC2K.s 0.4774774774774775 996 0
iCZY.s 0.4774774774774775 996 0
iC2Q.s 0.4774774774774775 994 0
iC3C.s 0.45871559633027525 994 0
iC3M.s 0.4392523364485982 992 0
iC3Y.s 0.4818181818181818 994 0
iC4G.s 0.4774774774774775 996 0
iC4S.s 0.40384615384615385 994 0
iC4Y.s 0.47706422018348627 994 0
iC5K.s 0.4636363636363636 996 0
iC5Q.s 0.4095238095238095 992 0
iC6C.s 0.4636363636363636 996 0
iC6M.s 0.4392523364485982 993 0
iC6Y.s 0.45871559633027525 996 0
iC7G.s 0.4864864864864865 995 0
iC7S.s 0.4444444444444444 994 0
iC7Y.s 0.4537037037037037 994 0
iDAK.s 0.4818181818181818 993 0
iDAQ.s 0.4629629629629629 994 0
iDBC.s 0.4910714285714286 994 0
iDBM.s 0.4864864864864865 994 0
iDBY.s 0.4864864864864865 994 0
iDCG.s 0.4727272727272728 994 0
iDCS.s 0.40384615384615385 995 0
iDCY.s 0.4537037037037037 994 0
iDDK.s 0.4774774774774775 994 0
iDDQ.s 0.4285714285714286 994 0
iDEC.s 0.4910714285714286 995 0
iDEM.s 0.4864864864864865 994 0
iDEY.s 0.36633663366336633 995 1
iDFG.s 0.4545454545454546 995 0
iDFS.s 0.42056074766355145 990 1
iDFY.s 0.4864864864864865 994 0
iDGK.s 0.4495412844036697 994 0
iDGQ.s 0.4910714285714286 994 0
iDHC.s 0.4636363636363636 995 0
iDHM.s 0.4339622641509434 993 0
iDHY.s 0.4339622641509434 994 0
iDII.s 0.42452830188679247 996 0
iDIY.s 0.4774774774774775 995 0
iDJK.s 0.4910714285714286 996 0
iDJQ.s 0.4864864864864865 994 0
iDKC.s 0.4 994 0
iDKM.s 0.4392523364485982 996 0
iDKZ.s 0.4774774774774775 996 0
iDLG.s 0.46846846846846846 996 0
iDLS.s 0.4910714285714286 996 0
iDLY.s 0.4864864864864865 996 0
iDMK.s 0.43518518518518523 994 0
iDMQ.s 0.4818181818181818 996 0
iDNC.s 0.4910714285714286 996 0
iDNM.s 0.4537037037037037 996 0
iDNY.s 0.4862385321100917 994 0
iDOG.s 0.4444444444444444 994 0
iDOS.s 0.44859813084112155 994 0
iDOY.s 0.41346153846153844 994 0
iDPK.s 0.38834951456310685 994 0
iDPQ.s 0.4537037037037037 995 0
iDQC.s 0.37254901960784315 994 0
iDQN.s 0.419047619047619 995 0
iDQZ.s 0.4910714285714286 996 0
iDRG.s 0.44036697247706424 996 0
iDRS.s 0.4444444444444444 995 0
iDRZ.s 0.4864864864864865 996 0
iDSL.s 0.43518518518518523 993 0
iDSQ.s 0.4774774774774775 996 0
iDTC.s 0.4727272727272728 995 0
iDTM.s 0.4910714285714286 996 0
iDTY.s 0.49549549549549554 992 0
iDUG.s 0.41509433962264153 996 0
iDUS.s 0.4910714285714286 996 0
iDUY.s 0.4910714285714286 996 0
iDVK.s 0.49549549549549554 992 0
iDVQ.s 0.49549549549549554 994 0
iDWD.s 0.4727272727272728 996 0
iDWM.s 0.4910714285714286 996 0
iDWZ.s 0.4299065420560748 996 0
iDXG.s 0.49549549549549554 995 0
iDXT.s 0.4821428571428571 996 0
iDXY.s 0.49549549549549554 994 0
iDYK.s 0.49549549549549554 994 0
iDYR.s 0.4818181818181818 995 0
iDZD.s 0.49549549549549554 994 0
iDZN.s 0.4727272727272728 995 0
iDZZ.s 0.4727272727272728 994 0
iD2M.s 0.49549549549549554 994 0
iD2Z.s 0.44339622641509435 994 0
iD3Q.s 0.4864864864864865 995 0
iD4C.s 0.49549549549549554 994 0
iD4M.s 0.5 994 0
iD4Y.s 0.4818181818181818 995 0
iD5G.s 0.49549549549549554 994 0
iD5S.s 0.49549549549549554 994 0
iD5Y.s 0.45871559633027525 994 0
iD6K.s 0.4818181818181818 994 0
iD6Q.s 0.49090909090909096 994 0
iD7C.s 0.4818181818181818 994 0
iD7M.s 0.49549549549549554 995 0
iD7Y.s 0.4910714285714286 994 0
iEAG.s 0.4727272727272728 994 0
iEAS.s 0.4818181818181818 994 0
iEAY.s 0.4910714285714286 992 0
iEBK.s 0.5 994 0
iEBQ.s 0.5 994 0
iECC.s 0.4774774774774775 994 0
iECM.s 0.5 996 0
iECZ.s 0.4864864864864865 994 0
iEDG.s 0.4444444444444444 993 0
iEDS.s 0.4722222222222222 995 0
iEDY.s 0.4818181818181818 994 0
iEEK.s 0.4636363636363636 995 0
iEEQ.s 0.49549549549549554 994 0
iEFC.s 0.5 995 0
iEFM.s 0.4818181818181818 995 0
iEFY.s 0.49090909090909096 995 0
iEGG.s 0.4910714285714286 995 0
iEGS.s 0.4495412844036697 995 0
iEGY.s 0.4629629629629629 994 0
iEHK.s 0.4678899082568807 997 0
iEHQ.s 0.4864864864864865 996 0
iEIC.s 0.4537037037037037 995 0
iEIM.s 0.49549549549549554 997 0
iEIZ.s 0.5 994 0
iEJG.s 0.4636363636363636 993 0
iEJS.s 0.49549549549549554 997 0
iEJZ.s 0.5 996 0
iEKL.s 0.4864864864864865 996 0
iEKQ.s 0.49549549549549554 995 0
iELC.s 0.5 996 0
iELM.s 0.4579439252336449 993 0
iELY.s 0.5 996 0
iEMG.s 0.4864864864864865 996 0
iEMS.s 0.5 996 0
iEMY.s 0.4444444444444444 995 0
iENK.s 0.4818181818181818 996 0
iENQ.s 0.49090909090909096 995 0
iEOC.s 0.4910714285714286 997 0
iEOM.s 0.4818181818181818 996 0
iEOY.s 0.5 996 0
iEPG.s 0.5 996 0
iEPS.s 0.4818181818181818 996 0
iEPY.s 0.5 996 0
iEQK.s 0.5 996 0
iEQQ.s 0.4864864864864865 996 0
iERC.s 0.4818181818181818 996 0
iERM.s 0.4818181818181818 996 0
iERY.s 0.4864864864864865 996 0
iESG.s 0.4537037037037037 996 0
iESS.s 0.5 996 0
iESY.s 0.5 996 0
iETL.s 0.4864864864864865 996 0
iETQ.s 0.5 996 0
iEUM.s 0.4864864864864865 997 0
iEUZ.s 0.4818181818181818 995 0
iEVH.s 0.49549549549549554 995 0
iEVT.s 0.5 995 0
iEVZ.s 0.4910714285714286 996 0
iEWQ.s 0.49549549549549554 997 0
iEXC.s 0.49549549549549554 996 0
iEXM.s 0.5 996 0
iEXY.s 0.4864864864864865 997 0
iEYG.s 0.5 997 0
iEYS.s 0.5 996 0
iEYY.s 0.49549549549549554 997 0
iEZK.s 0.5 997 0
iEZN.s 0.4864864864864865 996 0
iEZZ.s 0.5 997 0
iE2M.s 0.4727272727272728 997 0
iE3G.s 0.4818181818181818 997 0
iE3S.s 0.4774774774774775 996 0
iE3Z.s 0.4636363636363636 996 1
iE4L.s 0.5 997 0
iE4Q.s 0.47706422018348627 995 0
iE5C.s 0.4722222222222222 995 0
iE5M.s 0.4727272727272728 996 0
iE5Y.s 0.5 997 0
iE6H.s 0.5 997 0
iE6T.s 0.5 997 0
iE6Y.s 0.4444444444444444 995 0
iE7K.s 0.4864864864864865 996 0
iE7Q.s 0.45871559633027525 995 0
iFAC.s 0.49549549549549554 997 0
iFAM.s 0.4864864864864865 997 0
iFAY.s 0.49549549549549554 997 0
iFBG.s 0.4864864864864865 997 0
iFBT.s 0.4285714285714286 995 0
iFBY.s 0.44859813084112155 996 0
iFCK.s 0.49549549549549554 996 0
iFCQ.s 0.5 997 0
iFDC.s 0.4862385321100917 997 0
iFDM.s 0.4678899082568807 997 0
iFDY.s 0.4727272727272728 996 0
iFEG.s 0.5 997 0
iFES.s 0.4636363636363636 996 0
iFEY.s 0.4636363636363636 995 0
iFFK.s 0.4678899082568807 996 0
iFFQ.s 0.4818181818181818 996 0
iFGC.s 0.5 997 0
iFGM.s 0.4727272727272728 995 0
iFGY.s 0.4636363636363636 995 0
iFHG.s 0.4727272727272728 995 0
iFHS.s 0.4727272727272728 997 0
iFHY.s 0.5 997 0
iFIK.s 0.4864864864864865 996 0
iFIQ.s 0.4818181818181818 995 0
iFJC.s 0.4495412844036697 997 0
iFJM.s 0.4864864864864865 997 0
iFJY.s 0.5 997 0
iFKG.s 0.4629629629629629 996 0
iFKS.s 0.5 997 0
iFKY.s 0.4774774774774775 997 0
iFLK.s 0.45871559633027525 996 0
iFLQ.s 0.49090909090909096 996 0
iFMC.s 0.4537037037037037 995 1
iFMM.s 0.5 997 0
iFMY.s 0.5 996 0
iFNH.s 0.5 995 0
iFNY.s 0.4727272727272728 996 0
iFOK.s 0.5 997 0
iFOQ.s 0.5 997 0
iFPC.s 0.5 997 0
iFPM.s 0.5 997 0
iFPY.s 0.5 997 0
iFQG.s 0.49090909090909096 997 0
iFQS.s 0.4774774774774775 996 0
iFQY.s 0.5 997 0
iFRK.s 0.43518518518518523 994 0
iFRQ.s 0.4339622641509434 995 0
iFSC.s 0.4864864864864865 996 0
iFSM.s 0.42452830188679247 996 1
iFSY.s 0.4727272727272728 996 1
iFTG.s 0.4727272727272728 996 0
iFTS.s 0.4722222222222222 996 0
iFTY.s 0.41346153846153844 996 0
iFUK.s 0.44339622641509435 995 0
iFUQ.s 0.4722222222222222 996 0
iFVC.s 0.43518518518518523 996 0
iFVM.s 0.4579439252336449 995 0
iFVY.s 0.4727272727272728 992 0
iFWG.s 0.4862385321100917 994 0
iFWS.s 0.5 997 0
iFWZ.s 0.4537037037037037 995 0
iFXL.s 0.4864864864864865 997 0
iFXQ.s 0.4864864864864865 997 0
iFYC.s 0.5 996 0
iFYM.s 0.4910714285714286 994 0
iFYY.s 0.5 997 0
iFZG.s 0.4774774774774775 997 0
iFZS.s 0.4910714285714286 997 0
iF2K.s 0.5 997 0
iFZY.s 0.4774774774774775 997 0
iF2Q.s 0.4864864864864865 996 0
iF3C.s 0.44339622641509435 996 0
iF3M.s 0.4910714285714286 996 0
iF3Y.s 0.4864864864864865 997 0
iF4G.s 0.4392523364485982 993 0
iF4S.s 0.4537037037037037 996 0
iF4Y.s 0.41346153846153844 996 0
iF5K.s 0.45871559633027525 997 0
iF5Q.s 0.49549549549549554 995 0
iF6C.s 0.45871559633027525 997 0
iF6M.s 0.5 997 0
iF6Y.s 0.4727272727272728 996 0
iF7G.s 0.42452830188679247 995 0
iF7S.s 0.3689320388349514 994 0
iF7Y.s 0.4774774774774775 997 0
iGAK.s 0.49090909090909096 995 0
iGAQ.s 0.4864864864864865 997 0
iGBC.s 0.44859813084112155 996 0
