i3.s 0.30208333333333337 992 0
iD.s 0.26315789473684215 993 0
iP.s 0.2989690721649485 988 1
iA3.s 0.26595744680851063 995 0
iAP.s 0.29591836734693877 991 0
iA5.s 0.26595744680851063 987 1
iBJ.s 0.27368421052631575 993 0
iB3.s 0.27368421052631575 992 1
iCB.s 0.3163265306122449 994 1
iC3.s 0.28421052631578947 992 0
iCT.s 0.29166666666666663 993 0
iD3.s 0.35 993 0
iDP.s 0.3465346534653465 994 0
iD5.s 0.33333333333333337 994 0
iEJ.s 0.30927835051546393 995 0
iE3.s 0.3434343434343434 995 0
iFB.s 0.326530612244898 990 0
iF3.s 0.30612244897959184 993 1
iFT.s 0.3232323232323232 992 0
iG3.s 0.29166666666666663 993 0
iGP.s 0.3163265306122449 992 1
iG5.s 0.2989690721649485 991 0
iHJ.s 0.29166666666666663 993 0
iH3.s 0.3434343434343434 995 0
iIB.s 0.3434343434343434 994 0
iI3.s 0.28421052631578947 993 0
iIT.s 0.3163265306122449 994 0
iJ3.s 0.3163265306122449 996 0
iJP.s 0.31958762886597936 994 0
iJ5.s 0.35 991 0
iKJ.s 0.3434343434343434 994 1
iK3.s 0.35 993 0
iLC.s 0.3434343434343434 993 0
iL3.s 0.35 996 0
iLT.s 0.35 993 1
iM3.s 0.3564356435643564 995 0
iMP.s 0.31958762886597936 993 0
iM5.s 0.30927835051546393 993 0
iNJ.s 0.35 995 0
iN3.s 0.326530612244898 996 0
iOB.s 0.36633663366336633 993 1
iO3.s 0.36633663366336633 994 1
iOT.s 0.37254901960784315 994 1
iP3.s 0.3434343434343434 991 1
iPP.s 0.36633663366336633 992 0
iP5.s 0.326530612244898 993 0
iQJ.s 0.3298969072164949 992 0
iQ3.s 0.37623762376237624 992 1
iRB.s 0.33673469387755106 992 0
iR3.s 0.3564356435643564 993 0
iRT.s 0.3232323232323232 994 0
iS3.s 0.3465346534653465 994 0
iSP.s 0.36 994 1
iS5.s 0.36 993 0
iTJ.s 0.36633663366336633 995 0
iT3.s 0.3786407766990292 990 1
iUB.s 0.3564356435643564 994 1
iU3.s 0.37254901960784315 993 0
iUT.s 0.31958762886597936 994 1
iV3.s 0.3786407766990292 995 0
iVP.s 0.3942307692307693 990 1
iV5.s 0.3786407766990292 990 1
iWJ.s 0.37254901960784315 995 0
iW3.s 0.3786407766990292 995 0
iXB.s 0.3786407766990292 990 1
iX3.s 0.3786407766990292 995 0
iXT.s 0.375 995 0
iY3.s 0.3942307692307693 990 1
iYQ.s 0.3786407766990292 992 0
iY5.s 0.3786407766990292 990 0
iZJ.s 0.3942307692307693 994 1
i2B.s 0.36 990 1
iZ3.s 0.326530612244898 995 0
i23.s 0.38834951456310685 994 1
i2T.s 0.36274509803921573 995 0
i33.s 0.3564356435643564 993 1
i3P.s 0.3786407766990292 995 0
i35.s 0.38834951456310685 994 1
i4J.s 0.3942307692307693 990 1
i43.s 0.3564356435643564 992 1
i5B.s 0.3942307692307693 994 1
i53.s 0.33999999999999997 995 1
i5U.s 0.3434343434343434 994 1
i63.s 0.3529411764705882 994 1
i6P.s 0.37254901960784315 993 1
i65.s 0.3564356435643564 994 1
i7J.s 0.4095238095238095 990 1
i73.s 0.38834951456310685 994 1
iAAC.s 0.33333333333333337 996 0
iAA3.s 0.33999999999999997 995 0
iAAT.s 0.3942307692307693 996 1
iAB3.s 0.3786407766990292 994 1
iABP.s 0.3465346534653465 992 0
iAB5.s 0.4 994 1
iACJ.s 0.37623762376237624 996 0
iAC3.s 0.3366336633663366 990 0
iADB.s 0.326530612244898 994 1
iAD3.s 0.4056603773584906 994 1
iADT.s 0.40384615384615385 993 1
iAE3.s 0.38235294117647056 993 1
iAEP.s 0.3786407766990292 994 1
iAE5.s 0.3980582524271845 993 0
iAFJ.s 0.36633663366336633 992 1
iAF3.s 0.34693877551020413 994 1
iAGB.s 0.4 994 1
iAG3.s 0.4056603773584906 990 0
iAGT.s 0.40384615384615385 994 0
iAH3.s 0.3846153846153846 990 0
iAHP.s 0.40384615384615385 993 0
iAH5.s 0.4095238095238095 990 1
iAIJ.s 0.4056603773584906 994 0
iAI3.s 0.326530612244898 995 1
iAJB.s 0.4095238095238095 994 1
iAJ3.s 0.37623762376237624 990 1
iAJT.s 0.4299065420560748 990 0
iAK3.s 0.4056603773584906 996 0
iAKP.s 0.4095238095238095 990 1
iAK5.s 0.3786407766990292 993 0
iALJ.s 0.38834951456310685 990 1
iAL3.s 0.4095238095238095 991 1
iAMB.s 0.3942307692307693 993 1
iAM3.s 0.3921568627450981 993 1
iAMT.s 0.36 992 1
iAN3.s 0.37254901960784315 990 1
iANP.s 0.4 990 0
iAN5.s 0.3980582524271845 990 1
iAOJ.s 0.3564356435643564 990 1
iAO3.s 0.3942307692307693 992 0
iAPB.s 0.3786407766990292 987 1
iAP3.s 0.4095238095238095 991 1
iAPT.s 0.38834951456310685 992 1
iAQ3.s 0.4095238095238095 992 0
iAQP.s 0.4095238095238095 994 0
iAQ5.s 0.4095238095238095 993 0
iARK.s 0.4444444444444444 994 0
iAR3.s 0.43518518518518523 994 0
iASB.s 0.42452830188679247 994 0
iAS3.s 0.36633663366336633 992 0
iAST.s 0.43518518518518523 990 0
iAT3.s 0.42452830188679247 991 1
iATR.s 0.42452830188679247 990 0
iAT5.s 0.42056074766355145 991 0
iAUJ.s 0.4299065420560748 990 0
iAU3.s 0.4299065420560748 994 0
iAVB.s 0.4444444444444444 990 0
iAV3.s 0.4299065420560748 990 0
iAVT.s 0.42056074766355145 994 0
iAW3.s 0.31958762886597936 993 0
iAWP.s 0.4444444444444444 994 0
iAW5.s 0.43518518518518523 990 0
iAXJ.s 0.38834951456310685 990 0
iAX3.s 0.36633663366336633 990 0
iAYB.s 0.4444444444444444 989 0
iAY3.s 0.4299065420560748 990 0
iAYT.s 0.42452830188679247 990 0
iAZ3.s 0.42056074766355145 990 0
iAZP.s 0.4444444444444444 990 0
iA2C.s 0.4299065420560748 994 0
iA2O.s 0.4095238095238095 990 0
iA23.s 0.42452830188679247 994 0
iA3B.s 0.2989690721649485 991 0
iA33.s 0.42452830188679247 991 0
iA3T.s 0.4392523364485982 990 0
iA43.s 0.4444444444444444 993 0
iA4P.s 0.4444444444444444 991 0
iA45.s 0.4444444444444444 992 0
iA5J.s 0.4444444444444444 990 0
iA53.s 0.42452830188679247 992 0
iA6B.s 0.41509433962264153 991 0
iA63.s 0.4444444444444444 991 0
iA6T.s 0.4444444444444444 990 0
iA73.s 0.419047619047619 992 0
iA7P.s 0.42056074766355145 993 0
iA75.s 0.42056074766355145 993 0
iBAJ.s 0.42056074766355145 991 1
iBA3.s 0.36274509803921573 993 0
iBBB.s 0.42056074766355145 991 1
iBB3.s 0.419047619047619 990 0
iBBT.s 0.42592592592592593 992 0
iBC3.s 0.32999999999999996 990 1
iBCP.s 0.4299065420560748 990 0
iBC5.s 0.45871559633027525 990 0
iBDJ.s 0.42452830188679247 990 0
iBD3.s 0.4545454545454546 993 0
iBEB.s 0.38235294117647056 992 0
iBE3.s 0.4444444444444444 991 0
iBET.s 0.3846153846153846 993 0
iBF3.s 0.4339622641509434 990 0
iBFP.s 0.4299065420560748 990 0
iBF5.s 0.4545454545454546 993 0
iBGJ.s 0.4 994 0
iBG3.s 0.4285714285714286 990 0
iBHB.s 0.45871559633027525 990 0
iBH3.s 0.45871559633027525 991 0
iBHT.s 0.45871559633027525 990 0
iBI3.s 0.44859813084112155 991 0
iBIP.s 0.42056074766355145 991 0
iBI5.s 0.43518518518518523 990 0
iBJJ.s 0.45871559633027525 990 0
iBJ3.s 0.45871559633027525 990 0
iBKB.s 0.45871559633027525 990 0
iBK3.s 0.45871559633027525 991 0
iBKT.s 0.45871559633027525 990 0
iBL3.s 0.45871559633027525 991 0
iBLP.s 0.4444444444444444 990 0
iBL5.s 0.45871559633027525 992 0
iBMJ.s 0.45871559633027525 991 0
iBM3.s 0.4444444444444444 991 0
iBNB.s 0.4299065420560748 991 0
iBN3.s 0.4537037037037037 990 0
iBNT.s 0.43518518518518523 992 0
iBO3.s 0.4299065420560748 992 0
iBOP.s 0.45871559633027525 991 0
iBO5.s 0.4444444444444444 991 0
iBPJ.s 0.45871559633027525 992 0
iBP3.s 0.45871559633027525 992 0
iBQC.s 0.45871559633027525 992 0
iBQ3.s 0.4299065420560748 992 0
iBQT.s 0.45871559633027525 992 0
iBR3.s 0.4392523364485982 992 0
iBRP.s 0.4339622641509434 993 0
iBR5.s 0.4299065420560748 993 0
iBSJ.s 0.45871559633027525 991 0
iBS3.s 0.45871559633027525 995 0
iBTB.s 0.45871559633027525 993 0
iBT3.s 0.44859813084112155 992 0
iBTU.s 0.45871559633027525 992 0
iBU3.s 0.45871559633027525 994 0
iBUP.s 0.45871559633027525 992 0
iBU6.s 0.45871559633027525 993 0
iBVK.s 0.4537037037037037 994 0
iBV3.s 0.4444444444444444 993 0
iBWC.s 0.4444444444444444 994 0
iBW3.s 0.44859813084112155 994 0
iBWU.s 0.45871559633027525 992 0
iBX3.s 0.419047619047619 994 0
iBXP.s 0.4636363636363636 995 0
iBX5.s 0.45871559633027525 993 0
iBYJ.s 0.4537037037037037 994 0
iBY3.s 0.45871559633027525 994 0
iBZB.s 0.4392523364485982 995 0
iB2B.s 0.4392523364485982 994 0
iBZP.s 0.4537037037037037 995 0
iB23.s 0.44859813084112155 995 0
iB2P.s 0.41509433962264153 994 0
iB25.s 0.43518518518518523 995 0
iB3J.s 0.4444444444444444 995 0
iB33.s 0.4056603773584906 995 0
iB4B.s 0.45871559633027525 994 0
iB43.s 0.45871559633027525 995 0
iB4T.s 0.45871559633027525 995 0
iB53.s 0.4444444444444444 994 0
iB5P.s 0.4392523364485982 995 0
iB55.s 0.45871559633027525 996 0
iB6J.s 0.44859813084112155 995 0
iB63.s 0.42452830188679247 996 0
iB7B.s 0.4444444444444444 995 0
iB73.s 0.4495412844036697 993 1
iB7T.s 0.40384615384615385 994 0
iCA3.s 0.4545454545454546 994 1
iCAP.s 0.38235294117647056 990 0
iCA5.s 0.4774774774774775 993 0
iCBJ.s 0.4636363636363636 995 0
iCB3.s 0.4636363636363636 995 0
iCCB.s 0.4444444444444444 995 0
iCC3.s 0.43518518518518523 992 1
iCCT.s 0.419047619047619 992 0
iCD3.s 0.46846846846846846 993 1
iCDP.s 0.42056074766355145 993 0
iCD5.s 0.4444444444444444 996 0
iCEJ.s 0.4727272727272728 993 0
iCE3.s 0.4636363636363636 995 0
iCFB.s 0.4545454545454546 990 1
iCF3.s 0.43518518518518523 993 0
iCFU.s 0.45871559633027525 993 0
iCG3.s 0.4678899082568807 994 0
iCGP.s 0.46846846846846846 993 1
iCG5.s 0.4392523364485982 994 1
iCHJ.s 0.4636363636363636 993 1
iCH3.s 0.4727272727272728 996 0
iCIB.s 0.4727272727272728 993 0
iCI3.s 0.42056074766355145 994 0
iCIT.s 0.4537037037037037 992 0
iCJ3.s 0.4727272727272728 993 0
iCJP.s 0.4774774774774775 995 0
iCJ5.s 0.4774774774774775 996 0
iCKJ.s 0.4537037037037037 994 0
iCK3.s 0.4444444444444444 993 0
iCLB.s 0.4727272727272728 993 0
iCL3.s 0.4774774774774775 996 0
iCLT.s 0.4636363636363636 994 0
iCM3.s 0.4444444444444444 994 0
iCMP.s 0.3529411764705882 992 1
iCM5.s 0.4545454545454546 994 0
iCNJ.s 0.4444444444444444 993 0
iCN4.s 0.45871559633027525 994 0
iCOC.s 0.46846846846846846 995 1
iCO3.s 0.43518518518518523 995 1
iCOT.s 0.46846846846846846 995 0
iCP3.s 0.4774774774774775 996 0
iCPP.s 0.4636363636363636 996 0
iCP5.s 0.4774774774774775 996 0
iCQJ.s 0.4339622641509434 996 0
iCQ3.s 0.4545454545454546 996 0
iCRB.s 0.4444444444444444 996 0
iCR3.s 0.4774774774774775 994 0
iCRT.s 0.4636363636363636 996 0
iCS3.s 0.4444444444444444 996 0
iCSQ.s 0.4444444444444444 996 0
iCS5.s 0.4727272727272728 994 0
iCTJ.s 0.46846846846846846 995 0
iCT3.s 0.4636363636363636 996 0
iCUB.s 0.4774774774774775 995 0
iCU3.s 0.4636363636363636 994 0
iCUT.s 0.4774774774774775 996 0
iCV3.s 0.4727272727272728 996 0
iCVP.s 0.4774774774774775 996 0
iCV5.s 0.4636363636363636 996 0
iCWJ.s 0.3564356435643564 994 0
iCW3.s 0.4392523364485982 996 0
iCXB.s 0.4727272727272728 994 0
iCX3.s 0.4636363636363636 995 0
iCXT.s 0.4727272727272728 996 0
iCY3.s 0.4864864864864865 994 0
iCYP.s 0.40384615384615385 993 0
iCY5.s 0.30927835051546393 994 0
iCZJ.s 0.45871559633027525 994 0
iC2B.s 0.4444444444444444 994 0
iCZ3.s 0.4774774774774775 996 0
iC23.s 0.45871559633027525 996 0
iC2T.s 0.43518518518518523 995 0
iC33.s 0.419047619047619 994 0
iC3P.s 0.4678899082568807 996 0
iC35.s 0.4727272727272728 996 0
iC4J.s 0.3904761904761904 994 0
iC43.s 0.4774774774774775 996 0
iC5B.s 0.4339622641509434 993 0
iC53.s 0.4864864864864865 994 0
iC5T.s 0.4579439252336449 995 0
iC63.s 0.4774774774774775 995 0
iC6P.s 0.4864864864864865 995 0
iC65.s 0.4537037037037037 994 0
iC7J.s 0.4774774774774775 996 0
iC73.s 0.4056603773584906 993 0
iDAB.s 0.4910714285714286 996 0
iDA3.s 0.45871559633027525 995 0
iDAT.s 0.4864864864864865 994 0
iDB3.s 0.4910714285714286 994 0
iDBP.s 0.4910714285714286 996 0
iDB5.s 0.4864864864864865 994 0
iDCJ.s 0.4299065420560748 994 0
iDC3.s 0.4678899082568807 995 1
iDDB.s 0.44859813084112155 991 0
iDD3.s 0.4495412844036697 995 0
iDDT.s 0.4095238095238095 990 0
iDE3.s 0.4910714285714286 996 0
iDEP.s 0.4095238095238095 994 0
iDE5.s 0.4864864864864865 995 0
iDFJ.s 0.4629629629629629 995 0
iDF3.s 0.4636363636363636 994 0
iDGB.s 0.4910714285714286 993 0
iDG3.s 0.4821428571428571 996 0
iDGT.s 0.4864864864864865 994 0
iDH3.s 0.4636363636363636 994 0
iDHP.s 0.4495412844036697 996 0
iDH5.s 0.4444444444444444 993 0
iDIL.s 0.4864864864864865 994 0
iDI3.s 0.3942307692307693 994 0
iDJB.s 0.4774774774774775 994 0
iDJ3.s 0.4299065420560748 995 0
iDJT.s 0.4821428571428571 994 0
iDK3.s 0.49549549549549554 994 0
iDKP.s 0.45871559633027525 996 0
iDK5.s 0.46846846846846846 995 0
iDLJ.s 0.4636363636363636 995 0
iDL3.s 0.4774774774774775 993 0
iDMB.s 0.4774774774774775 996 0
iDM3.s 0.33673469387755106 995 0
iDMT.s 0.4077669902912622 994 0
iDN3.s 0.4727272727272728 996 0
iDNP.s 0.4864864864864865 994 0
iDN5.s 0.4818181818181818 994 0
iDOJ.s 0.49549549549549554 994 0
iDO3.s 0.4727272727272728 996 0
iDPB.s 0.44339622641509435 995 0
iDP3.s 0.4864864864864865 994 0
iDPT.s 0.4444444444444444 993 0
iDQ3.s 0.36 994 0
iDQQ.s 0.4774774774774775 996 0
iDQ5.s 0.42056074766355145 995 0
iDRJ.s 0.4537037037037037 992 0
iDR3.s 0.4864864864864865 996 0
iDSC.s 0.4910714285714286 996 0
iDS3.s 0.4821428571428571 996 0
iDST.s 0.4818181818181818 995 0
iDT3.s 0.49549549549549554 995 0
iDTP.s 0.4727272727272728 995 0
iDT5.s 0.4636363636363636 995 0
iDUJ.s 0.4774774774774775 996 0
iDU3.s 0.4774774774774775 996 0
iDVB.s 0.4910714285714286 996 0
iDV3.s 0.4537037037037037 994 0
iDVU.s 0.4774774774774775 996 0
iDW3.s 0.49549549549549554 994 0
iDWQ.s 0.49549549549549554 994 0
iDW5.s 0.4818181818181818 994 0
iDXJ.s 0.4537037037037037 996 0
iDX3.s 0.4910714285714286 996 0
iDYB.s 0.4864864864864865 994 0
iDY3.s 0.4818181818181818 994 0
iDYU.s 0.4864864864864865 994 0
iDZ3.s 0.4818181818181818 994 0
iDZQ.s 0.49549549549549554 994 0
iD2B.s 0.4727272727272728 994 0
iD2P.s 0.49549549549549554 994 0
iD24.s 0.4678899082568807 994 0
iD3C.s 0.42452830188679247 995 1
iD33.s 0.49549549549549554 994 0
iD3T.s 0.49090909090909096 994 0
iD43.s 0.5 992 0
iD4P.s 0.49549549549549554 995 0
iD45.s 0.49549549549549554 995 0
iD5J.s 0.49549549549549554 994 0
iD53.s 0.49549549549549554 994 0
iD6B.s 0.5 994 0
iD63.s 0.5 994 0
iD6T.s 0.5 994 0
iD73.s 0.4910714285714286 995 0
iD7P.s 0.5 994 0
iD75.s 0.4818181818181818 995 0
iEAJ.s 0.49549549549549554 995 0
iEA3.s 0.5 993 0
iEBB.s 0.5 995 0
iEB3.s 0.4727272727272728 992 0
iEBT.s 0.4285714285714286 994 0
iEC3.s 0.4774774774774775 996 0
iECP.s 0.4299065420560748 994 0
iEC5.s 0.4727272727272728 996 0
iEDJ.s 0.5 996 0
iED3.s 0.4636363636363636 994 0
iEEB.s 0.5 996 0
iEE3.s 0.5 994 0
iEET.s 0.4910714285714286 994 0
iEF3.s 0.4636363636363636 994 0
iEFP.s 0.4056603773584906 994 1
iEF5.s 0.4629629629629629 994 0
iEGJ.s 0.3846153846153846 995 0
iEG3.s 0.49090909090909096 995 0
iEHB.s 0.5 996 0
iEH3.s 0.4910714285714286 996 0
iEHT.s 0.4864864864864865 995 0
iEI3.s 0.5 994 0
iEIP.s 0.4821428571428571 994 0
iEI5.s 0.5 996 0
iEJJ.s 0.4727272727272728 996 0
iEJ3.s 0.4864864864864865 995 0
iEKC.s 0.5 996 0
iEK3.s 0.4727272727272728 995 0
iEKT.s 0.49549549549549554 996 0
iEL3.s 0.49090909090909096 995 0
iELP.s 0.47706422018348627 996 0
iEL5.s 0.4864864864864865 996 0
iEMJ.s 0.5 997 0
iEM3.s 0.4818181818181818 996 0
iENB.s 0.4629629629629629 994 0
iEN3.s 0.49549549549549554 994 0
iENT.s 0.4864864864864865 996 0
iEO3.s 0.5 996 0
iEOP.s 0.5 996 0
iEO5.s 0.5 996 0
iEPJ.s 0.47706422018348627 996 0
iEP3.s 0.5 996 0
iEQB.s 0.4864864864864865 996 0
iEQ3.s 0.5 996 0
iEQT.s 0.5 996 0
iER3.s 0.4864864864864865 996 0
iERP.s 0.4864864864864865 995 0
iER5.s 0.5 995 0
iESJ.s 0.4774774774774775 996 0
iES3.s 0.5 996 0
iETB.s 0.5 996 0
iET3.s 0.4864864864864865 996 0
iETT.s 0.5 996 0
iEU3.s 0.5 994 0
iEUP.s 0.5 996 0
iEU5.s 0.5 996 0
iEVK.s 0.5 996 0
iEV4.s 0.5 996 0
iEWC.s 0.4818181818181818 996 0
iEW3.s 0.4864864864864865 996 0
iEWT.s 0.4774774774774775 996 0
iEX3.s 0.5 997 0
iEXP.s 0.5 997 0
iEX5.s 0.4774774774774775 996 0
iEYJ.s 0.5 997 0
iEY3.s 0.4818181818181818 996 0
iEZB.s 0.46846846846846846 995 0
iE2B.s 0.5 997 0
iEZQ.s 0.4727272727272728 996 0
iE23.s 0.5 996 0
iE2R.s 0.5 997 0
iE25.s 0.4910714285714286 997 0
iE3J.s 0.4339622641509434 995 0
iE33.s 0.4774774774774775 996 0
iE4C.s 0.4727272727272728 996 0
iE43.s 0.49090909090909096 996 0
iE4T.s 0.49549549549549554 997 0
iE53.s 0.5 997 0
iE5P.s 0.5 997 0
iE55.s 0.4629629629629629 996 0
iE6K.s 0.4678899082568807 996 0
iE63.s 0.45871559633027525 997 0
iE7B.s 0.4579439252336449 994 0
iE73.s 0.4864864864864865 997 0
iE7T.s 0.49549549549549554 996 0
iFA3.s 0.42452830188679247 995 0
iFAP.s 0.47706422018348627 997 0
iFA5.s 0.5 997 0
iFBJ.s 0.4910714285714286 997 0
iFB3.s 0.45871559633027525 997 0
iFCB.s 0.4727272727272728 995 0
iFC3.s 0.4864864864864865 997 0
iFCT.s 0.4678899082568807 997 0
iFD3.s 0.4774774774774775 997 0
iFDP.s 0.4678899082568807 996 0
iFD5.s 0.5 996 0
iFEJ.s 0.5 997 0
iFE3.s 0.5 997 0
iFFB.s 0.49549549549549554 995 0
iFF3.s 0.4774774774774775 994 0
iFFT.s 0.4910714285714286 994 0
iFG3.s 0.4392523364485982 996 0
iFGP.s 0.5 997 0
iFG5.s 0.4495412844036697 997 0
iFHJ.s 0.5 995 0
iFH3.s 0.5 997 0
iFIB.s 0.4537037037037037 995 0
iFI3.s 0.4299065420560748 997 0
iFIT.s 0.4727272727272728 997 0
iFJ3.s 0.3846153846153846 993 0
iFJP.s 0.4629629629629629 994 0
iFJ5.s 0.49549549549549554 997 0
iFKJ.s 0.4910714285714286 996 0
iFK3.s 0.38613861386138615 992 0
iFLB.s 0.4864864864864865 996 0
iFL3.s 0.4629629629629629 995 0
iFLT.s 0.4495412844036697 995 0
iFM3.s 0.47706422018348627 996 0
iFMP.s 0.5 997 0
iFM6.s 0.4285714285714286 996 0
iFNK.s 0.4727272727272728 995 0
iFN3.s 0.4579439252336449 995 0
iFOB.s 0.5 997 0
iFO3.s 0.5 997 0
iFOT.s 0.4019607843137255 994 0
iFP3.s 0.4864864864864865 995 0
iFPP.s 0.4339622641509434 996 0
iFP5.s 0.4864864864864865 997 0
iFQJ.s 0.4774774774774775 997 0
iFQ3.s 0.4864864864864865 996 0
iFRB.s 0.5 997 0
iFR3.s 0.5 997 0
iFRT.s 0.45871559633027525 996 0
iFS3.s 0.4678899082568807 996 0
iFSP.s 0.4864864864864865 995 0
iFS5.s 0.4678899082568807 996 0
iFTJ.s 0.5 997 0
iFT3.s 0.4537037037037037 993 0
iFUB.s 0.5 997 0
iFU3.s 0.4864864864864865 997 0
iFUT.s 0.4727272727272728 995 0
iFV3.s 0.42307692307692313 996 0
iFVP.s 0.4678899082568807 993 0
iFV5.s 0.4864864864864865 996 0
iFWJ.s 0.4818181818181818 994 0
iFW3.s 0.45871559633027525 994 0
iFXC.s 0.5 996 0
iFX3.s 0.4678899082568807 994 0
iFXT.s 0.4864864864864865 997 0
iFY3.s 0.4864864864864865 997 0
iFYP.s 0.5 997 0
iFY5.s 0.5 997 0
iFZJ.s 0.5 997 0
iF2B.s 0.43518518518518523 997 0
iFZ3.s 0.5 996 0
iF23.s 0.5 997 0
iF2T.s 0.419047619047619 994 0
iF33.s 0.5 997 0
iF3P.s 0.5 997 0
iF35.s 0.4774774774774775 997 0
iF4J.s 0.5 996 0
iF43.s 0.4910714285714286 996 0
iF5B.s 0.5 997 0
iF53.s 0.5 997 0
iF5T.s 0.4818181818181818 996 0
iF63.s 0.5 997 0
iF6P.s 0.4019607843137255 991 0
iF65.s 0.4818181818181818 996 0
iF7J.s 0.5 997 0
iF73.s 0.4910714285714286 997 0
iGAB.s 0.4444444444444444 994 0
iGA3.s 0.4629629629629629 996 0
iGAT.s 0.4818181818181818 994 0
