iA.s 0.3163265306122449 992 0
iI.s 0.21978021978021978 987 0
iU.s 0.26315789473684215 993 0
iAI.s 0.326530612244898 992 0
iAU.s 0.28421052631578947 994 0
iBC.s 0.30927835051546393 991 0
iBO.s 0.26315789473684215 992 1
iBU.s 0.28421052631578947 994 0
iCG.s 0.3163265306122449 992 0
iCM.s 0.3232323232323232 991 0
iCY.s 0.30927835051546393 991 0
iDI.s 0.31958762886597936 992 0
iDU.s 0.3232323232323232 992 0
iEC.s 0.35 995 0
iEO.s 0.28421052631578947 994 0
iEU.s 0.31958762886597936 992 0
iFG.s 0.27368421052631575 991 0
iFM.s 0.29166666666666663 991 1
iFY.s 0.27368421052631575 987 1
iGI.s 0.29166666666666663 994 0
iGU.s 0.3529411764705882 991 1
iHC.s 0.3232323232323232 994 1
iHO.s 0.30927835051546393 994 0
iHU.s 0.30927835051546393 994 1
iIG.s 0.35 993 0
iIM.s 0.35 993 0
iIY.s 0.30612244897959184 993 0
iJI.s 0.3434343434343434 995 0
iJU.s 0.32999999999999996 994 0
iKC.s 0.33999999999999997 995 0
iKO.s 0.3465346534653465 994 0
iKV.s 0.3465346534653465 995 1
iLH.s 0.3163265306122449 995 0
iLM.s 0.35 996 0
iLY.s 0.35 995 0
iMI.s 0.35 995 0
iMU.s 0.36 994 1
iNC.s 0.36 992 0
iNO.s 0.35 995 0
iNU.s 0.35 994 0
iOG.s 0.35 994 0
iOM.s 0.3535353535353535 992 0
iOY.s 0.28421052631578947 990 0
iPI.s 0.37623762376237624 993 1
iPU.s 0.35 994 0
iQC.s 0.36274509803921573 993 0
iQO.s 0.31958762886597936 992 0
iQU.s 0.37254901960784315 994 1
iRG.s 0.33333333333333337 991 0
iRM.s 0.36633663366336633 994 1
iRY.s 0.36 994 0
iSI.s 0.36633663366336633 994 1
iSU.s 0.36 991 0
iTC.s 0.30208333333333337 991 1
iTO.s 0.35 994 1
iTU.s 0.33673469387755106 994 0
iUG.s 0.36633663366336633 995 0
iUM.s 0.35 995 0
iUY.s 0.37623762376237624 990 1
iVI.s 0.3786407766990292 995 0
iVU.s 0.37254901960784315 993 1
iWC.s 0.3564356435643564 990 1
iWO.s 0.3564356435643564 990 0
iWU.s 0.3786407766990292 992 0
iXG.s 0.36633663366336633 994 1
iXM.s 0.3786407766990292 995 0
iXY.s 0.3786407766990292 993 1
iYI.s 0.3689320388349514 992 1
iYV.s 0.3786407766990292 990 1
iZC.s 0.37254901960784315 995 0
iZO.s 0.3786407766990292 995 0
i2G.s 0.36274509803921573 995 0
iZU.s 0.37254901960784315 995 0
i2M.s 0.36633663366336633 994 0
i2Y.s 0.3786407766990292 995 0
i3I.s 0.33999999999999997 995 0
i3U.s 0.36633663366336633 991 0
i4C.s 0.3535353535353535 994 1
i4O.s 0.35 994 1
i4U.s 0.3786407766990292 990 1
i5G.s 0.36274509803921573 994 0
i5M.s 0.3846153846153846 994 1
i5Z.s 0.3786407766990292 990 0
i6I.s 0.40384615384615385 993 1
i6U.s 0.3942307692307693 993 1
i7C.s 0.35 995 1
i7O.s 0.3942307692307693 994 0
i7V.s 0.3942307692307693 994 1
iAAH.s 0.3942307692307693 996 0
iAAM.s 0.4056603773584906 990 0
iAAY.s 0.3942307692307693 990 0
iABI.s 0.3232323232323232 992 1
iABU.s 0.37254901960784315 991 0
iACC.s 0.32999999999999996 993 0
iACO.s 0.36 992 0
iACU.s 0.30208333333333337 995 0
iADG.s 0.4 996 1
iADM.s 0.4 994 1
iADY.s 0.36274509803921573 990 0
iAEI.s 0.4 994 1
iAEU.s 0.40384615384615385 992 1
iAFC.s 0.3980582524271845 992 1
iAFO.s 0.40384615384615385 993 0
iAFU.s 0.38235294117647056 993 0
iAGG.s 0.40384615384615385 989 0
iAGM.s 0.4095238095238095 990 1
iAGY.s 0.40384615384615385 993 1
iAHI.s 0.4056603773584906 990 0
iAHU.s 0.326530612244898 993 0
iAIC.s 0.36 993 1
iAIO.s 0.4 994 0
iAIU.s 0.3529411764705882 990 0
iAJG.s 0.36274509803921573 993 1
iAJM.s 0.3786407766990292 990 0
iAJY.s 0.4056603773584906 996 0
iAKI.s 0.3786407766990292 996 0
iAKU.s 0.4056603773584906 992 0
iALC.s 0.36633663366336633 993 1
iALO.s 0.33673469387755106 990 0
iALU.s 0.326530612244898 991 0
iAMG.s 0.4444444444444444 990 0
iAMM.s 0.4095238095238095 992 0
iAMY.s 0.37 991 1
iANI.s 0.41509433962264153 993 0
iANU.s 0.41346153846153844 994 0
iAOC.s 0.41346153846153844 994 0
iAOO.s 0.38834951456310685 995 1
iAOU.s 0.4095238095238095 993 0
iAPG.s 0.23655913978494625 991 1
iAPM.s 0.3689320388349514 992 0
iAPY.s 0.31958762886597936 994 0
iAQI.s 0.4095238095238095 994 1
iAQU.s 0.4095238095238095 994 1
iARC.s 0.4444444444444444 994 0
iARP.s 0.4444444444444444 990 0
iARU.s 0.4299065420560748 994 0
iASG.s 0.4095238095238095 990 0
iASM.s 0.4095238095238095 990 0
iASY.s 0.42452830188679247 994 0
iATK.s 0.4299065420560748 990 0
iATW.s 0.4444444444444444 990 0
iAUC.s 0.4444444444444444 990 0
iAUQ.s 0.42056074766355145 994 0
iAUU.s 0.4444444444444444 989 0
iAVG.s 0.4392523364485982 990 0
iAVM.s 0.3846153846153846 991 0
iAVY.s 0.3904761904761904 993 0
iAWI.s 0.4444444444444444 990 0
iAWU.s 0.37254901960784315 991 0
iAXC.s 0.4444444444444444 989 0
iAXO.s 0.33333333333333337 993 0
iAXU.s 0.42452830188679247 990 0
iAYG.s 0.4299065420560748 990 0
iAYM.s 0.40384615384615385 991 0
iAYY.s 0.4392523364485982 990 0
iAZI.s 0.4285714285714286 994 0
iAZU.s 0.4056603773584906 994 0
iA2H.s 0.4095238095238095 990 0
iA2T.s 0.4095238095238095 990 0
iA2U.s 0.3904761904761904 992 0
iA3G.s 0.3846153846153846 991 0
iA3M.s 0.4299065420560748 990 0
iA3Y.s 0.4444444444444444 990 0
iA4I.s 0.4444444444444444 990 0
iA4U.s 0.4299065420560748 990 0
iA5C.s 0.42056074766355145 993 1
iA5O.s 0.41346153846153844 994 1
iA5U.s 0.38834951456310685 990 0
iA6G.s 0.3846153846153846 992 0
iA6M.s 0.419047619047619 993 0
iA6Y.s 0.4444444444444444 993 0
iA7I.s 0.4392523364485982 990 0
iA7U.s 0.45871559633027525 989 0
iBAC.s 0.375 994 0
iBAO.s 0.44036697247706424 993 0
iBAU.s 0.4444444444444444 994 0
iBBG.s 0.4299065420560748 994 0
iBBM.s 0.40384615384615385 989 0
iBBY.s 0.42056074766355145 993 0
iBCI.s 0.4495412844036697 990 0
iBCU.s 0.43518518518518523 990 0
iBDC.s 0.43518518518518523 991 0
iBDO.s 0.4537037037037037 994 0
iBDU.s 0.3904761904761904 993 0
iBEG.s 0.4495412844036697 990 0
iBEM.s 0.33999999999999997 993 1
iBEY.s 0.44859813084112155 990 0
iBFI.s 0.4444444444444444 989 0
iBFU.s 0.4545454545454546 994 0
iBGC.s 0.4537037037037037 990 0
iBGO.s 0.45871559633027525 990 0
iBGU.s 0.43518518518518523 994 1
iBHG.s 0.45871559633027525 990 0
iBHM.s 0.45871559633027525 991 0
iBHY.s 0.4495412844036697 990 0
iBII.s 0.4537037037037037 990 0
iBIU.s 0.45871559633027525 990 0
iBJC.s 0.45871559633027525 991 0
iBJO.s 0.45871559633027525 990 0
iBJU.s 0.45871559633027525 992 0
iBKG.s 0.4095238095238095 990 0
iBKM.s 0.4444444444444444 990 0
iBKY.s 0.4444444444444444 990 0
iBLI.s 0.4444444444444444 991 0
iBLU.s 0.45871559633027525 991 0
iBMC.s 0.45871559633027525 991 0
iBMO.s 0.45871559633027525 991 0
iBMU.s 0.45871559633027525 992 0
iBNG.s 0.45871559633027525 991 0
iBNM.s 0.45871559633027525 991 0
iBNY.s 0.45871559633027525 991 0
iBOI.s 0.4495412844036697 991 0
iBOU.s 0.4285714285714286 993 0
iBPC.s 0.4299065420560748 991 0
iBPO.s 0.4444444444444444 993 0
iBPU.s 0.4495412844036697 992 0
iBQH.s 0.45871559633027525 992 0
iBQM.s 0.45871559633027525 991 0
iBQY.s 0.4537037037037037 993 0
iBRI.s 0.4537037037037037 992 0
iBRV.s 0.4444444444444444 992 0
iBSC.s 0.4495412844036697 992 0
iBSO.s 0.45871559633027525 992 0
iBSU.s 0.4444444444444444 993 0
iBTG.s 0.45871559633027525 992 0
iBTN.s 0.45871559633027525 992 0
iBUA.s 0.45871559633027525 992 0
iBUI.s 0.4339622641509434 993 0
iBUU.s 0.4444444444444444 993 0
iBVD.s 0.45871559633027525 993 0
iBVP.s 0.4495412844036697 995 0
iBVV.s 0.4444444444444444 993 0
iBWH.s 0.45871559633027525 993 0
iBWM.s 0.4444444444444444 994 0
iBWZ.s 0.4537037037037037 993 0
iBXI.s 0.45871559633027525 993 0
iBXU.s 0.4392523364485982 995 0
iBYC.s 0.4444444444444444 995 0
iBYO.s 0.4056603773584906 994 0
iBYU.s 0.4444444444444444 995 0
iBZG.s 0.45871559633027525 992 0
iBZ4.s 0.44859813084112155 994 0
iBZU.s 0.4495412844036697 995 0
iB2I.s 0.45871559633027525 995 0
iB2U.s 0.4444444444444444 995 0
iB3C.s 0.4095238095238095 995 0
iB3O.s 0.419047619047619 995 0
iB3U.s 0.45871559633027525 994 0
iB4G.s 0.4444444444444444 993 0
iB4M.s 0.4392523364485982 993 0
iB4Y.s 0.4537037037037037 995 0
iB5I.s 0.45871559633027525 995 0
iB5U.s 0.45871559633027525 994 0
iB6C.s 0.4537037037037037 995 0
iB6O.s 0.42307692307692313 995 0
iB6U.s 0.4444444444444444 993 0
iB7G.s 0.4444444444444444 995 0
iB7M.s 0.3564356435643564 995 0
iB7Y.s 0.4299065420560748 994 0
iCAI.s 0.4380952380952381 996 0
iCAU.s 0.3529411764705882 994 1
iCBC.s 0.4537037037037037 995 0
iCBO.s 0.4537037037037037 996 0
iCBU.s 0.46846846846846846 993 1
iCCG.s 0.44036697247706424 995 0
iCCM.s 0.419047619047619 995 0
iCCY.s 0.4537037037037037 994 0
iCDI.s 0.4444444444444444 993 0
iCDU.s 0.45871559633027525 993 0
iCEC.s 0.4636363636363636 993 1
iCEO.s 0.4774774774774775 993 0
iCEU.s 0.4444444444444444 993 0
iCFG.s 0.43518518518518523 993 1
iCFM.s 0.4495412844036697 995 0
iCFZ.s 0.4495412844036697 990 0
iCGI.s 0.4774774774774775 995 0
iCGU.s 0.4537037037037037 994 0
iCHC.s 0.4774774774774775 995 0
iCHO.s 0.46846846846846846 994 0
iCHU.s 0.4774774774774775 995 0
iCIG.s 0.45871559633027525 993 0
iCIM.s 0.4636363636363636 996 0
iCIZ.s 0.45871559633027525 996 0
iCJI.s 0.4636363636363636 993 0
iCJU.s 0.45871559633027525 993 0
iCKC.s 0.4774774774774775 993 0
iCKO.s 0.4392523364485982 992 0
iCKU.s 0.4495412844036697 994 0
iCLG.s 0.4774774774774775 994 0
iCLM.s 0.4727272727272728 996 0
iCLY.s 0.4774774774774775 994 0
iCMI.s 0.46846846846846846 994 0
iCMU.s 0.4495412844036697 995 0
iCNC.s 0.4495412844036697 994 0
iCNO.s 0.43518518518518523 995 0
iCNV.s 0.4774774774774775 996 0
iCOH.s 0.4774774774774775 995 0
iCOM.s 0.4727272727272728 995 0
iCOY.s 0.4537037037037037 995 0
iCPI.s 0.4636363636363636 996 0
iCPU.s 0.4774774774774775 996 0
iCQC.s 0.4774774774774775 995 0
iCQO.s 0.4774774774774775 995 0
iCQU.s 0.46846846846846846 996 0
iCRG.s 0.4774774774774775 996 0
iCRM.s 0.45871559633027525 995 0
iCRY.s 0.4636363636363636 996 0
iCSI.s 0.42592592592592593 996 0
iCSV.s 0.4774774774774775 996 0
iCTC.s 0.4774774774774775 996 0
iCTO.s 0.4444444444444444 996 0
iCTU.s 0.37254901960784315 996 0
iCUG.s 0.4774774774774775 996 0
iCUM.s 0.4678899082568807 996 0
iCUY.s 0.4339622641509434 997 0
iCVI.s 0.45871559633027525 995 0
iCVU.s 0.4636363636363636 996 0
iCWC.s 0.4636363636363636 996 0
iCWO.s 0.4299065420560748 996 0
iCWU.s 0.3942307692307693 995 0
iCXG.s 0.4774774774774775 996 0
iCXM.s 0.4537037037037037 996 0
iCXY.s 0.4774774774774775 994 0
iCYI.s 0.4636363636363636 995 0
iCYU.s 0.4774774774774775 996 0
iCZC.s 0.44859813084112155 994 0
iCZO.s 0.4299065420560748 993 0
iC2G.s 0.4818181818181818 994 0
iCZU.s 0.29166666666666663 991 0
iC2M.s 0.4299065420560748 994 0
iC2Y.s 0.4444444444444444 996 0
iC3I.s 0.3904761904761904 995 1
iC3U.s 0.4495412844036697 995 0
iC4C.s 0.4056603773584906 996 0
iC4O.s 0.3846153846153846 992 0
iC4U.s 0.4864864864864865 993 0
iC5G.s 0.4636363636363636 996 0
iC5M.s 0.4864864864864865 994 0
iC5Y.s 0.4727272727272728 993 0
iC6I.s 0.45871559633027525 994 0
iC6U.s 0.4910714285714286 996 0
iC7C.s 0.47706422018348627 995 0
iC7O.s 0.4910714285714286 994 0
iC7U.s 0.45871559633027525 995 0
iDAG.s 0.4818181818181818 994 0
iDAM.s 0.4864864864864865 994 0
iDAY.s 0.4910714285714286 996 0
iDBI.s 0.3846153846153846 994 0
iDBU.s 0.4864864864864865 994 0
iDCC.s 0.4864864864864865 994 0
iDCO.s 0.44859813084112155 994 0
iDCU.s 0.4864864864864865 994 0
iDDG.s 0.4864864864864865 993 0
iDDM.s 0.4537037037037037 994 0
iDDY.s 0.4299065420560748 995 0
iDEI.s 0.4444444444444444 994 1
iDEU.s 0.4444444444444444 994 0
iDFC.s 0.41509433962264153 996 0
iDFO.s 0.44859813084112155 995 0
iDFU.s 0.49549549549549554 994 0
iDGG.s 0.4864864864864865 995 0
iDGM.s 0.4774774774774775 995 0
iDGY.s 0.4537037037037037 995 0
iDHI.s 0.4495412844036697 995 0
iDHU.s 0.4910714285714286 996 0
iDIC.s 0.4774774774774775 996 0
iDIQ.s 0.4299065420560748 995 0
iDIU.s 0.4910714285714286 995 0
iDJG.s 0.4774774774774775 993 0
iDJM.s 0.419047619047619 994 0
iDJY.s 0.44859813084112155 994 0
iDKI.s 0.49549549549549554 994 0
iDKU.s 0.4818181818181818 994 0
iDLC.s 0.36274509803921573 996 0
iDLO.s 0.4727272727272728 994 0
iDLU.s 0.4112149532710281 995 1
iDMG.s 0.4818181818181818 995 0
iDMM.s 0.49549549549549554 994 0
iDMY.s 0.4864864864864865 996 0
iDNI.s 0.49549549549549554 994 0
iDNU.s 0.4910714285714286 995 0
iDOC.s 0.4910714285714286 996 0
iDOO.s 0.37254901960784315 994 0
iDOU.s 0.4537037037037037 996 0
iDPG.s 0.4537037037037037 994 0
iDPM.s 0.42452830188679247 994 0
iDPY.s 0.47706422018348627 994 0
iDQJ.s 0.4636363636363636 996 0
iDQV.s 0.4864864864864865 994 0
iDRC.s 0.41346153846153844 996 0
iDRO.s 0.4537037037037037 992 0
iDRV.s 0.4495412844036697 996 0
iDSH.s 0.4910714285714286 996 0
iDSM.s 0.4444444444444444 996 0
iDSY.s 0.4774774774774775 996 0
iDTI.s 0.4910714285714286 996 0
iDTU.s 0.4910714285714286 994 0
iDUC.s 0.4392523364485982 993 0
iDUO.s 0.46846846846846846 996 0
iDUU.s 0.49549549549549554 994 0
iDVG.s 0.4910714285714286 996 0
iDVM.s 0.49549549549549554 994 0
iDVZ.s 0.4910714285714286 996 0
iDWI.s 0.4864864864864865 994 0
iDWV.s 0.49549549549549554 994 0
iDXC.s 0.4910714285714286 996 0
iDXP.s 0.4910714285714286 996 0
iDXU.s 0.4818181818181818 995 0
iDYG.s 0.49090909090909096 994 0
iDYN.s 0.4864864864864865 992 0
iDYZ.s 0.5 994 0
iDZI.s 0.49090909090909096 992 0
iDZV.s 0.49090909090909096 994 0
iD2I.s 0.4818181818181818 994 0
iDZ4.s 0.4629629629629629 994 0
iD2V.s 0.4629629629629629 995 0
iD3H.s 0.4818181818181818 992 0
iD3M.s 0.49549549549549554 994 0
iD3Y.s 0.47706422018348627 994 0
iD4I.s 0.49549549549549554 995 0
iD4U.s 0.4678899082568807 995 0
iD5C.s 0.47706422018348627 995 0
iD5O.s 0.5 996 0
iD5U.s 0.49549549549549554 995 0
iD6G.s 0.4537037037037037 995 1
iD6M.s 0.4864864864864865 995 0
iD6Y.s 0.4774774774774775 995 0
iD7I.s 0.47706422018348627 995 0
iD7U.s 0.5 994 0
iEAC.s 0.4678899082568807 994 0
iEAO.s 0.4818181818181818 995 0
iEAU.s 0.4727272727272728 995 0
iEBG.s 0.5 995 0
iEBM.s 0.49549549549549554 996 0
iEBY.s 0.40384615384615385 994 0
iECI.s 0.5 997 0
iECV.s 0.4678899082568807 994 0
iEDC.s 0.5 995 0
iEDO.s 0.5 994 0
iEDU.s 0.4818181818181818 994 0
iEEG.s 0.45871559633027525 994 0
iEEM.s 0.45871559633027525 994 0
iEEY.s 0.4678899082568807 995 0
iEFI.s 0.4864864864864865 995 0
iEFU.s 0.5 996 0
iEGC.s 0.4774774774774775 995 0
iEGO.s 0.44859813084112155 995 0
iEGU.s 0.5 996 0
iEHG.s 0.4636363636363636 996 0
iEHM.s 0.4629629629629629 992 0
iEHY.s 0.44339622641509435 996 0
iEII.s 0.5 995 0
iEIU.s 0.4910714285714286 995 0
iEJC.s 0.4678899082568807 994 0
iEJO.s 0.4864864864864865 996 0
iEJV.s 0.4910714285714286 996 0
iEKH.s 0.4910714285714286 995 0
iEKM.s 0.4818181818181818 994 0
iEKY.s 0.5 996 0
iELI.s 0.4678899082568807 995 0
iELU.s 0.4821428571428571 996 0
iEMC.s 0.5 996 0
iEMO.s 0.5 995 0
iEMU.s 0.4864864864864865 996 0
iENG.s 0.5 996 0
iENM.s 0.5 996 0
iENY.s 0.4910714285714286 996 0
iEOI.s 0.5 996 0
iEOU.s 0.5 996 0
iEPC.s 0.49549549549549554 996 0
iEPO.s 0.4774774774774775 996 0
iEPU.s 0.5 996 0
iEQG.s 0.4910714285714286 995 0
iEQM.s 0.5 996 0
iEQY.s 0.4910714285714286 997 0
iERI.s 0.5 996 0
iERU.s 0.4864864864864865 996 0
iESC.s 0.5 996 0
iESO.s 0.5 996 0
iESU.s 0.4818181818181818 996 0
iETG.s 0.4910714285714286 996 0
iETM.s 0.5 996 0
iETZ.s 0.4727272727272728 996 0
iEUI.s 0.49549549549549554 996 0
iEUU.s 0.49549549549549554 995 0
iEVD.s 0.5 997 0
iEVP.s 0.5 996 0
iEVV.s 0.5 996 0
iEWI.s 0.4629629629629629 996 0
iEWM.s 0.5 996 0
iEWY.s 0.5 996 0
iEXI.s 0.5 995 0
iEXU.s 0.5 996 0
iEYC.s 0.4864864864864865 995 0
iEYO.s 0.4727272727272728 996 0
iEYU.s 0.4818181818181818 996 0
iEZG.s 0.5 996 0
iEZ4.s 0.4910714285714286 997 0
iEZV.s 0.5 997 0
iE2I.s 0.4864864864864865 997 0
iE2X.s 0.5 997 0
iE3C.s 0.5 996 0
iE3O.s 0.5 996 0
iE3V.s 0.5 997 0
iE4H.s 0.4727272727272728 997 0
iE4M.s 0.4678899082568807 996 0
iE4Y.s 0.5 997 0
iE5I.s 0.46846846846846846 994 0
iE5U.s 0.45871559633027525 996 0
iE6D.s 0.5 997 0
iE6P.s 0.4678899082568807 996 0
iE6U.s 0.4821428571428571 994 0
iE7G.s 0.4774774774774775 995 0
iE7M.s 0.4818181818181818 997 0
iE7Y.s 0.4818181818181818 997 0
iFAI.s 0.4910714285714286 997 0
iFAU.s 0.4678899082568807 997 0
iFBC.s 0.44859813084112155 996 0
iFBP.s 0.4678899082568807 997 0
iFBU.s 0.5 997 0
iFCG.s 0.4910714285714286 997 0
iFCM.s 0.3942307692307693 992 0
iFCY.s 0.4285714285714286 995 0
iFDI.s 0.4864864864864865 997 0
iFDU.s 0.5 997 0
iFEC.s 0.4678899082568807 997 0
iFEO.s 0.49549549549549554 996 0
iFEU.s 0.5 996 0
iFFG.s 0.5 996 0
iFFM.s 0.5 995 0
iFFY.s 0.5 996 0
iFGI.s 0.5 997 0
iFGU.s 0.5 997 0
iFHC.s 0.4864864864864865 996 0
iFHO.s 0.5 997 0
iFHU.s 0.5 997 0
iFIG.s 0.5 997 0
iFIM.s 0.40384615384615385 994 0
iFIY.s 0.4392523364485982 994 0
iFJI.s 0.4339622641509434 996 0
iFJU.s 0.4678899082568807 996 0
iFKC.s 0.419047619047619 994 0
iFKO.s 0.4678899082568807 994 0
iFKU.s 0.5 996 0
iFLG.s 0.4864864864864865 994 0
iFLM.s 0.4299065420560748 995 0
iFLY.s 0.4727272727272728 996 0
iFMI.s 0.4537037037037037 994 0
iFMU.s 0.4864864864864865 997 0
iFND.s 0.44859813084112155 995 0
iFNP.s 0.5 997 0
iFNU.s 0.4678899082568807 994 0
iFOG.s 0.5 997 0
iFOM.s 0.45871559633027525 995 0
iFOY.s 0.5 994 0
iFPI.s 0.5 997 0
iFPU.s 0.5 996 0
iFQC.s 0.4537037037037037 996 0
iFQO.s 0.4774774774774775 996 0
iFQU.s 0.5 997 0
iFRG.s 0.4910714285714286 996 0
iFRM.s 0.4727272727272728 997 0
iFRY.s 0.49090909090909096 997 0
iFSI.s 0.4910714285714286 997 0
iFSU.s 0.5 997 0
iFTC.s 0.49090909090909096 994 0
iFTO.s 0.4821428571428571 996 1
iFTU.s 0.4495412844036697 995 0
iFUG.s 0.4864864864864865 997 0
iFUM.s 0.4727272727272728 996 0
iFUY.s 0.4495412844036697 996 0
iFVI.s 0.42056074766355145 996 0
iFVU.s 0.4285714285714286 994 0
iFWC.s 0.45871559633027525 995 0
iFWO.s 0.5 996 0
iFWV.s 0.42452830188679247 996 0
iFXH.s 0.44859813084112155 996 0
iFXM.s 0.5 997 0
iFXY.s 0.4339622641509434 997 0
iFYI.s 0.5 997 0
iFYU.s 0.4821428571428571 997 0
iFZC.s 0.4818181818181818 996 0
iFZO.s 0.4537037037037037 996 0
iF2G.s 0.4864864864864865 997 0
iFZU.s 0.4727272727272728 996 0
iF2M.s 0.4392523364485982 996 0
iF2Y.s 0.5 997 0
iF3I.s 0.4299065420560748 996 0
iF3U.s 0.4629629629629629 997 0
iF4C.s 0.4864864864864865 996 0
iF4O.s 0.49549549549549554 997 0
iF4U.s 0.45871559633027525 996 0
iF5G.s 0.4629629629629629 997 0
iF5M.s 0.4722222222222222 997 0
iF5Y.s 0.42307692307692313 995 0
iF6I.s 0.4495412844036697 996 1
iF6U.s 0.4727272727272728 994 0
iF7C.s 0.4537037037037037 995 0
iF7O.s 0.4537037037037037 997 0
iF7U.s 0.4392523364485982 996 0
iGAG.s 0.4910714285714286 997 0
iGAM.s 0.4727272727272728 996 0
iGAY.s 0.4392523364485982 994 0
