i7.s 0.24731182795698925 994 0
iH.s 0.26595744680851063 995 0
iT.s 0.27368421052631575 992 1
iAH.s 0.30208333333333337 995 0
iAT.s 0.26595744680851063 995 1
iBB.s 0.3125 996 0
iBN.s 0.3232323232323232 994 1
iB7.s 0.326530612244898 993 1
iCF.s 0.29166666666666663 995 1
iC7.s 0.35 993 0
iCX.s 0.26595744680851063 992 1
iDH.s 0.26595744680851063 993 0
iDT.s 0.25531914893617025 991 1
iEB.s 0.2947368421052632 992 1
iEN.s 0.27083333333333337 993 1
iE7.s 0.2989690721649485 996 0
iFF.s 0.3434343434343434 994 0
iF7.s 0.276595744680851 993 0
iFX.s 0.276595744680851 991 0
iGH.s 0.36 992 0
iGT.s 0.326530612244898 990 0
iHB.s 0.3125 996 0
iHN.s 0.3366336633663366 994 1
iH7.s 0.35 995 0
iIF.s 0.36633663366336633 994 0
iI7.s 0.326530612244898 992 0
iIX.s 0.33673469387755106 994 0
iJH.s 0.3232323232323232 992 1
iJT.s 0.326530612244898 993 1
iKB.s 0.35 992 0
iKN.s 0.326530612244898 994 0
iKU.s 0.2947368421052632 993 0
iLG.s 0.37623762376237624 994 1
iL7.s 0.3465346534653465 991 1
iLX.s 0.33673469387755106 994 0
iMH.s 0.35 993 0
iMT.s 0.33333333333333337 993 0
iNB.s 0.33999999999999997 995 0
iNN.s 0.3232323232323232 995 0
iN7.s 0.3564356435643564 995 0
iOF.s 0.35 995 0
iO7.s 0.326530612244898 994 0
iOX.s 0.3564356435643564 995 0
iPH.s 0.35 995 0
iPT.s 0.3564356435643564 995 0
iQB.s 0.37 992 0
iQN.s 0.3535353535353535 994 1
iQ7.s 0.36633663366336633 993 0
iRF.s 0.31958762886597936 994 1
iR7.s 0.36633663366336633 990 0
iRX.s 0.3434343434343434 994 0
iSH.s 0.38235294117647056 994 1
iST.s 0.3786407766990292 990 1
iTB.s 0.326530612244898 995 0
iTN.s 0.29166666666666663 994 1
iT7.s 0.35 992 0
iUF.s 0.3786407766990292 990 1
iU7.s 0.3786407766990292 995 0
iUX.s 0.3434343434343434 994 1
iVH.s 0.35 994 1
iVT.s 0.37254901960784315 994 1
iWB.s 0.37623762376237624 992 1
iWN.s 0.3786407766990292 995 0
iW7.s 0.3786407766990292 990 1
iXF.s 0.3942307692307693 994 1
iX7.s 0.3786407766990292 995 0
iXX.s 0.3786407766990292 995 0
iYH.s 0.36274509803921573 995 0
iYU.s 0.35 991 1
iZB.s 0.3786407766990292 995 0
iZN.s 0.33999999999999997 990 1
i2F.s 0.36274509803921573 995 0
iZ7.s 0.3564356435643564 994 1
i27.s 0.35 995 0
i2X.s 0.4 994 1
i3H.s 0.36633663366336633 995 0
i3T.s 0.3942307692307693 990 0
i4B.s 0.31958762886597936 990 1
i4N.s 0.3846153846153846 994 1
i47.s 0.33333333333333337 994 1
i5F.s 0.33333333333333337 994 0
i57.s 0.35 995 0
i5Y.s 0.3689320388349514 995 1
i6H.s 0.3846153846153846 994 1
i6T.s 0.3942307692307693 991 1
i7B.s 0.36633663366336633 994 1
i7N.s 0.36274509803921573 994 1
i7U.s 0.35 993 1
iAAG.s 0.26595744680851063 993 1
iAA7.s 0.4 994 1
iAAX.s 0.3564356435643564 992 1
iABH.s 0.35 992 1
iABT.s 0.4056603773584906 990 0
iACB.s 0.3942307692307693 990 0
iACN.s 0.3942307692307693 994 1
iAC7.s 0.326530612244898 993 1
iADF.s 0.375 993 1
iAD7.s 0.40384615384615385 990 1
iADX.s 0.33999999999999997 994 1
iAEH.s 0.4095238095238095 990 1
iAET.s 0.4 994 1
iAFB.s 0.40384615384615385 990 1
iAFN.s 0.40384615384615385 990 1
iAF7.s 0.40384615384615385 995 0
iAGF.s 0.32999999999999996 992 0
iAG7.s 0.40384615384615385 993 0
iAGX.s 0.375 990 0
iAHH.s 0.40384615384615385 993 0
iAHT.s 0.276595744680851 995 0
iAIB.s 0.40384615384615385 995 1
iAIN.s 0.38834951456310685 990 0
iAI7.s 0.4095238095238095 990 1
iAJF.s 0.3564356435643564 992 0
iAJ7.s 0.4 991 0
iAJX.s 0.36274509803921573 990 0
iAKH.s 0.4056603773584906 990 0
iAKT.s 0.31999999999999995 993 0
iALB.s 0.3942307692307693 993 0
iALN.s 0.33999999999999997 989 0
iAL7.s 0.3535353535353535 992 1
iAMF.s 0.38235294117647056 994 1
iAM7.s 0.4056603773584906 996 0
iAMX.s 0.3786407766990292 991 0
iANH.s 0.4095238095238095 994 1
iANT.s 0.4095238095238095 994 1
iAOB.s 0.3942307692307693 992 0
iAON.s 0.4444444444444444 990 0
iAO7.s 0.35 987 1
iAPF.s 0.43518518518518523 994 0
iAP7.s 0.37254901960784315 992 0
iAPX.s 0.4095238095238095 992 1
iAQH.s 0.4095238095238095 991 1
iAQT.s 0.3980582524271845 994 0
iARB.s 0.4095238095238095 994 0
iARO.s 0.40384615384615385 991 1
iAR7.s 0.4299065420560748 990 0
iASF.s 0.41509433962264153 993 0
iAS7.s 0.3689320388349514 990 0
iASX.s 0.42452830188679247 990 0
iATI.s 0.4444444444444444 994 0
iATV.s 0.42452830188679247 990 0
iAUB.s 0.4444444444444444 990 0
iAUO.s 0.40384615384615385 991 0
iAU7.s 0.42452830188679247 994 0
iAVF.s 0.4095238095238095 990 0
iAV7.s 0.42056074766355145 990 0
iAVX.s 0.4444444444444444 990 0
iAWH.s 0.4095238095238095 991 0
iAWT.s 0.38834951456310685 993 0
iAXB.s 0.42452830188679247 990 0
iAXN.s 0.4299065420560748 990 0
iAX7.s 0.4 990 0
iAYF.s 0.4444444444444444 990 0
iAY7.s 0.4444444444444444 993 0
iAYX.s 0.375 993 0
iAZH.s 0.3786407766990292 993 0
iAZT.s 0.3689320388349514 989 0
iA2G.s 0.4444444444444444 992 0
iA2S.s 0.42056074766355145 993 1
iA27.s 0.4095238095238095 991 0
iA3F.s 0.40384615384615385 993 0
iA37.s 0.35 991 1
iA3X.s 0.42056074766355145 990 0
iA4H.s 0.4444444444444444 990 0
iA4T.s 0.4392523364485982 991 0
iA5B.s 0.4299065420560748 991 0
iA5N.s 0.42452830188679247 994 0
iA57.s 0.4444444444444444 993 0
iA6F.s 0.4444444444444444 991 0
iA67.s 0.43518518518518523 992 0
iA6X.s 0.45871559633027525 990 0
iA7H.s 0.4299065420560748 993 0
iA7T.s 0.4444444444444444 994 0
iBAB.s 0.3786407766990292 992 0
iBAN.s 0.4299065420560748 994 0
iBA7.s 0.45871559633027525 990 0
iBBF.s 0.4299065420560748 990 0
iBB7.s 0.36633663366336633 991 0
iBBX.s 0.43518518518518523 992 0
iBCH.s 0.4444444444444444 994 0
iBCT.s 0.4299065420560748 994 0
iBDB.s 0.43518518518518523 991 0
iBDN.s 0.4545454545454546 992 0
iBD7.s 0.3942307692307693 989 0
iBEF.s 0.4545454545454546 990 0
iBE7.s 0.41509433962264153 993 0
iBEX.s 0.4 989 0
iBFH.s 0.44036697247706424 993 0
iBFT.s 0.45871559633027525 990 0
iBGB.s 0.4444444444444444 990 0
iBGN.s 0.4444444444444444 992 0
iBG7.s 0.45871559633027525 990 0
iBHF.s 0.45871559633027525 990 0
iBH7.s 0.4495412844036697 996 0
iBHX.s 0.42452830188679247 990 0
iBIH.s 0.45871559633027525 990 0
iBIT.s 0.45871559633027525 992 0
iBJB.s 0.4392523364485982 990 0
iBJN.s 0.4339622641509434 990 0
iBJ7.s 0.4444444444444444 990 0
iBKF.s 0.45871559633027525 990 0
iBK7.s 0.4285714285714286 989 0
iBKX.s 0.45871559633027525 991 0
iBLH.s 0.45871559633027525 991 0
iBLT.s 0.45871559633027525 991 0
iBMB.s 0.45871559633027525 991 0
iBMN.s 0.4444444444444444 992 0
iBM7.s 0.4339622641509434 991 0
iBNF.s 0.4444444444444444 991 0
iBN7.s 0.4444444444444444 992 0
iBNX.s 0.4444444444444444 991 0
iBOH.s 0.45871559633027525 991 0
iBOT.s 0.4339622641509434 992 0
iBPB.s 0.4392523364485982 993 0
iBPN.s 0.45871559633027525 991 0
iBP7.s 0.45871559633027525 991 0
iBQG.s 0.45871559633027525 991 0
iBQ7.s 0.45871559633027525 991 0
iBQX.s 0.44859813084112155 991 0
iBRH.s 0.4444444444444444 992 0
iBRU.s 0.45871559633027525 992 0
iBSB.s 0.45871559633027525 992 0
iBSN.s 0.45871559633027525 992 0
iBS7.s 0.45871559633027525 992 0
iBTF.s 0.4392523364485982 992 0
iBTM.s 0.45871559633027525 993 0
iBTY.s 0.4444444444444444 993 0
iBUH.s 0.45871559633027525 994 0
iBUT.s 0.45871559633027525 992 0
iBVC.s 0.45871559633027525 993 0
iBVO.s 0.45871559633027525 994 0
iBVU.s 0.45871559633027525 994 0
iBWG.s 0.4537037037037037 993 0
iBW7.s 0.4444444444444444 993 0
iBWY.s 0.45871559633027525 995 0
iBXH.s 0.45871559633027525 994 0
iBXT.s 0.45871559633027525 995 0
iBYB.s 0.44859813084112155 995 0
iBYN.s 0.4444444444444444 993 0
iBY7.s 0.4299065420560748 994 0
iBZF.s 0.45871559633027525 994 0
iBZ3.s 0.45871559633027525 994 0
iBZT.s 0.4774774774774775 996 0
iB2H.s 0.4095238095238095 994 0
iB2T.s 0.4444444444444444 996 0
iB3B.s 0.4299065420560748 994 0
iB3N.s 0.4444444444444444 995 0
iB37.s 0.4299065420560748 994 0
iB4F.s 0.4444444444444444 995 0
iB47.s 0.4774774774774775 993 0
iB4X.s 0.4636363636363636 993 0
iB5H.s 0.4392523364485982 995 0
iB5T.s 0.419047619047619 995 0
iB6B.s 0.45871559633027525 995 0
iB6N.s 0.45871559633027525 995 0
iB67.s 0.4299065420560748 993 0
iB7F.s 0.46846846846846846 993 0
iB77.s 0.45871559633027525 995 0
iB7X.s 0.45871559633027525 993 0
iCAH.s 0.4495412844036697 995 0
iCAT.s 0.42452830188679247 995 0
iCBB.s 0.4774774774774775 996 0
iCBN.s 0.40384615384615385 993 0
iCB7.s 0.38834951456310685 993 1
iCCF.s 0.4444444444444444 994 0
iCC7.s 0.4299065420560748 993 0
iCCX.s 0.4636363636363636 993 0
iCDH.s 0.4636363636363636 993 0
iCDT.s 0.4636363636363636 994 0
iCEB.s 0.4495412844036697 992 1
iCEN.s 0.4774774774774775 993 0
iCE7.s 0.46846846846846846 994 1
iCFF.s 0.41509433962264153 993 0
iCF7.s 0.41509433962264153 993 0
iCFY.s 0.44036697247706424 993 1
iCGH.s 0.46846846846846846 993 0
iCGT.s 0.43518518518518523 993 1
iCHB.s 0.4636363636363636 993 1
iCHN.s 0.43518518518518523 993 0
iCH7.s 0.4537037037037037 990 0
iCIF.s 0.46846846846846846 993 1
iCI7.s 0.41346153846153844 994 0
iCIX.s 0.4299065420560748 994 0
iCJH.s 0.41509433962264153 995 0
iCJT.s 0.4444444444444444 993 0
iCKB.s 0.42056074766355145 995 0
iCKN.s 0.4727272727272728 993 0
iCK7.s 0.4774774774774775 993 0
iCLF.s 0.4444444444444444 993 0
iCL7.s 0.4774774774774775 994 0
iCLX.s 0.4537037037037037 993 0
iCMH.s 0.4774774774774775 995 0
iCMT.s 0.45871559633027525 994 0
iCNB.s 0.45871559633027525 996 0
iCNN.s 0.4774774774774775 994 0
iCNU.s 0.4774774774774775 996 0
iCOG.s 0.4727272727272728 993 0
iCO7.s 0.4774774774774775 995 0
iCOX.s 0.4774774774774775 996 0
iCPH.s 0.4537037037037037 996 0
iCPT.s 0.4774774774774775 996 0
iCQB.s 0.4774774774774775 995 0
iCQN.s 0.4774774774774775 995 0
iCQ7.s 0.46846846846846846 996 0
iCRF.s 0.4774774774774775 996 0
iCR7.s 0.4774774774774775 996 0
iCRX.s 0.4636363636363636 996 0
iCSH.s 0.45871559633027525 996 0
iCSU.s 0.4774774774774775 996 0
iCTB.s 0.4537037037037037 996 0
iCTN.s 0.4636363636363636 994 0
iCT7.s 0.46846846846846846 996 0
iCUF.s 0.4774774774774775 996 0
iCU7.s 0.4495412844036697 996 0
iCUX.s 0.3846153846153846 996 0
iCVH.s 0.4774774774774775 995 0
iCVT.s 0.4864864864864865 994 0
iCWB.s 0.4056603773584906 996 0
iCWN.s 0.3980582524271845 993 0
iCW7.s 0.4727272727272728 994 0
iCXF.s 0.4774774774774775 996 0
iCX7.s 0.4636363636363636 996 0
iCXX.s 0.4727272727272728 994 0
iCYH.s 0.41509433962264153 996 0
iCYT.s 0.4636363636363636 996 0
iCZB.s 0.4774774774774775 996 0
iCZN.s 0.41346153846153844 996 0
iC2F.s 0.42592592592592593 995 0
iCZ7.s 0.41509433962264153 993 0
iC27.s 0.42452830188679247 995 0
iC2X.s 0.4495412844036697 994 0
iC3H.s 0.3942307692307693 995 0
iC3T.s 0.4537037037037037 995 0
iC4B.s 0.43518518518518523 994 1
iC4N.s 0.45871559633027525 995 0
iC47.s 0.4636363636363636 996 0
iC5F.s 0.4910714285714286 996 0
iC57.s 0.4774774774774775 996 0
iC5X.s 0.4818181818181818 994 0
iC6H.s 0.4864864864864865 994 0
iC6T.s 0.4910714285714286 995 0
iC7B.s 0.45871559633027525 994 0
iC7N.s 0.4678899082568807 994 0
iC77.s 0.4579439252336449 993 0
iDAF.s 0.4678899082568807 994 0
iDA7.s 0.4727272727272728 995 0
iDAX.s 0.45871559633027525 994 0
iDBH.s 0.4722222222222222 994 0
iDBT.s 0.4678899082568807 993 0
iDCB.s 0.4864864864864865 995 0
iDCN.s 0.4864864864864865 994 0
iDC7.s 0.4727272727272728 995 0
iDDF.s 0.4774774774774775 993 0
iDD7.s 0.4818181818181818 994 0
iDDX.s 0.49549549549549554 994 0
iDEH.s 0.4774774774774775 995 0
iDET.s 0.4910714285714286 996 0
iDFB.s 0.47706422018348627 994 0
iDFN.s 0.4392523364485982 994 0
iDF7.s 0.45871559633027525 994 0
iDGF.s 0.4910714285714286 996 0
iDG7.s 0.4727272727272728 994 0
iDGX.s 0.4910714285714286 994 0
iDHH.s 0.4774774774774775 996 0
iDHT.s 0.4774774774774775 995 0
iDIB.s 0.4774774774774775 996 0
iDIP.s 0.4774774774774775 995 0
iDI7.s 0.4864864864864865 996 0
iDJF.s 0.4910714285714286 995 0
iDJ7.s 0.4910714285714286 995 0
iDJX.s 0.4910714285714286 995 0
iDKH.s 0.4495412844036697 995 0
iDKT.s 0.4910714285714286 996 0
iDLB.s 0.44859813084112155 996 0
iDLN.s 0.4678899082568807 994 0
iDL7.s 0.3980582524271845 992 0
iDMF.s 0.4774774774774775 996 0
iDM7.s 0.4821428571428571 996 0
iDMX.s 0.4392523364485982 995 0
iDNH.s 0.4537037037037037 995 0
iDNT.s 0.4910714285714286 996 0
iDOB.s 0.4636363636363636 995 0
iDON.s 0.49549549549549554 994 0
iDO7.s 0.45871559633027525 994 0
iDPF.s 0.4077669902912622 993 0
iDP7.s 0.4392523364485982 996 0
iDPX.s 0.4636363636363636 996 0
iDQI.s 0.4629629629629629 994 0
iDQU.s 0.4495412844036697 996 0
iDRB.s 0.4636363636363636 996 0
iDRN.s 0.4864864864864865 996 0
iDR7.s 0.4444444444444444 995 0
iDSG.s 0.4864864864864865 996 0
iDS7.s 0.4444444444444444 994 0
iDSX.s 0.4910714285714286 996 0
iDTH.s 0.4678899082568807 992 0
iDTT.s 0.4727272727272728 996 0
iDUB.s 0.4862385321100917 994 0
iDUN.s 0.4528301886792453 992 0
iDU7.s 0.4910714285714286 996 0
iDVF.s 0.47706422018348627 996 0
iDV7.s 0.4818181818181818 994 0
iDVY.s 0.46846846846846846 996 0
iDWH.s 0.49549549549549554 994 0
iDWU.s 0.4910714285714286 996 0
iDXB.s 0.4774774774774775 996 0
iDXO.s 0.4864864864864865 994 0
iDX7.s 0.49549549549549554 995 0
iDYF.s 0.47706422018348627 992 0
iDY7.s 0.49549549549549554 995 0
iDYY.s 0.4636363636363636 996 0
iDZH.s 0.49549549549549554 994 0
iDZU.s 0.4678899082568807 994 0
iD2H.s 0.49549549549549554 994 0
iD2T.s 0.4727272727272728 995 0
iD2U.s 0.41346153846153844 994 0
iD3G.s 0.49549549549549554 993 0
iD37.s 0.4495412844036697 994 0
iD3X.s 0.49090909090909096 994 0
iD4H.s 0.4864864864864865 995 0
iD4T.s 0.5 995 0
iD5B.s 0.49549549549549554 995 0
iD5N.s 0.4818181818181818 994 0
iD57.s 0.4910714285714286 994 0
iD6F.s 0.5 995 0
iD67.s 0.4864864864864865 995 0
iD6X.s 0.5 994 0
iD7H.s 0.4678899082568807 992 0
iD7T.s 0.44859813084112155 995 0
iEAB.s 0.4910714285714286 994 0
iEAN.s 0.4636363636363636 994 0
iEA7.s 0.49549549549549554 995 0
iEBF.s 0.4864864864864865 995 0
iEB7.s 0.4774774774774775 997 0
iEBX.s 0.49549549549549554 994 0
iECH.s 0.4864864864864865 994 0
iECU.s 0.4678899082568807 994 0
iEDB.s 0.4537037037037037 994 0
iEDN.s 0.4910714285714286 995 0
iED7.s 0.3942307692307693 993 1
iEEF.s 0.3980582524271845 993 0
iEE7.s 0.4495412844036697 994 0
iEEX.s 0.45871559633027525 994 0
iEFH.s 0.4727272727272728 994 0
iEFT.s 0.4864864864864865 995 0
iEGB.s 0.4818181818181818 995 0
iEGN.s 0.4864864864864865 994 0
iEG7.s 0.4818181818181818 996 0
iEHF.s 0.4 995 0
iEH7.s 0.4537037037037037 996 0
iEHX.s 0.4629629629629629 995 0
iEIH.s 0.5 996 0
iEIT.s 0.49549549549549554 996 0
iEJB.s 0.47706422018348627 996 0
iEJN.s 0.4678899082568807 996 0
iEJU.s 0.4774774774774775 995 0
iEKG.s 0.4678899082568807 995 0
iEK7.s 0.4864864864864865 996 0
iEKX.s 0.4910714285714286 995 0
iELH.s 0.49090909090909096 996 0
iELT.s 0.4864864864864865 996 0
iEMB.s 0.4910714285714286 996 0
iEMN.s 0.5 996 0
iEM7.s 0.5 996 0
iENF.s 0.4818181818181818 996 0
iEN7.s 0.4864864864864865 997 0
iENX.s 0.5 996 0
iEOH.s 0.5 996 0
iEOT.s 0.49549549549549554 997 0
iEPB.s 0.5 996 0
iEPN.s 0.5 996 0
iEP7.s 0.5 997 0
iEQF.s 0.5 996 0
iEQ7.s 0.4864864864864865 996 0
iEQX.s 0.49549549549549554 996 0
iERH.s 0.5 996 0
iERT.s 0.4727272727272728 996 0
iESB.s 0.49549549549549554 996 0
iESN.s 0.49549549549549554 996 0
iES7.s 0.4629629629629629 996 0
iETF.s 0.4818181818181818 996 0
iET7.s 0.49549549549549554 996 0
iETX.s 0.4818181818181818 997 0
iEUH.s 0.4910714285714286 996 0
iEUT.s 0.5 996 0
iEVB.s 0.4864864864864865 996 0
iEVO.s 0.4864864864864865 996 0
iEVU.s 0.49549549549549554 996 0
iEWH.s 0.5 996 0
iEW7.s 0.4818181818181818 995 0
iEWX.s 0.4864864864864865 996 0
iEXH.s 0.5 997 0
iEXT.s 0.5 997 0
iEYB.s 0.5 997 0
iEYN.s 0.4910714285714286 997 0
iEY7.s 0.5 997 0
iEZF.s 0.4910714285714286 994 0
iEZ3.s 0.5 996 0
iEZU.s 0.4818181818181818 997 0
iE2H.s 0.5 997 0
iE2V.s 0.5 997 0
iE3B.s 0.5 997 0
iE3N.s 0.4727272727272728 996 0
iE37.s 0.49549549549549554 996 0
iE4G.s 0.4678899082568807 996 0
iE47.s 0.4818181818181818 997 0
iE4X.s 0.49549549549549554 994 0
iE5H.s 0.4727272727272728 995 0
iE5T.s 0.5 996 0
iE6B.s 0.4537037037037037 996 0
iE6O.s 0.41509433962264153 994 0
iE67.s 0.4444444444444444 997 0
iE7F.s 0.5 997 0
iE77.s 0.4579439252336449 996 0
iE7X.s 0.4077669902912622 995 0
iFAH.s 0.46846846846846846 996 0
iFAT.s 0.4095238095238095 995 0
iFBB.s 0.46846846846846846 995 1
iFBO.s 0.4537037037037037 996 0
iFB7.s 0.4678899082568807 997 0
iFCF.s 0.49549549549549554 995 0
iFC7.s 0.4727272727272728 996 0
iFCX.s 0.45871559633027525 997 0
iFDH.s 0.49549549549549554 997 0
iFDT.s 0.5 997 0
iFEB.s 0.5 995 0
iFEN.s 0.47706422018348627 992 0
iFE7.s 0.49549549549549554 996 0
iFFF.s 0.5 997 0
iFF7.s 0.4774774774774775 996 0
iFFX.s 0.4495412844036697 996 0
iFGH.s 0.4636363636363636 996 0
iFGT.s 0.5 997 0
iFHB.s 0.4818181818181818 995 0
iFHN.s 0.4727272727272728 997 0
iFH7.s 0.3980582524271845 995 0
iFIF.s 0.5 997 0
iFI7.s 0.4727272727272728 996 0
iFIX.s 0.5 997 0
iFJH.s 0.5 997 0
iFJT.s 0.4818181818181818 996 0
iFKB.s 0.3980582524271845 995 0
iFKN.s 0.41509433962264153 994 0
iFK7.s 0.5 997 0
iFLF.s 0.4864864864864865 995 0
iFL7.s 0.4495412844036697 994 0
iFLX.s 0.4864864864864865 997 0
iFMH.s 0.4678899082568807 997 0
iFMT.s 0.4636363636363636 996 0
iFNC.s 0.4774774774774775 997 0
iFNO.s 0.4910714285714286 997 0
iFN7.s 0.45871559633027525 997 0
iFOF.s 0.45871559633027525 994 0
iFO7.s 0.47706422018348627 997 0
iFOX.s 0.4864864864864865 997 0
iFPH.s 0.4864864864864865 996 0
iFPT.s 0.4864864864864865 995 0
iFQB.s 0.4727272727272728 994 0
iFQN.s 0.45871559633027525 996 0
iFQ7.s 0.3980582524271845 995 0
iFRF.s 0.5 995 0
iFR7.s 0.4727272727272728 997 0
iFRX.s 0.4818181818181818 997 0
iFSH.s 0.4727272727272728 997 0
iFST.s 0.5 997 0
iFTB.s 0.4678899082568807 995 0
iFTN.s 0.5 997 0
iFT7.s 0.4818181818181818 996 0
iFUF.s 0.4285714285714286 995 0
iFU7.s 0.4629629629629629 997 0
iFUX.s 0.44859813084112155 995 0
iFVH.s 0.419047619047619 996 0
iFVT.s 0.5 997 0
iFWB.s 0.5 997 0
iFWN.s 0.4392523364485982 996 0
iFWU.s 0.4727272727272728 996 0
iFXG.s 0.45871559633027525 996 0
iFX7.s 0.5 997 0
iFXX.s 0.4910714285714286 994 0
iFYH.s 0.5 996 0
iFYT.s 0.45871559633027525 997 0
iFZB.s 0.4727272727272728 996 0
iFZN.s 0.4864864864864865 997 0
iF2F.s 0.4910714285714286 997 0
iFZ7.s 0.5 997 0
iF27.s 0.4727272727272728 997 0
iF2X.s 0.4864864864864865 996 0
iF3H.s 0.4495412844036697 996 0
iF3T.s 0.4678899082568807 997 0
iF4B.s 0.4727272727272728 996 0
iF4N.s 0.4818181818181818 997 0
iF47.s 0.5 996 0
iF5F.s 0.4818181818181818 997 0
iF57.s 0.4864864864864865 996 0
iF5X.s 0.4864864864864865 996 0
iF6H.s 0.5 997 0
iF6T.s 0.4862385321100917 994 0
iF7B.s 0.4864864864864865 994 0
iF7N.s 0.49090909090909096 997 0
iF77.s 0.47706422018348627 996 0
iGAF.s 0.4495412844036697 996 0
iGA7.s 0.4636363636363636 996 0
iGAX.s 0.5 997 0
