i2.s 0.30612244897959184 990 0
iC.s 0.26595744680851063 993 1
iO.s 0.26595744680851063 992 0
iA2.s 0.3163265306122449 993 0
iAO.s 0.30208333333333337 994 0
iA4.s 0.28125 993 0
iBI.s 0.2989690721649485 996 0
iB2.s 0.276595744680851 991 0
iCA.s 0.3465346534653465 993 1
iC2.s 0.2989690721649485 992 1
iCS.s 0.27368421052631575 994 0
iD2.s 0.3163265306122449 993 0
iDO.s 0.33333333333333337 992 0
iD4.s 0.30612244897959184 991 1
iEI.s 0.3163265306122449 994 1
iE2.s 0.3163265306122449 991 1
iFA.s 0.32999999999999996 993 0
iF2.s 0.28125 989 1
iFS.s 0.29166666666666663 991 0
iG2.s 0.28421052631578947 993 0
iGO.s 0.31958762886597936 993 1
iG4.s 0.33333333333333337 994 0
iHI.s 0.29591836734693877 994 0
iH2.s 0.29166666666666663 994 1
iIA.s 0.3366336633663366 994 0
iI2.s 0.326530612244898 995 0
iIS.s 0.36 994 0
iJ2.s 0.35 995 0
iJO.s 0.27368421052631575 993 0
iJ4.s 0.33673469387755106 994 0
iKI.s 0.3465346534653465 994 1
iK2.s 0.33333333333333337 995 0
iLB.s 0.35 991 0
iL2.s 0.326530612244898 995 0
iLS.s 0.35 996 0
iM2.s 0.3465346534653465 991 1
iMO.s 0.3163265306122449 995 1
iM4.s 0.326530612244898 994 1
iNI.s 0.35 996 0
iN2.s 0.326530612244898 994 0
iOA.s 0.30927835051546393 993 0
iO2.s 0.3465346534653465 996 0
iOS.s 0.3434343434343434 994 0
iP2.s 0.3564356435643564 995 0
iPO.s 0.36 994 0
iP4.s 0.30927835051546393 995 1
iQI.s 0.37623762376237624 992 1
iQ2.s 0.36633663366336633 994 0
iRA.s 0.3434343434343434 991 1
iR2.s 0.36 993 0
iRS.s 0.36633663366336633 993 1
iS2.s 0.35 992 1
iSO.s 0.31958762886597936 996 1
iS4.s 0.326530612244898 993 0
iTI.s 0.30208333333333337 994 1
iT2.s 0.36633663366336633 994 0
iUA.s 0.37623762376237624 992 1
iU2.s 0.36274509803921573 995 0
iUS.s 0.3434343434343434 994 1
iV2.s 0.37254901960784315 994 1
iVO.s 0.35 994 1
iV4.s 0.3786407766990292 995 0
iWI.s 0.32999999999999996 990 1
iW2.s 0.3786407766990292 990 1
iXA.s 0.37254901960784315 990 1
iX2.s 0.3786407766990292 990 1
iXS.s 0.37254901960784315 995 0
iY2.s 0.3465346534653465 994 0
iYP.s 0.326530612244898 995 0
iY4.s 0.36274509803921573 994 1
iZI.s 0.38235294117647056 996 1
i2A.s 0.38235294117647056 991 0
iZ2.s 0.36 989 1
i22.s 0.3786407766990292 995 0
i2S.s 0.36633663366336633 995 0
i32.s 0.4056603773584906 994 1
i3O.s 0.3564356435643564 994 0
i34.s 0.326530612244898 995 0
i4I.s 0.3942307692307693 994 1
i42.s 0.30927835051546393 993 1
i5A.s 0.36274509803921573 990 0
i52.s 0.3942307692307693 990 1
i5T.s 0.3786407766990292 990 0
i62.s 0.36633663366336633 990 1
i6O.s 0.3846153846153846 994 1
i64.s 0.31958762886597936 989 0
i7I.s 0.3942307692307693 994 1
i72.s 0.326530612244898 994 1
iAAB.s 0.3942307692307693 995 0
iAA2.s 0.3564356435643564 993 1
iAAS.s 0.4056603773584906 990 0
iAB2.s 0.3942307692307693 996 0
iABO.s 0.4 994 1
iAB4.s 0.3564356435643564 996 0
iACI.s 0.38235294117647056 994 1
iAC2.s 0.37254901960784315 994 1
iADA.s 0.3980582524271845 992 0
iAD2.s 0.3942307692307693 995 0
iADS.s 0.4095238095238095 990 1
iAE2.s 0.4 994 1
iAEO.s 0.40384615384615385 992 1
iAE4.s 0.40384615384615385 995 0
iAFI.s 0.3786407766990292 994 1
iAF2.s 0.40384615384615385 990 1
iAGA.s 0.4056603773584906 990 0
iAG2.s 0.3942307692307693 990 1
iAGS.s 0.38834951456310685 994 1
iAH2.s 0.4056603773584906 990 0
iAHO.s 0.3846153846153846 990 0
iAH4.s 0.3942307692307693 990 1
iAII.s 0.41509433962264153 993 0
iAI2.s 0.4056603773584906 990 0
iAJA.s 0.35 991 1
iAJ2.s 0.4056603773584906 990 0
iAJS.s 0.4 990 0
iAK2.s 0.3846153846153846 994 0
iAKO.s 0.38834951456310685 993 0
iAK4.s 0.31313131313131315 990 0
iALI.s 0.37254901960784315 990 1
iAL2.s 0.4095238095238095 991 0
iAMA.s 0.4 990 1
iAM2.s 0.3942307692307693 995 1
iAMS.s 0.2947368421052632 993 1
iAN2.s 0.4095238095238095 994 1
iANO.s 0.38235294117647056 989 0
iAN4.s 0.3786407766990292 989 1
iAOI.s 0.4 990 1
iAO2.s 0.38235294117647056 994 1
iAPA.s 0.3786407766990292 994 1
iAP2.s 0.36633663366336633 994 0
iAPS.s 0.3980582524271845 993 0
iAQ2.s 0.3921568627450981 992 0
iAQO.s 0.4 990 0
iAQ4.s 0.42452830188679247 994 0
iARJ.s 0.3529411764705882 994 0
iAR2.s 0.4 990 0
iASA.s 0.42452830188679247 995 0
iAS2.s 0.4095238095238095 993 0
iASS.s 0.40384615384615385 991 0
iAT2.s 0.4299065420560748 993 0
iATQ.s 0.4299065420560748 993 0
iAT4.s 0.40384615384615385 994 0
iAUI.s 0.4299065420560748 990 0
iAU2.s 0.4339622641509434 990 0
iAVA.s 0.36633663366336633 991 0
iAV2.s 0.4444444444444444 990 0
iAVS.s 0.375 994 1
iAW2.s 0.42452830188679247 990 0
iAWO.s 0.41509433962264153 993 0
iAW4.s 0.4095238095238095 990 0
iAXI.s 0.4095238095238095 993 0
iAX2.s 0.4444444444444444 990 0
iAYA.s 0.4339622641509434 989 0
iAY2.s 0.4444444444444444 994 0
iAYS.s 0.42452830188679247 994 0
iAZ2.s 0.4299065420560748 993 1
iAZO.s 0.3904761904761904 990 0
iA2B.s 0.4392523364485982 990 0
iA2N.s 0.4299065420560748 990 0
iA22.s 0.33333333333333337 991 1
iA3A.s 0.37254901960784315 993 1
iA32.s 0.41509433962264153 987 0
iA3S.s 0.41509433962264153 992 0
iA42.s 0.4299065420560748 993 0
iA4O.s 0.40384615384615385 994 0
iA44.s 0.4339622641509434 991 0
iA5I.s 0.4444444444444444 990 0
iA52.s 0.4299065420560748 990 0
iA6A.s 0.41509433962264153 990 1
iA62.s 0.42056074766355145 990 0
iA6S.s 0.43518518518518523 990 0
iA72.s 0.4056603773584906 994 0
iA7O.s 0.4444444444444444 991 0
iA74.s 0.4444444444444444 990 0
iBAI.s 0.4545454545454546 993 0
iBA2.s 0.4495412844036697 990 0
iBBA.s 0.42452830188679247 990 0
iBB2.s 0.4444444444444444 994 0
iBBS.s 0.38834951456310685 991 0
iBC2.s 0.45871559633027525 990 0
iBCO.s 0.4095238095238095 994 0
iBC4.s 0.4444444444444444 991 0
iBDI.s 0.45871559633027525 990 0
iBD2.s 0.45871559633027525 990 0
iBEA.s 0.3465346534653465 990 0
iBE2.s 0.4299065420560748 990 0
iBES.s 0.4444444444444444 994 0
iBF2.s 0.4545454545454546 992 0
iBFO.s 0.4299065420560748 990 0
iBF4.s 0.4545454545454546 994 0
iBGI.s 0.42452830188679247 993 0
iBG2.s 0.4299065420560748 990 0
iBHA.s 0.45871559633027525 990 0
iBH2.s 0.42056074766355145 990 0
iBHS.s 0.45871559633027525 990 0
iBI2.s 0.4095238095238095 990 0
iBIO.s 0.45871559633027525 990 0
iBI4.s 0.43518518518518523 993 0
iBJI.s 0.4495412844036697 990 0
iBJ2.s 0.45871559633027525 990 0
iBKA.s 0.45871559633027525 991 0
iBK2.s 0.45871559633027525 990 0
iBKS.s 0.45871559633027525 990 0
iBL2.s 0.42056074766355145 991 0
iBLO.s 0.4392523364485982 991 0
iBL4.s 0.4444444444444444 991 0
iBMI.s 0.4392523364485982 993 0
iBM2.s 0.4537037037037037 991 0
iBNA.s 0.4444444444444444 987 0
iBN2.s 0.4299065420560748 991 0
iBNS.s 0.45871559633027525 991 0
iBO2.s 0.45871559633027525 991 0
iBOO.s 0.4444444444444444 990 0
iBO4.s 0.4444444444444444 993 0
iBPI.s 0.45871559633027525 991 0
iBP2.s 0.4444444444444444 992 0
iBQB.s 0.45871559633027525 992 0
iBQ2.s 0.45871559633027525 991 0
iBQS.s 0.4495412844036697 992 0
iBR2.s 0.4444444444444444 992 0
iBRO.s 0.4392523364485982 992 0
iBR4.s 0.45871559633027525 992 0
iBSI.s 0.45871559633027525 993 0
iBS2.s 0.4444444444444444 994 0
iBTA.s 0.45871559633027525 992 0
iBT2.s 0.45871559633027525 993 0
iBTT.s 0.45871559633027525 993 0
iBU2.s 0.45871559633027525 992 0
iBUO.s 0.4444444444444444 992 0
iBU5.s 0.4444444444444444 993 0
iBVJ.s 0.45871559633027525 993 0
iBV2.s 0.45871559633027525 993 0
iBWB.s 0.45871559633027525 993 0
iBW2.s 0.4299065420560748 993 0
iBWS.s 0.4392523364485982 995 0
iBX2.s 0.45871559633027525 994 0
iBXO.s 0.45871559633027525 995 0
iBX4.s 0.4537037037037037 995 0
iBYI.s 0.4339622641509434 995 0
iBY2.s 0.45871559633027525 996 0
iBZA.s 0.45871559633027525 995 0
iB2A.s 0.4444444444444444 995 0
iBZO.s 0.45871559633027525 991 0
iB22.s 0.45871559633027525 996 0
iB2O.s 0.45871559633027525 992 0
iB24.s 0.45871559633027525 995 0
iB3I.s 0.4444444444444444 994 0
iB32.s 0.4299065420560748 993 0
iB4A.s 0.38235294117647056 993 0
iB42.s 0.4392523364485982 991 0
iB4S.s 0.45871559633027525 995 0
iB52.s 0.43518518518518523 994 0
iB5O.s 0.4537037037037037 995 0
iB54.s 0.4678899082568807 992 0
iB6I.s 0.45871559633027525 996 0
iB62.s 0.42452830188679247 994 0
iB7A.s 0.45871559633027525 995 0
iB72.s 0.4444444444444444 994 0
iB7S.s 0.46846846846846846 993 1
iCA2.s 0.3689320388349514 991 0
iCAO.s 0.45871559633027525 993 1
iCA4.s 0.42056074766355145 994 0
iCBI.s 0.4537037037037037 992 0
iCB2.s 0.4774774774774775 993 0
iCCA.s 0.45871559633027525 996 0
iCC2.s 0.46846846846846846 993 1
iCCS.s 0.4299065420560748 996 0
iCD2.s 0.4727272727272728 993 0
iCDO.s 0.41509433962264153 994 0
iCD4.s 0.4056603773584906 993 1
iCEI.s 0.45871559633027525 996 0
iCE2.s 0.46846846846846846 993 1
iCFA.s 0.46846846846846846 993 0
iCF2.s 0.43518518518518523 992 0
iCFT.s 0.4774774774774775 994 0
iCG2.s 0.46846846846846846 993 1
iCGO.s 0.4727272727272728 993 0
iCG4.s 0.38834951456310685 993 1
iCHI.s 0.4495412844036697 995 0
iCH2.s 0.43518518518518523 994 1
iCIA.s 0.4774774774774775 993 0
iCI2.s 0.4774774774774775 993 0
iCIS.s 0.43518518518518523 995 1
iCJ2.s 0.4727272727272728 993 0
iCJO.s 0.4636363636363636 992 0
iCJ4.s 0.4727272727272728 996 0
iCKI.s 0.4727272727272728 993 0
iCK2.s 0.4636363636363636 995 0
iCLA.s 0.4774774774774775 993 0
iCL2.s 0.4678899082568807 996 0
iCLS.s 0.45871559633027525 993 0
iCM2.s 0.4545454545454546 993 0
iCMO.s 0.4299065420560748 994 0
iCM4.s 0.4678899082568807 993 0
iCNI.s 0.40384615384615385 995 0
iCN2.s 0.4636363636363636 995 0
iCOB.s 0.4774774774774775 996 0
iCO2.s 0.4774774774774775 995 0
iCOS.s 0.42592592592592593 996 0
iCP2.s 0.42056074766355145 995 0
iCPO.s 0.4774774774774775 996 0
iCP4.s 0.4636363636363636 996 0
iCQI.s 0.4774774774774775 996 0
iCQ2.s 0.43518518518518523 996 0
iCRA.s 0.4774774774774775 996 0
iCR2.s 0.4774774774774775 996 0
iCRS.s 0.4774774774774775 996 0
iCS2.s 0.4774774774774775 996 0
iCSO.s 0.46846846846846846 996 0
iCS4.s 0.4774774774774775 996 0
iCTI.s 0.3689320388349514 993 0
iCT2.s 0.42056074766355145 996 0
iCUA.s 0.4495412844036697 996 0
iCU2.s 0.4495412844036697 996 0
iCUS.s 0.4774774774774775 996 0
iCV2.s 0.4864864864864865 994 0
iCVO.s 0.4444444444444444 996 0
iCV4.s 0.4727272727272728 994 0
iCWI.s 0.41509433962264153 995 0
iCW2.s 0.4 992 0
iCXA.s 0.4678899082568807 994 0
iCX2.s 0.4299065420560748 995 0
iCXS.s 0.4444444444444444 994 0
iCY2.s 0.46846846846846846 995 0
iCYO.s 0.4495412844036697 996 0
iCY4.s 0.45871559633027525 994 0
iCZI.s 0.46846846846846846 995 0
iC2A.s 0.4579439252336449 995 0
iCZ2.s 0.41346153846153844 995 0
iC22.s 0.4537037037037037 994 0
iC2S.s 0.36633663366336633 995 0
iC32.s 0.44036697247706424 994 0
iC3O.s 0.4495412844036697 995 0
iC34.s 0.4285714285714286 993 0
iC4I.s 0.4339622641509434 994 0
iC42.s 0.4636363636363636 994 0
iC5A.s 0.4864864864864865 994 0
iC52.s 0.4774774774774775 996 0
iC5S.s 0.4818181818181818 994 0
iC62.s 0.4727272727272728 994 0
iC6O.s 0.45871559633027525 994 0
iC64.s 0.4818181818181818 994 0
iC7I.s 0.45871559633027525 994 0
iC72.s 0.44339622641509435 994 1
iDAA.s 0.4727272727272728 995 0
iDA2.s 0.4537037037037037 994 0
iDAS.s 0.4678899082568807 995 0
iDB2.s 0.3921568627450981 993 0
iDBO.s 0.4864864864864865 995 0
iDB4.s 0.38613861386138615 993 0
iDCI.s 0.4910714285714286 996 0
iDC2.s 0.4299065420560748 994 0
iDDA.s 0.4774774774774775 996 0
iDD2.s 0.4774774774774775 994 0
iDDS.s 0.45871559633027525 993 0
iDE2.s 0.4727272727272728 994 0
iDEO.s 0.4864864864864865 995 0
iDE4.s 0.36274509803921573 994 0
iDFI.s 0.4910714285714286 994 0
iDF2.s 0.4910714285714286 994 0
iDGA.s 0.4864864864864865 995 0
iDG2.s 0.4818181818181818 996 0
iDGS.s 0.4910714285714286 994 0
iDH2.s 0.4910714285714286 994 0
iDHO.s 0.4910714285714286 996 0
iDH4.s 0.4774774774774775 995 0
iDIK.s 0.4774774774774775 994 0
iDI2.s 0.46846846846846846 995 0
iDJA.s 0.4910714285714286 996 0
iDJ2.s 0.45871559633027525 996 0
iDJS.s 0.4910714285714286 995 0
iDK2.s 0.4095238095238095 996 0
iDKO.s 0.4392523364485982 995 0
iDK4.s 0.4537037037037037 994 0
iDLI.s 0.4910714285714286 996 0
iDL2.s 0.47706422018348627 994 0
iDMA.s 0.4864864864864865 994 0
iDM2.s 0.4495412844036697 995 0
iDMS.s 0.4636363636363636 996 0
iDN2.s 0.43518518518518523 995 0
iDNO.s 0.4910714285714286 996 0
iDN4.s 0.4818181818181818 995 0
iDOI.s 0.4910714285714286 996 0
iDO2.s 0.4910714285714286 996 0
iDPA.s 0.4636363636363636 996 0
iDP2.s 0.35 995 0
iDPS.s 0.4774774774774775 995 0
iDQ2.s 0.4444444444444444 993 0
iDQP.s 0.42452830188679247 995 0
iDQ4.s 0.4910714285714286 996 0
iDRI.s 0.4818181818181818 994 0
iDR2.s 0.4910714285714286 996 0
iDSB.s 0.49549549549549554 994 0
iDS2.s 0.42307692307692313 994 0
iDSS.s 0.47706422018348627 995 0
iDT2.s 0.4774774774774775 996 0
iDTO.s 0.42452830188679247 993 0
iDT4.s 0.4678899082568807 996 0
iDUI.s 0.45871559633027525 994 0
iDU2.s 0.4910714285714286 996 0
iDVA.s 0.4678899082568807 995 0
iDV2.s 0.4864864864864865 994 0
iDVT.s 0.4678899082568807 992 0
iDW2.s 0.4727272727272728 996 0
iDWO.s 0.49549549549549554 994 0
iDW4.s 0.47706422018348627 995 0
iDXI.s 0.4727272727272728 994 0
iDX2.s 0.4678899082568807 995 0
iDYA.s 0.49090909090909096 994 0
iDY2.s 0.47706422018348627 992 0
iDYT.s 0.49549549549549554 994 0
iDZ2.s 0.5 994 0
iDZP.s 0.4285714285714286 992 0
iD2A.s 0.4818181818181818 995 0
iD2O.s 0.49549549549549554 995 0
iD22.s 0.5 994 0
iD3B.s 0.4818181818181818 995 0
iD32.s 0.47706422018348627 994 0
iD3S.s 0.49549549549549554 994 0
iD42.s 0.4864864864864865 994 0
iD4O.s 0.49090909090909096 995 0
iD44.s 0.49549549549549554 994 0
iD5I.s 0.49090909090909096 995 0
iD52.s 0.4727272727272728 995 0
iD6A.s 0.49549549549549554 995 0
iD62.s 0.5 995 0
iD6S.s 0.49549549549549554 995 0
iD72.s 0.49549549549549554 995 0
iD7O.s 0.5 994 0
iD74.s 0.5 994 0
iEAI.s 0.49090909090909096 995 0
iEA2.s 0.44339622641509435 994 0
iEBA.s 0.5 994 0
iEB2.s 0.4678899082568807 995 0
iEBS.s 0.419047619047619 994 1
iEC2.s 0.4392523364485982 994 0
iECO.s 0.4636363636363636 995 0
iEC4.s 0.5 996 0
iEDI.s 0.5 994 0
iED2.s 0.4818181818181818 996 0
iEEA.s 0.4818181818181818 993 0
iEE2.s 0.49090909090909096 995 0
iEES.s 0.4864864864864865 994 0
iEF2.s 0.5 995 0
iEFO.s 0.4495412844036697 994 0
iEF4.s 0.4774774774774775 994 0
iEGI.s 0.5 996 0
iEG2.s 0.5 997 0
iEHA.s 0.49549549549549554 996 0
iEH2.s 0.4818181818181818 996 0
iEHS.s 0.49549549549549554 997 0
iEI2.s 0.4864864864864865 995 0
iEIO.s 0.5 995 0
iEI4.s 0.5 994 0
iEJI.s 0.49549549549549554 996 0
iEJ2.s 0.45871559633027525 995 0
iEKB.s 0.5 995 0
iEK2.s 0.5 996 0
iEKS.s 0.46846846846846846 995 0
iEL2.s 0.4864864864864865 995 0
iELO.s 0.45871559633027525 993 0
iEL4.s 0.5 995 0
iEMI.s 0.4774774774774775 996 0
iEM2.s 0.5 996 0
iENA.s 0.5 996 0
iEN2.s 0.4727272727272728 996 0
iENS.s 0.5 996 0
iEO2.s 0.49549549549549554 996 0
iEOO.s 0.5 996 0
iEO4.s 0.5 996 0
iEPI.s 0.5 996 0
iEP2.s 0.5 996 0
iEQA.s 0.4910714285714286 996 0
iEQ2.s 0.4864864864864865 995 0
iEQS.s 0.4864864864864865 996 0
iER2.s 0.4910714285714286 996 0
iERO.s 0.5 996 0
iER4.s 0.4727272727272728 996 0
iESI.s 0.5 996 0
iES2.s 0.5 996 0
iETA.s 0.5 997 0
iET2.s 0.5 996 0
iETS.s 0.4910714285714286 996 0
iEU2.s 0.4818181818181818 996 0
iEUO.s 0.5 996 0
iEU4.s 0.5 996 0
iEVJ.s 0.5 995 0
iEV2.s 0.4910714285714286 997 0
iEWB.s 0.5 997 0
iEW2.s 0.5 997 0
iEWS.s 0.5 994 0
iEX2.s 0.4678899082568807 994 0
iEXO.s 0.5 995 0
iEX4.s 0.4818181818181818 997 0
iEYI.s 0.4910714285714286 996 0
iEY2.s 0.4818181818181818 995 0
iEZA.s 0.4864864864864865 996 0
iE2A.s 0.4864864864864865 995 0
iEZP.s 0.4864864864864865 996 0
iE22.s 0.5 997 0
iE2Q.s 0.4818181818181818 995 0
iE24.s 0.4537037037037037 997 0
iE3I.s 0.5 997 0
iE32.s 0.4864864864864865 996 0
iE4B.s 0.5 995 0
iE42.s 0.5 997 0
iE4S.s 0.4774774774774775 996 0
iE52.s 0.45871559633027525 993 0
iE5O.s 0.5 997 0
iE54.s 0.4864864864864865 997 0
iE6J.s 0.5 997 0
iE62.s 0.4678899082568807 996 0
iE7A.s 0.4864864864864865 996 0
iE72.s 0.5 997 0
iE7S.s 0.4678899082568807 997 0
iFA2.s 0.4727272727272728 997 0
iFAO.s 0.4727272727272728 997 0
iFA4.s 0.49549549549549554 997 0
iFBI.s 0.5 997 0
iFB2.s 0.47706422018348627 995 0
iFCA.s 0.4444444444444444 996 0
iFC2.s 0.38834951456310685 996 0
iFCS.s 0.49549549549549554 996 0
iFD2.s 0.49549549549549554 997 0
iFDO.s 0.49549549549549554 997 0
iFD4.s 0.44859813084112155 995 0
iFEI.s 0.4818181818181818 996 0
iFE2.s 0.4678899082568807 997 0
iFFA.s 0.47706422018348627 997 0
iFF2.s 0.49549549549549554 996 0
iFFS.s 0.4629629629629629 994 0
iFG2.s 0.5 997 0
iFGO.s 0.4678899082568807 996 0
iFG4.s 0.4727272727272728 997 0
iFHI.s 0.5 997 0
iFH2.s 0.42452830188679247 994 0
iFIA.s 0.419047619047619 992 0
iFI2.s 0.4910714285714286 997 0
iFIS.s 0.49549549549549554 997 0
iFJ2.s 0.5 997 0
iFJO.s 0.4774774774774775 997 0
iFJ4.s 0.4910714285714286 996 0
iFKI.s 0.5 997 0
iFK2.s 0.4910714285714286 997 0
iFLA.s 0.5 997 0
iFL2.s 0.4727272727272728 997 0
iFLS.s 0.4818181818181818 997 0
iFM2.s 0.49549549549549554 997 0
iFMO.s 0.4864864864864865 997 0
iFM4.s 0.4910714285714286 997 0
iFNJ.s 0.4722222222222222 997 0
iFN2.s 0.4678899082568807 994 0
iFOA.s 0.4678899082568807 997 0
iFO2.s 0.4 995 1
iFOS.s 0.4678899082568807 995 0
iFP2.s 0.5 994 0
iFPO.s 0.47706422018348627 997 0
iFP4.s 0.5 997 0
iFQI.s 0.5 997 0
iFQ2.s 0.4678899082568807 996 0
iFRA.s 0.4495412844036697 996 0
iFR2.s 0.5 996 0
iFRS.s 0.5 997 0
iFS2.s 0.5 997 0
iFSO.s 0.4864864864864865 996 0
iFS4.s 0.49090909090909096 994 0
iFTI.s 0.5 996 0
iFT2.s 0.5 997 0
iFUA.s 0.36363636363636365 996 0
iFU2.s 0.4864864864864865 997 0
iFUS.s 0.4818181818181818 997 0
iFV2.s 0.4727272727272728 995 0
iFVO.s 0.4444444444444444 995 0
iFV4.s 0.4727272727272728 997 0
iFWI.s 0.45871559633027525 996 0
iFW2.s 0.4629629629629629 994 0
iFXB.s 0.4392523364485982 997 0
iFX2.s 0.46846846846846846 997 0
iFXS.s 0.4678899082568807 997 0
iFY2.s 0.4864864864864865 997 0
iFYO.s 0.4864864864864865 996 0
iFY4.s 0.4818181818181818 997 0
iFZI.s 0.4818181818181818 996 0
iF2A.s 0.46846846846846846 996 0
iFZ2.s 0.5 996 0
iF22.s 0.4818181818181818 996 0
iF2S.s 0.5 997 0
iF32.s 0.4636363636363636 995 0
iF3O.s 0.5 997 0
iF34.s 0.45871559633027525 993 0
iF4I.s 0.4818181818181818 996 0
iF42.s 0.49549549549549554 995 0
iF5A.s 0.4339622641509434 995 0
iF52.s 0.4910714285714286 996 0
iF5S.s 0.4864864864864865 997 0
iF62.s 0.42452830188679247 996 0
iF6O.s 0.4444444444444444 994 0
iF64.s 0.4818181818181818 997 0
iF7I.s 0.4629629629629629 996 0
iF72.s 0.35 994 0
iGAA.s 0.4864864864864865 997 0
iGA2.s 0.4678899082568807 997 0
iGAS.s 0.4818181818181818 995 0
