0 7.972 4.0 15.0 440.06 447 435 0.472222222222
1 6.611 4.0 8.0 440.92 447 442 0.444444444444
2 6.0 4.0 7.0 441.44 442 443 0.305555555556
3 5.889 4.0 7.0 441.06 442 440 0.277777777778
4 5.444 4.0 6.0 440.83 442 442 0.138888888889
5 5.278 4.0 6.0 440.44 442 440 0.138888888889
6 5.0 4.0 6.0 441.56 442 434 0.166666666667
7 4.889 4.0 5.0 441.83 442 444 0.194444444444
8 4.889 4.0 5.0 441.33 442 443 0.194444444444
9 4.833 4.0 5.0 440.31 442 442 0.194444444444
10 4.722 4.0 5.0 440.64 442 441 0.166666666667
11 4.639 4.0 5.0 440.36 442 440 0.194444444444
12 4.649 4.0 5.0 440.11 442 440 0.189189189189
13 4.459 4.0 5.0 440.89 442 439 0.162162162162
14 4.306 4.0 5.0 442.25 441 437 0.111111111111
15 4.0 4.0 4.0 445.22 441 454 0.0
16 4.0 4.0 4.0 443.94 441 446 0.0
17 4.0 4.0 4.0 443.53 441 445 0.0277777777778
18 4.0 4.0 4.0 443.36 441 444 0.0277777777778
19 4.0 4.0 4.0 443.19 441 444 0.0277777777778
20 4.0 4.0 4.0 442.94 440 444 0.0277777777778
21 4.0 4.0 4.0 442.81 440 444 0.0277777777778
22 4.0 4.0 4.0 442.58 440 444 0.0277777777778
23 4.0 4.0 4.0 442.28 440 443 0.0277777777778
24 4.0 4.0 4.0 442.08 439 443 0.0277777777778
25 4.0 4.0 4.0 442.08 439 443 0.0277777777778
26 4.0 4.0 4.0 442.03 439 443 0.0277777777778
27 4.0 4.0 4.0 441.81 439 443 0.0
28 4.0 4.0 4.0 441.78 439 443 0.0
29 4.0 4.0 4.0 441.97 439 446 0.0
30 4.0 4.0 4.0 441.78 439 444 0.0
31 4.0 4.0 4.0 441.67 439 444 0.0
32 4.0 4.0 4.0 441.69 439 444 0.0
33 4.028 4.0 5.0 441.72 439 438 0.0
34 4.0 4.0 4.0 441.86 439 444 0.0
35 4.0 4.0 4.0 441.43 439 443 0.0
36 4.0 4.0 4.0 441.27 439 442 0.0
37 4.0 4.0 4.0 441.08 438 442 0.0
38 4.0 4.0 4.0 440.92 438 442 0.0
39 4.0 4.0 4.0 440.72 438 442 0.0
40 4.0 4.0 4.0 440.5 438 442 0.0
41 4.0 4.0 4.0 440.31 437 442 0.0
42 4.0 4.0 4.0 440.03 437 441 0.0
43 4.0 4.0 4.0 439.58 437 441 0.0
44 4.0 4.0 4.0 439.58 437 441 0.0
45 4.0 4.0 4.0 439.44 437 441 0.0
46 4.0 4.0 4.0 439.31 437 441 0.0
47 4.0 4.0 4.0 439.14 437 440 0.0
48 4.0 4.0 4.0 439.06 437 440 0.0
49 4.0 4.0 4.0 438.86 436 440 0.0
50 4.0 4.0 4.0 438.89 436 440 0.0
51 4.0 4.0 4.0 438.81 436 440 0.0
52 4.0 4.0 4.0 438.89 436 441 0.0277777777778
53 4.0 4.0 4.0 438.86 436 441 0.0277777777778
54 4.0 4.0 4.0 438.56 436 439 0.0
55 4.0 4.0 4.0 438.53 436 439 0.0
56 4.0 4.0 4.0 438.44 436 439 0.0
57 4.0 4.0 4.0 438.25 435 439 0.0
58 4.0 4.0 4.0 438.08 435 439 0.0
59 4.0 4.0 4.0 437.75 435 439 0.0
60 4.0 4.0 4.0 437.61 435 439 0.0
61 4.0 4.0 4.0 437.56 435 438 0.0
62 4.0 4.0 4.0 437.44 435 438 0.0
63 4.0 4.0 4.0 437.28 435 438 0.0
64 4.0 4.0 4.0 437.33 435 439 0.0277777777778
65 4.0 4.0 4.0 437.06 435 438 0.0
66 4.0 4.0 4.0 436.86 434 438 0.0
67 4.028 4.0 5.0 436.86 434 436 0.0
68 4.0 4.0 4.0 436.42 434 438 0.0
69 4.0 4.0 4.0 436.22 434 438 0.0
70 4.0 4.0 4.0 435.81 433 437 0.0
71 4.0 4.0 4.0 435.53 433 436 0.0
72 4.0 4.0 4.0 435.03 431 436 0.0
73 4.0 4.0 4.0 434.94 431 436 0.0
74 4.0 4.0 4.0 434.42 430 436 0.0
75 4.0 4.0 4.0 434.33 430 437 0.0
76 4.0 4.0 4.0 433.81 430 435 0.0
77 4.0 4.0 4.0 433.44 430 435 0.0
78 4.0 4.0 4.0 433.36 430 435 0.0
79 4.0 4.0 4.0 433.33 430 435 0.0
80 4.0 4.0 4.0 433.14 430 435 0.0
81 4.0 4.0 4.0 432.78 430 434 0.0
82 4.0 4.0 4.0 432.58 430 434 0.0
83 4.0 4.0 4.0 432.31 430 434 0.0
84 4.0 4.0 4.0 432.27 430 434 0.0
85 4.0 4.0 4.0 432.05 430 433 0.0
86 4.0 4.0 4.0 432.03 430 433 0.0
87 4.0 4.0 4.0 432.0 430 433 0.0
88 4.0 4.0 4.0 431.86 430 433 0.0
89 4.0 4.0 4.0 431.84 430 433 0.0
90 4.0 4.0 4.0 431.81 430 433 0.0
91 4.0 4.0 4.0 431.68 430 433 0.0
92 4.0 4.0 4.0 431.51 430 433 0.0
93 4.0 4.0 4.0 431.32 430 432 0.0
94 4.0 4.0 4.0 431.14 430 432 0.0
95 4.0 4.0 4.0 431.0 430 432 0.0
96 4.0 4.0 4.0 430.78 430 432 0.0
97 4.0 4.0 4.0 430.57 430 431 0.0
98 4.0 4.0 4.0 430.46 430 431 0.0
99 4.0 4.0 4.0 430.28 429 431 0.0
100 4.0 4.0 4.0 430.19 429 431 0.0
101 4.0 4.0 4.0 430.03 428 431 0.0
102 4.0 4.0 4.0 429.83 428 430 0.0
103 4.0 4.0 4.0 429.83 428 430 0.0
104 4.0 4.0 4.0 429.78 428 430 0.0
105 4.0 4.0 4.0 429.83 428 431 0.0
106 4.0 4.0 4.0 429.75 428 430 0.0
107 4.0 4.0 4.0 429.75 428 430 0.0
108 4.0 4.0 4.0 429.67 428 430 0.0
109 4.0 4.0 4.0 429.64 428 430 0.0
110 4.0 4.0 4.0 429.58 428 430 0.0
111 4.0 4.0 4.0 429.43 428 430 0.0
112 4.0 4.0 4.0 429.3 428 430 0.0
113 4.0 4.0 4.0 429.22 428 430 0.0
114 4.0 4.0 4.0 429.16 428 430 0.0
115 4.0 4.0 4.0 429.08 428 430 0.0
116 4.0 4.0 4.0 428.89 427 430 0.0
117 4.0 4.0 4.0 428.61 427 429 0.0
118 4.0 4.0 4.0 428.61 427 429 0.0
119 4.0 4.0 4.0 428.5 427 429 0.0
120 4.0 4.0 4.0 428.31 427 429 0.0
121 4.0 4.0 4.0 428.25 427 429 0.0
122 4.0 4.0 4.0 428.22 427 430 0.0
123 4.0 4.0 4.0 428.0 427 429 0.0
124 4.0 4.0 4.0 427.94 427 429 0.0
125 4.0 4.0 4.0 427.94 427 429 0.0
126 4.0 4.0 4.0 427.81 427 429 0.0
127 4.0 4.0 4.0 427.78 427 428 0.0
128 4.0 4.0 4.0 427.68 427 428 0.0
129 4.0 4.0 4.0 427.7 427 429 0.0
130 4.0 4.0 4.0 427.67 426 429 0.0
131 4.0 4.0 4.0 427.53 426 428 0.0
132 4.0 4.0 4.0 427.39 426 428 0.0
133 4.0 4.0 4.0 427.33 426 428 0.0
134 4.0 4.0 4.0 427.22 426 428 0.0
135 4.0 4.0 4.0 427.19 426 428 0.0
136 4.0 4.0 4.0 427.17 426 428 0.0
137 4.0 4.0 4.0 427.14 426 428 0.0
138 4.0 4.0 4.0 427.17 426 428 0.0
139 4.0 4.0 4.0 427.06 426 428 0.0
140 4.0 4.0 4.0 427.0 426 428 0.0
141 4.0 4.0 4.0 426.95 426 428 0.0
142 4.0 4.0 4.0 427.03 426 428 0.0
143 4.0 4.0 4.0 427.0 425 428 0.0
144 4.0 4.0 4.0 427.28 425 432 0.0
145 4.0 4.0 4.0 427.03 425 428 0.0
146 4.0 4.0 4.0 426.94 425 428 0.0
147 4.0 4.0 4.0 426.94 425 428 0.0
148 4.0 4.0 4.0 426.83 425 428 0.0
149 4.0 4.0 4.0 426.81 425 428 0.0
150 4.0 4.0 4.0 426.78 425 428 0.0
151 4.0 4.0 4.0 426.86 425 428 0.0
152 4.0 4.0 4.0 426.72 425 427 0.0
153 4.0 4.0 4.0 426.76 425 428 0.0
154 4.0 4.0 4.0 426.7 425 427 0.0
155 4.0 4.0 4.0 426.68 425 427 0.0
156 4.0 4.0 4.0 426.62 425 427 0.0
157 4.0 4.0 4.0 426.59 425 427 0.0
158 4.0 4.0 4.0 426.49 425 427 0.0
159 4.0 4.0 4.0 426.38 425 427 0.0
160 4.0 4.0 4.0 426.32 425 427 0.0
161 4.0 4.0 4.0 426.14 425 427 0.0
162 4.0 4.0 4.0 426.05 425 427 0.0
163 4.0 4.0 4.0 425.92 425 426 0.0
164 4.0 4.0 4.0 425.89 425 426 0.0
165 4.0 4.0 4.0 425.86 425 426 0.0
166 4.0 4.0 4.0 425.86 425 426 0.0
167 4.0 4.0 4.0 425.86 425 426 0.0
168 4.0 4.0 4.0 425.84 425 426 0.0
169 4.0 4.0 4.0 425.81 425 426 0.0
170 4.0 4.0 4.0 425.81 425 426 0.0
171 4.0 4.0 4.0 425.86 425 427 0.0
172 4.0 4.0 4.0 425.84 425 427 0.0
173 4.0 4.0 4.0 425.81 425 427 0.0
174 4.0 4.0 4.0 425.78 425 426 0.0
175 4.0 4.0 4.0 425.76 425 426 0.0
176 4.0 4.0 4.0 425.7 425 426 0.0
177 4.0 4.0 4.0 425.62 425 426 0.0
178 4.0 4.0 4.0 425.59 425 426 0.0
179 4.0 4.0 4.0 425.51 425 426 0.0
180 4.0 4.0 4.0 425.41 425 426 0.0
181 4.0 4.0 4.0 425.38 425 426 0.0
182 4.0 4.0 4.0 425.3 425 426 0.0
183 4.0 4.0 4.0 425.22 425 426 0.0
184 4.0 4.0 4.0 425.14 425 426 0.0
185 4.0 4.0 4.0 425.03 425 426 0.0
186 4.0 4.0 4.0 425.0 425 425 0.0
187 4.0 4.0 4.0 425.0 425 425 0.0
188 4.0 4.0 4.0 424.97 424 425 0.0
189 4.0 4.0 4.0 425.0 424 426 0.0
190 4.0 4.0 4.0 425.06 424 426 0.0
191 4.0 4.0 4.0 424.97 424 425 0.0
192 4.0 4.0 4.0 424.97 424 425 0.0
193 4.0 4.0 4.0 424.97 424 425 0.0
194 4.0 4.0 4.0 424.97 424 425 0.0
195 4.0 4.0 4.0 424.97 424 425 0.0
196 4.0 4.0 4.0 425.03 424 426 0.0
197 4.0 4.0 4.0 424.92 424 425 0.0
198 4.0 4.0 4.0 424.89 424 425 0.0
199 4.0 4.0 4.0 424.86 424 425 0.0
200 4.0 4.0 4.0 424.86 424 425 0.0
201 4.0 4.0 4.0 424.81 424 425 0.0
202 4.0 4.0 4.0 424.76 424 425 0.0
203 4.0 4.0 4.0 424.73 424 425 0.0
204 4.0 4.0 4.0 424.65 424 425 0.0
205 4.0 4.0 4.0 424.54 424 425 0.0
206 4.0 4.0 4.0 424.46 424 425 0.0
207 4.0 4.0 4.0 424.39 423 425 0.0
208 4.0 4.0 4.0 424.31 423 425 0.0
209 4.0 4.0 4.0 424.17 423 425 0.0
210 4.0 4.0 4.0 423.94 423 425 0.0
211 4.0 4.0 4.0 423.92 423 424 0.0
212 4.0 4.0 4.0 423.89 423 424 0.0
213 4.0 4.0 4.0 423.89 423 424 0.0
214 4.0 4.0 4.0 423.89 423 424 0.0
215 4.0 4.0 4.0 423.83 423 424 0.0
216 4.0 4.0 4.0 423.81 423 424 0.0
217 4.0 4.0 4.0 423.81 423 424 0.0
218 4.0 4.0 4.0 423.81 423 424 0.0
219 4.0 4.0 4.0 423.78 423 424 0.0
220 4.0 4.0 4.0 423.89 423 425 0.0
221 4.0 4.0 4.0 423.89 423 425 0.0
222 4.0 4.0 4.0 423.86 423 425 0.0
223 4.0 4.0 4.0 423.84 423 425 0.0
224 4.0 4.0 4.0 423.78 423 424 0.0
225 4.0 4.0 4.0 423.78 423 424 0.0
226 4.0 4.0 4.0 423.78 423 424 0.0
227 4.0 4.0 4.0 423.7 423 424 0.0
228 4.0 4.0 4.0 423.7 423 424 0.0
229 4.0 4.0 4.0 423.73 423 424 0.0
230 4.0 4.0 4.0 423.7 423 424 0.0
231 4.0 4.0 4.0 423.68 423 424 0.0
232 4.0 4.0 4.0 423.62 423 424 0.0
233 4.0 4.0 4.0 423.57 423 424 0.0
234 4.0 4.0 4.0 423.57 423 425 0.0
235 4.0 4.0 4.0 423.54 423 424 0.0
236 4.0 4.0 4.0 423.51 423 424 0.0
237 4.0 4.0 4.0 423.62 423 425 0.0
238 4.0 4.0 4.0 423.59 423 425 0.0
239 4.0 4.0 4.0 423.65 423 425 0.0
240 4.0 4.0 4.0 423.65 423 425 0.0
241 4.0 4.0 4.0 423.57 423 424 0.0
242 4.0 4.0 4.0 423.59 423 424 0.0
243 4.0 4.0 4.0 423.65 423 424 0.0
244 4.0 4.0 4.0 423.62 423 424 0.0
245 4.0 4.0 4.0 423.73 423 425 0.0
246 4.0 4.0 4.0 423.76 423 425 0.0
247 4.0 4.0 4.0 423.62 423 424 0.0
248 4.0 4.0 4.0 423.7 423 425 0.0
249 4.0 4.0 4.0 423.62 423 424 0.0
250 4.0 4.0 4.0 423.62 423 424 0.0
251 4.0 4.0 4.0 423.7 423 425 0.0
252 4.0 4.0 4.0 423.65 423 425 0.0
253 4.0 4.0 4.0 423.59 423 424 0.0
254 4.0 4.0 4.0 423.65 423 424 0.0
255 4.0 4.0 4.0 423.59 423 424 0.0
256 4.0 4.0 4.0 423.49 423 424 0.0
257 4.0 4.0 4.0 423.46 423 424 0.0
258 4.0 4.0 4.0 423.41 423 424 0.0
259 4.0 4.0 4.0 423.41 423 424 0.0
260 4.0 4.0 4.0 423.38 423 424 0.0
261 4.0 4.0 4.0 423.46 423 425 0.0
262 4.0 4.0 4.0 423.38 423 424 0.0
263 4.0 4.0 4.0 423.24 423 424 0.0
264 4.0 4.0 4.0 423.14 423 424 0.0
265 4.0 4.0 4.0 423.14 423 424 0.0
266 4.0 4.0 4.0 423.19 423 425 0.0
267 4.0 4.0 4.0 423.14 423 424 0.0
268 4.0 4.0 4.0 423.11 423 424 0.0
269 4.0 4.0 4.0 423.11 423 425 0.0
270 4.0 4.0 4.0 423.05 423 424 0.0
271 4.0 4.0 4.0 423.03 423 424 0.0
272 4.0 4.0 4.0 423.03 423 424 0.0
273 4.0 4.0 4.0 423.11 423 424 0.0
274 4.0 4.0 4.0 423.14 423 424 0.0
275 4.0 4.0 4.0 423.27 423 425 0.0
276 4.0 4.0 4.0 423.3 423 424 0.0
277 4.0 4.0 4.0 423.32 423 424 0.0
278 4.0 4.0 4.0 423.27 423 424 0.0
279 4.0 4.0 4.0 423.3 423 424 0.0
280 4.0 4.0 4.0 423.35 423 424 0.0
281 4.0 4.0 4.0 423.3 423 424 0.0
282 4.0 4.0 4.0 423.32 423 424 0.0
283 4.0 4.0 4.0 423.38 423 425 0.0
284 4.0 4.0 4.0 423.54 423 425 0.0
285 4.0 4.0 4.0 423.41 423 425 0.0
286 4.0 4.0 4.0 423.43 423 425 0.0
287 4.0 4.0 4.0 423.49 423 425 0.0
288 4.0 4.0 4.0 423.54 423 424 0.0
289 4.0 4.0 4.0 423.54 423 424 0.0
290 4.0 4.0 4.0 423.54 423 424 0.0
291 4.0 4.0 4.0 423.59 423 424 0.0
292 4.0 4.0 4.0 423.59 423 424 0.0
293 4.0 4.0 4.0 423.62 423 424 0.0
294 4.0 4.0 4.0 423.62 423 424 0.0
295 4.0 4.0 4.0 423.59 423 424 0.0
296 4.0 4.0 4.0 423.54 423 424 0.0
297 4.0 4.0 4.0 423.51 423 424 0.0
298 4.0 4.0 4.0 423.62 423 425 0.0
299 4.0 4.0 4.0 423.54 423 424 0.0
