gen avg_1 best_1 worst_1 avg_2 best_2 worst_2 avg_trigger
0 992.028 996 985 9559.94 9553 9565 0.472222222222
1 993.389 996 992 9559.08 9553 9558 0.444444444444
2 994 996 993 9558.56 9558 9557 0.305555555556
3 994.111 996 993 9558.94 9558 9560 0.277777777778
4 994.556 996 994 9559.17 9558 9558 0.138888888889
5 994.722 996 994 9559.56 9558 9560 0.138888888889
6 995 996 994 9558.44 9558 9566 0.166666666667
7 995.111 996 995 9558.17 9558 9556 0.194444444444
8 995.111 996 995 9558.67 9558 9557 0.194444444444
9 995.167 996 995 9559.69 9558 9558 0.194444444444
10 995.278 996 995 9559.36 9558 9559 0.166666666667
11 995.361 996 995 9559.64 9558 9560 0.194444444444
12 995.351 996 995 9559.89 9558 9560 0.189189189189
13 995.541 996 995 9559.11 9558 9561 0.162162162162
14 995.694 996 995 9557.75 9559 9563 0.111111111111
15 996 996 996 9554.78 9559 9546 0.0
16 996 996 996 9556.06 9559 9554 0.0
17 996 996 996 9556.47 9559 9555 0.0277777777778
18 996 996 996 9556.64 9559 9556 0.0277777777778
19 996 996 996 9556.81 9559 9556 0.0277777777778
20 996 996 996 9557.06 9560 9556 0.0277777777778
21 996 996 996 9557.19 9560 9556 0.0277777777778
22 996 996 996 9557.42 9560 9556 0.0277777777778
23 996 996 996 9557.72 9560 9557 0.0277777777778
24 996 996 996 9557.92 9561 9557 0.0277777777778
25 996 996 996 9557.92 9561 9557 0.0277777777778
26 996 996 996 9557.97 9561 9557 0.0277777777778
27 996 996 996 9558.19 9561 9557 0.0
28 996 996 996 9558.22 9561 9557 0.0
29 996 996 996 9558.03 9561 9554 0.0
30 996 996 996 9558.22 9561 9556 0.0
31 996 996 996 9558.33 9561 9556 0.0
32 996 996 996 9558.31 9561 9556 0.0
33 995.972 996 995 9558.28 9561 9562 0.0
34 996 996 996 9558.14 9561 9556 0.0
35 996 996 996 9558.57 9561 9557 0.0
36 996 996 996 9558.73 9561 9558 0.0
37 996 996 996 9558.92 9562 9558 0.0
38 996 996 996 9559.08 9562 9558 0.0
39 996 996 996 9559.28 9562 9558 0.0
40 996 996 996 9559.5 9562 9558 0.0
41 996 996 996 9559.69 9563 9558 0.0
42 996 996 996 9559.97 9563 9559 0.0
43 996 996 996 9560.42 9563 9559 0.0
44 996 996 996 9560.42 9563 9559 0.0
45 996 996 996 9560.56 9563 9559 0.0
46 996 996 996 9560.69 9563 9559 0.0
47 996 996 996 9560.86 9563 9560 0.0
48 996 996 996 9560.94 9563 9560 0.0
49 996 996 996 9561.14 9564 9560 0.0
50 996 996 996 9561.11 9564 9560 0.0
51 996 996 996 9561.19 9564 9560 0.0
52 996 996 996 9561.11 9564 9559 0.0277777777778
53 996 996 996 9561.14 9564 9559 0.0277777777778
54 996 996 996 9561.44 9564 9561 0.0
55 996 996 996 9561.47 9564 9561 0.0
56 996 996 996 9561.56 9564 9561 0.0
57 996 996 996 9561.75 9565 9561 0.0
58 996 996 996 9561.92 9565 9561 0.0
59 996 996 996 9562.25 9565 9561 0.0
60 996 996 996 9562.39 9565 9561 0.0
61 996 996 996 9562.44 9565 9562 0.0
62 996 996 996 9562.56 9565 9562 0.0
63 996 996 996 9562.72 9565 9562 0.0
64 996 996 996 9562.67 9565 9561 0.0277777777778
65 996 996 996 9562.94 9565 9562 0.0
66 996 996 996 9563.14 9566 9562 0.0
67 995.972 996 995 9563.14 9566 9564 0.0
68 996 996 996 9563.58 9566 9562 0.0
69 996 996 996 9563.78 9566 9562 0.0
70 996 996 996 9564.19 9567 9563 0.0
71 996 996 996 9564.47 9567 9564 0.0
72 996 996 996 9564.97 9569 9564 0.0
73 996 996 996 9565.06 9569 9564 0.0
74 996 996 996 9565.58 9570 9564 0.0
75 996 996 996 9565.67 9570 9563 0.0
76 996 996 996 9566.19 9570 9565 0.0
77 996 996 996 9566.56 9570 9565 0.0
78 996 996 996 9566.64 9570 9565 0.0
79 996 996 996 9566.67 9570 9565 0.0
80 996 996 996 9566.86 9570 9565 0.0
81 996 996 996 9567.22 9570 9566 0.0
82 996 996 996 9567.42 9570 9566 0.0
83 996 996 996 9567.69 9570 9566 0.0
84 996 996 996 9567.73 9570 9566 0.0
85 996 996 996 9567.95 9570 9567 0.0
86 996 996 996 9567.97 9570 9567 0.0
87 996 996 996 9568 9570 9567 0.0
88 996 996 996 9568.14 9570 9567 0.0
89 996 996 996 9568.16 9570 9567 0.0
90 996 996 996 9568.19 9570 9567 0.0
91 996 996 996 9568.32 9570 9567 0.0
92 996 996 996 9568.49 9570 9567 0.0
93 996 996 996 9568.68 9570 9568 0.0
94 996 996 996 9568.86 9570 9568 0.0
95 996 996 996 9569 9570 9568 0.0
96 996 996 996 9569.22 9570 9568 0.0
97 996 996 996 9569.43 9570 9569 0.0
98 996 996 996 9569.54 9570 9569 0.0
99 996 996 996 9569.72 9571 9569 0.0
100 996 996 996 9569.81 9571 9569 0.0
101 996 996 996 9569.97 9572 9569 0.0
102 996 996 996 9570.17 9572 9570 0.0
103 996 996 996 9570.17 9572 9570 0.0
104 996 996 996 9570.22 9572 9570 0.0
105 996 996 996 9570.17 9572 9569 0.0
106 996 996 996 9570.25 9572 9570 0.0
107 996 996 996 9570.25 9572 9570 0.0
108 996 996 996 9570.33 9572 9570 0.0
109 996 996 996 9570.36 9572 9570 0.0
110 996 996 996 9570.42 9572 9570 0.0
111 996 996 996 9570.57 9572 9570 0.0
112 996 996 996 9570.7 9572 9570 0.0
113 996 996 996 9570.78 9572 9570 0.0
114 996 996 996 9570.84 9572 9570 0.0
115 996 996 996 9570.92 9572 9570 0.0
116 996 996 996 9571.11 9573 9570 0.0
117 996 996 996 9571.39 9573 9571 0.0
118 996 996 996 9571.39 9573 9571 0.0
119 996 996 996 9571.5 9573 9571 0.0
120 996 996 996 9571.69 9573 9571 0.0
121 996 996 996 9571.75 9573 9571 0.0
122 996 996 996 9571.78 9573 9570 0.0
123 996 996 996 9572 9573 9571 0.0
124 996 996 996 9572.06 9573 9571 0.0
125 996 996 996 9572.06 9573 9571 0.0
126 996 996 996 9572.19 9573 9571 0.0
127 996 996 996 9572.22 9573 9572 0.0
128 996 996 996 9572.32 9573 9572 0.0
129 996 996 996 9572.3 9573 9571 0.0
130 996 996 996 9572.33 9574 9571 0.0
131 996 996 996 9572.47 9574 9572 0.0
132 996 996 996 9572.61 9574 9572 0.0
133 996 996 996 9572.67 9574 9572 0.0
134 996 996 996 9572.78 9574 9572 0.0
135 996 996 996 9572.81 9574 9572 0.0
136 996 996 996 9572.83 9574 9572 0.0
137 996 996 996 9572.86 9574 9572 0.0
138 996 996 996 9572.83 9574 9572 0.0
139 996 996 996 9572.94 9574 9572 0.0
140 996 996 996 9573 9574 9572 0.0
141 996 996 996 9573.05 9574 9572 0.0
142 996 996 996 9572.97 9574 9572 0.0
143 996 996 996 9573 9575 9572 0.0
144 996 996 996 9572.72 9575 9568 0.0
145 996 996 996 9572.97 9575 9572 0.0
146 996 996 996 9573.06 9575 9572 0.0
147 996 996 996 9573.06 9575 9572 0.0
148 996 996 996 9573.17 9575 9572 0.0
149 996 996 996 9573.19 9575 9572 0.0
150 996 996 996 9573.22 9575 9572 0.0
151 996 996 996 9573.14 9575 9572 0.0
152 996 996 996 9573.28 9575 9573 0.0
153 996 996 996 9573.24 9575 9572 0.0
154 996 996 996 9573.3 9575 9573 0.0
155 996 996 996 9573.32 9575 9573 0.0
156 996 996 996 9573.38 9575 9573 0.0
157 996 996 996 9573.41 9575 9573 0.0
158 996 996 996 9573.51 9575 9573 0.0
159 996 996 996 9573.62 9575 9573 0.0
160 996 996 996 9573.68 9575 9573 0.0
161 996 996 996 9573.86 9575 9573 0.0
162 996 996 996 9573.95 9575 9573 0.0
163 996 996 996 9574.08 9575 9574 0.0
164 996 996 996 9574.11 9575 9574 0.0
165 996 996 996 9574.14 9575 9574 0.0
166 996 996 996 9574.14 9575 9574 0.0
167 996 996 996 9574.14 9575 9574 0.0
168 996 996 996 9574.16 9575 9574 0.0
169 996 996 996 9574.19 9575 9574 0.0
170 996 996 996 9574.19 9575 9574 0.0
171 996 996 996 9574.14 9575 9573 0.0
172 996 996 996 9574.16 9575 9573 0.0
173 996 996 996 9574.19 9575 9573 0.0
174 996 996 996 9574.22 9575 9574 0.0
175 996 996 996 9574.24 9575 9574 0.0
176 996 996 996 9574.3 9575 9574 0.0
177 996 996 996 9574.38 9575 9574 0.0
178 996 996 996 9574.41 9575 9574 0.0
179 996 996 996 9574.49 9575 9574 0.0
180 996 996 996 9574.59 9575 9574 0.0
181 996 996 996 9574.62 9575 9574 0.0
182 996 996 996 9574.7 9575 9574 0.0
183 996 996 996 9574.78 9575 9574 0.0
184 996 996 996 9574.86 9575 9574 0.0
185 996 996 996 9574.97 9575 9574 0.0
186 996 996 996 9575 9575 9575 0.0
187 996 996 996 9575 9575 9575 0.0
188 996 996 996 9575.03 9576 9575 0.0
189 996 996 996 9575 9576 9574 0.0
190 996 996 996 9574.94 9576 9574 0.0
191 996 996 996 9575.03 9576 9575 0.0
192 996 996 996 9575.03 9576 9575 0.0
193 996 996 996 9575.03 9576 9575 0.0
194 996 996 996 9575.03 9576 9575 0.0
195 996 996 996 9575.03 9576 9575 0.0
196 996 996 996 9574.97 9576 9574 0.0
197 996 996 996 9575.08 9576 9575 0.0
198 996 996 996 9575.11 9576 9575 0.0
199 996 996 996 9575.14 9576 9575 0.0
200 996 996 996 9575.14 9576 9575 0.0
201 996 996 996 9575.19 9576 9575 0.0
202 996 996 996 9575.24 9576 9575 0.0
203 996 996 996 9575.27 9576 9575 0.0
204 996 996 996 9575.35 9576 9575 0.0
205 996 996 996 9575.46 9576 9575 0.0
206 996 996 996 9575.54 9576 9575 0.0
207 996 996 996 9575.61 9577 9575 0.0
208 996 996 996 9575.69 9577 9575 0.0
209 996 996 996 9575.83 9577 9575 0.0
210 996 996 996 9576.06 9577 9575 0.0
211 996 996 996 9576.08 9577 9576 0.0
212 996 996 996 9576.11 9577 9576 0.0
213 996 996 996 9576.11 9577 9576 0.0
214 996 996 996 9576.11 9577 9576 0.0
215 996 996 996 9576.17 9577 9576 0.0
216 996 996 996 9576.19 9577 9576 0.0
217 996 996 996 9576.19 9577 9576 0.0
218 996 996 996 9576.19 9577 9576 0.0
219 996 996 996 9576.22 9577 9576 0.0
220 996 996 996 9576.11 9577 9575 0.0
221 996 996 996 9576.11 9577 9575 0.0
222 996 996 996 9576.14 9577 9575 0.0
223 996 996 996 9576.16 9577 9575 0.0
224 996 996 996 9576.22 9577 9576 0.0
225 996 996 996 9576.22 9577 9576 0.0
226 996 996 996 9576.22 9577 9576 0.0
227 996 996 996 9576.3 9577 9576 0.0
228 996 996 996 9576.3 9577 9576 0.0
229 996 996 996 9576.27 9577 9576 0.0
230 996 996 996 9576.3 9577 9576 0.0
231 996 996 996 9576.32 9577 9576 0.0
232 996 996 996 9576.38 9577 9576 0.0
233 996 996 996 9576.43 9577 9576 0.0
234 996 996 996 9576.43 9577 9575 0.0
235 996 996 996 9576.46 9577 9576 0.0
236 996 996 996 9576.49 9577 9576 0.0
237 996 996 996 9576.38 9577 9575 0.0
238 996 996 996 9576.41 9577 9575 0.0
239 996 996 996 9576.35 9577 9575 0.0
240 996 996 996 9576.35 9577 9575 0.0
241 996 996 996 9576.43 9577 9576 0.0
242 996 996 996 9576.41 9577 9576 0.0
243 996 996 996 9576.35 9577 9576 0.0
244 996 996 996 9576.38 9577 9576 0.0
245 996 996 996 9576.27 9577 9575 0.0
246 996 996 996 9576.24 9577 9575 0.0
247 996 996 996 9576.38 9577 9576 0.0
248 996 996 996 9576.3 9577 9575 0.0
249 996 996 996 9576.38 9577 9576 0.0
250 996 996 996 9576.38 9577 9576 0.0
251 996 996 996 9576.3 9577 9575 0.0
252 996 996 996 9576.35 9577 9575 0.0
253 996 996 996 9576.41 9577 9576 0.0
254 996 996 996 9576.35 9577 9576 0.0
255 996 996 996 9576.41 9577 9576 0.0
256 996 996 996 9576.51 9577 9576 0.0
257 996 996 996 9576.54 9577 9576 0.0
258 996 996 996 9576.59 9577 9576 0.0
259 996 996 996 9576.59 9577 9576 0.0
260 996 996 996 9576.62 9577 9576 0.0
261 996 996 996 9576.54 9577 9575 0.0
262 996 996 996 9576.62 9577 9576 0.0
263 996 996 996 9576.76 9577 9576 0.0
264 996 996 996 9576.86 9577 9576 0.0
265 996 996 996 9576.86 9577 9576 0.0
266 996 996 996 9576.81 9577 9575 0.0
267 996 996 996 9576.86 9577 9576 0.0
268 996 996 996 9576.89 9577 9576 0.0
269 996 996 996 9576.89 9577 9575 0.0
270 996 996 996 9576.95 9577 9576 0.0
271 996 996 996 9576.97 9577 9576 0.0
272 996 996 996 9576.97 9577 9576 0.0
273 996 996 996 9576.89 9577 9576 0.0
274 996 996 996 9576.86 9577 9576 0.0
275 996 996 996 9576.73 9577 9575 0.0
276 996 996 996 9576.7 9577 9576 0.0
277 996 996 996 9576.68 9577 9576 0.0
278 996 996 996 9576.73 9577 9576 0.0
279 996 996 996 9576.7 9577 9576 0.0
280 996 996 996 9576.65 9577 9576 0.0
281 996 996 996 9576.7 9577 9576 0.0
282 996 996 996 9576.68 9577 9576 0.0
283 996 996 996 9576.62 9577 9575 0.0
284 996 996 996 9576.46 9577 9575 0.0
285 996 996 996 9576.59 9577 9575 0.0
286 996 996 996 9576.57 9577 9575 0.0
287 996 996 996 9576.51 9577 9575 0.0
288 996 996 996 9576.46 9577 9576 0.0
289 996 996 996 9576.46 9577 9576 0.0
290 996 996 996 9576.46 9577 9576 0.0
291 996 996 996 9576.41 9577 9576 0.0
292 996 996 996 9576.41 9577 9576 0.0
293 996 996 996 9576.38 9577 9576 0.0
294 996 996 996 9576.38 9577 9576 0.0
295 996 996 996 9576.41 9577 9576 0.0
296 996 996 996 9576.46 9577 9576 0.0
297 996 996 996 9576.49 9577 9576 0.0
298 996 996 996 9576.38 9577 9575 0.0
299 996 996 996 9576.46 9577 9576 0.0
