11010111111000010111011111110100
11010111111000011001011111111000
11010111111000010100111111111100
11010111111000010000111111101100
11010111111000010001011111110000
11100101100001000010100000000000
10011100001000011111111111101100
10101010010001010000000000000000
00001100000000000000000000101011
10101001110000110000000000000000
10111000011001000000000000000010
10011100101001000000000000000001
11100001100011100001100000000000
11100101100001011001000000000000
00001100000000000000000000110111
10000101000011000000000000000000
10000100111011000000000000000100
00000000000000000000000000001001
10101000010100100000000000000000
10011100101001010000000000000001
10111000110001010000000000000010
11100000110011100011000000000000
10000100111001100000000000000000
11100101010000100010100000000000
00001100000000000000000000001111
00010101000000000000000000000000
10111000011000100000000000000010
11100101100010000011100000000000
10111000110001010000000000000010
00001111111111111111111111110110
11100000011011100001100000000000
10000101011000110000000000000000
11100101010010000101100000000000
00010000000000000000000000011001
11100000110011100011000000000000
10011100010000101111111111111111
11100101010000100010100000000000
00010011111111111111111111110101
00010101000000000000000000000000
10000101011011000000000000000000
11100101101010000011100000000000
00010000000000000000000000010101
00010101000000000000000000000000
11010100000001100101100000000000
11010100000011000011100000000000
10011100101001011111111111111111
00000111111111111111111111010010
10101000011011100000000000000000
11100101010100100001000000000000
00010011111111111111111111011001
10101000100000100000000000000000
10011100001000010000000000010100
10000101001000011111111111111100
10000100001000011111111111101100
10000100010000011111111111110000
10000101110000011111111111110100
01000100000000000100100000000000
10000110010000011111111111111000
11010100000001100101100000000000
11010100000000110011100000000000
00000011111111111111111111011011
10000100111001100000000000000000
10011100101001011111111111111111
10111000011001010000000000000010
11100000011011100001100000000000
10000100110000110000000000000000
11010100000000110101100000000000
00000011111111111111111111101011
11010100000011000011000000000000
10011100011000110000000000000100
10101001011010000000000000000000
11100000110011100001100000000000
10101000010100100000000000000000
00000011111111111111111111011111
10000100111001100000000000000000
