0 8.972 5.0 15.0 0.944444444444
1 7.722 5.0 9.0 0.916666666667
2 7.111 5.0 8.0 0.972222222222
3 6.806 5.0 8.0 0.944444444444
4 6.611 5.0 7.0 0.944444444444
5 6.5 5.0 7.0 0.944444444444
6 6.361 5.0 7.0 0.972222222222
7 6.194 5.0 7.0 0.972222222222
8 5.889 5.0 7.0 0.972222222222
9 5.75 5.0 6.0 0.972222222222
10 5.667 5.0 6.0 0.944444444444
11 5.556 4.0 6.0 0.972222222222
12 5.556 4.0 6.0 0.972222222222
13 5.417 4.0 6.0 0.972222222222
14 5.306 4.0 6.0 0.972222222222
15 5.028 4.0 6.0 0.972222222222
16 4.972 4.0 5.0 0.972222222222
17 4.972 4.0 5.0 0.972222222222
18 4.972 4.0 5.0 0.972222222222
19 4.972 4.0 5.0 0.972222222222
20 4.972 4.0 5.0 1.0
21 4.973 4.0 5.0 1.0
22 4.973 4.0 5.0 1.0
23 4.973 4.0 5.0 1.0
24 4.973 4.0 5.0 1.0
25 4.973 4.0 5.0 1.0
26 4.973 4.0 5.0 1.0
27 4.973 4.0 5.0 1.0
28 4.973 4.0 5.0 1.0
29 4.973 4.0 5.0 1.0
30 4.973 4.0 5.0 1.0
31 4.973 4.0 5.0 1.0
32 4.973 4.0 5.0 1.0
33 4.973 4.0 5.0 1.0
34 4.973 4.0 5.0 1.0
35 4.973 4.0 5.0 1.0
36 4.973 4.0 5.0 1.0
37 4.973 4.0 5.0 1.0
38 4.973 4.0 5.0 1.0
39 4.973 4.0 5.0 1.0
40 4.973 4.0 5.0 1.0
41 4.973 4.0 5.0 1.0
42 4.973 4.0 5.0 1.0
43 4.973 4.0 5.0 1.0
44 4.973 4.0 5.0 1.0
45 4.973 4.0 5.0 1.0
46 4.973 4.0 5.0 1.0
47 4.973 4.0 5.0 1.0
48 4.973 4.0 5.0 0.972972972973
49 4.973 4.0 5.0 0.972972972973
50 4.973 4.0 5.0 0.972972972973
51 4.973 4.0 5.0 0.972972972973
52 4.973 4.0 5.0 0.972972972973
53 4.973 4.0 5.0 0.972972972973
54 4.973 4.0 5.0 0.945945945946
55 4.946 4.0 5.0 0.945945945946
56 4.946 4.0 5.0 0.945945945946
57 4.946 4.0 5.0 0.945945945946
58 4.946 4.0 5.0 0.972972972973
59 4.946 4.0 5.0 0.972972972973
60 4.946 4.0 5.0 0.972972972973
61 4.919 4.0 5.0 0.945945945946
62 4.892 4.0 5.0 0.945945945946
63 4.865 4.0 5.0 0.918918918919
64 4.838 4.0 5.0 0.945945945946
65 4.946 4.0 6.0 0.918918918919
66 4.838 4.0 5.0 0.918918918919
67 4.838 4.0 5.0 0.918918918919
68 4.757 4.0 5.0 0.918918918919
69 4.703 4.0 5.0 0.918918918919
70 4.568 4.0 5.0 0.918918918919
71 4.514 4.0 5.0 0.945945945946
72 4.378 4.0 5.0 0.918918918919
73 4.27 4.0 5.0 0.918918918919
74 4.216 4.0 5.0 0.891891891892
75 4.054 4.0 5.0 0.918918918919
76 4.0 4.0 4.0 0.945945945946
77 4.0 4.0 4.0 0.945945945946
78 4.0 4.0 4.0 0.918918918919
79 4.0 4.0 4.0 0.918918918919
80 4.0 4.0 4.0 0.918918918919
81 4.0 4.0 4.0 0.918918918919
82 4.081 4.0 5.0 0.918918918919
83 4.081 4.0 5.0 0.891891891892
84 4.027 4.0 5.0 0.918918918919
85 4.0 4.0 4.0 0.918918918919
86 4.0 4.0 4.0 0.918918918919
87 4.0 4.0 4.0 0.918918918919
88 4.0 4.0 4.0 0.945945945946
89 4.0 4.0 4.0 0.945945945946
90 4.054 4.0 5.0 0.945945945946
91 4.081 4.0 5.0 0.945945945946
92 4.0 4.0 4.0 0.918918918919
93 4.0 4.0 4.0 0.918918918919
94 4.054 4.0 5.0 0.864864864865
95 4.162 4.0 5.0 0.864864864865
96 4.189 4.0 5.0 0.837837837838
97 4.054 4.0 5.0 0.864864864865
98 4.108 4.0 5.0 0.864864864865
99 4.0 4.0 4.0 0.837837837838
100 4.0 4.0 4.0 0.810810810811
101 4.0 4.0 4.0 0.783783783784
102 4.162 4.0 6.0 0.783783783784
103 4.0 4.0 4.0 0.810810810811
104 4.0 4.0 4.0 0.810810810811
105 4.0 4.0 4.0 0.783783783784
106 4.0 4.0 4.0 0.756756756757
107 4.0 4.0 4.0 0.675675675676
108 4.0 4.0 4.0 0.675675675676
109 4.0 4.0 4.0 0.675675675676
110 4.0 4.0 4.0 0.648648648649
111 4.0 4.0 4.0 0.675675675676
112 4.0 4.0 4.0 0.675675675676
113 4.0 4.0 4.0 0.594594594595
114 4.0 4.0 4.0 0.648648648649
115 4.0 4.0 4.0 0.621621621622
116 4.0 4.0 4.0 0.621621621622
117 4.0 4.0 4.0 0.648648648649
118 4.0 4.0 4.0 0.648648648649
119 4.0 4.0 4.0 0.621621621622
120 4.0 4.0 4.0 0.648648648649
121 4.0 4.0 4.0 0.621621621622
122 4.0 4.0 4.0 0.594594594595
123 4.135 4.0 6.0 0.621621621622
124 4.027 4.0 5.0 0.567567567568
125 4.054 4.0 5.0 0.540540540541
126 4.0 4.0 4.0 0.621621621622
127 4.027 4.0 5.0 0.675675675676
128 4.0 4.0 4.0 0.648648648649
129 4.054 4.0 5.0 0.648648648649
130 4.0 4.0 4.0 0.648648648649
131 4.027 4.0 5.0 0.621621621622
132 4.0 4.0 4.0 0.648648648649
133 4.108 4.0 5.0 0.675675675676
134 4.189 4.0 5.0 0.702702702703
135 4.135 4.0 5.0 0.702702702703
136 4.0 4.0 4.0 0.594594594595
137 4.0 4.0 4.0 0.594594594595
138 4.0 4.0 4.0 0.594594594595
139 4.0 4.0 4.0 0.540540540541
140 4.0 4.0 4.0 0.513513513514
141 4.0 4.0 4.0 0.540540540541
142 4.0 4.0 4.0 0.513513513514
143 4.0 4.0 4.0 0.540540540541
144 4.0 4.0 4.0 0.540540540541
145 4.0 4.0 4.0 0.567567567568
146 4.0 4.0 4.0 0.567567567568
147 4.0 4.0 4.0 0.486486486486
148 4.0 4.0 4.0 0.459459459459
149 4.0 4.0 4.0 0.513513513514
150 4.0 4.0 4.0 0.486486486486
151 4.0 4.0 4.0 0.486486486486
152 4.0 4.0 4.0 0.513513513514
153 4.0 4.0 4.0 0.486486486486
154 4.0 4.0 4.0 0.486486486486
155 4.0 4.0 4.0 0.432432432432
156 4.108 4.0 5.0 0.459459459459
157 4.135 4.0 5.0 0.459459459459
158 4.0 4.0 4.0 0.405405405405
159 4.0 4.0 4.0 0.432432432432
160 4.0 4.0 4.0 0.459459459459
161 4.0 4.0 4.0 0.459459459459
162 4.0 4.0 4.0 0.459459459459
163 4.0 4.0 4.0 0.486486486486
164 4.0 4.0 4.0 0.486486486486
165 4.0 4.0 4.0 0.486486486486
166 4.0 4.0 4.0 0.486486486486
167 4.0 4.0 4.0 0.540540540541
168 4.0 4.0 4.0 0.567567567568
169 4.0 4.0 4.0 0.513513513514
170 4.0 4.0 4.0 0.486486486486
171 4.0 4.0 4.0 0.459459459459
172 4.0 4.0 4.0 0.459459459459
173 4.0 4.0 4.0 0.459459459459
174 4.0 4.0 4.0 0.432432432432
175 4.0 4.0 4.0 0.432432432432
176 4.0 4.0 4.0 0.459459459459
177 4.0 4.0 4.0 0.432432432432
178 4.0 4.0 4.0 0.432432432432
179 4.0 4.0 4.0 0.459459459459
180 4.0 4.0 4.0 0.459459459459
181 4.0 4.0 4.0 0.486486486486
182 4.0 4.0 4.0 0.486486486486
183 4.0 4.0 4.0 0.486486486486
184 4.0 4.0 4.0 0.513513513514
185 4.0 4.0 4.0 0.540540540541
186 4.0 4.0 4.0 0.540540540541
187 4.0 4.0 4.0 0.594594594595
188 4.0 4.0 4.0 0.567567567568
189 4.0 4.0 4.0 0.621621621622
190 4.0 4.0 4.0 0.675675675676
191 4.0 4.0 4.0 0.675675675676
192 4.0 4.0 4.0 0.648648648649
193 4.0 4.0 4.0 0.675675675676
194 4.0 4.0 4.0 0.675675675676
195 4.0 4.0 4.0 0.702702702703
196 4.0 4.0 4.0 0.702702702703
197 4.0 4.0 4.0 0.675675675676
198 4.027 4.0 5.0 0.756756756757
199 4.0 4.0 4.0 0.702702702703
200 4.0 4.0 4.0 0.648648648649
201 4.0 4.0 4.0 0.621621621622
202 4.0 4.0 4.0 0.675675675676
203 4.0 4.0 4.0 0.675675675676
204 4.0 4.0 4.0 0.675675675676
205 4.0 4.0 4.0 0.621621621622
206 4.0 4.0 4.0 0.675675675676
207 4.0 4.0 4.0 0.675675675676
208 4.0 4.0 4.0 0.621621621622
209 4.0 4.0 4.0 0.675675675676
210 4.0 4.0 4.0 0.72972972973
211 4.0 4.0 4.0 0.756756756757
212 4.0 4.0 4.0 0.72972972973
213 4.0 4.0 4.0 0.72972972973
214 4.0 4.0 4.0 0.756756756757
215 4.0 4.0 4.0 0.837837837838
216 4.0 4.0 4.0 0.810810810811
217 4.0 4.0 4.0 0.810810810811
218 4.0 4.0 4.0 0.864864864865
219 4.027 4.0 5.0 0.837837837838
220 4.054 4.0 5.0 0.864864864865
221 4.0 4.0 4.0 0.891891891892
222 4.0 4.0 4.0 0.891891891892
223 4.027 4.0 5.0 0.891891891892
224 4.0 4.0 4.0 0.837837837838
225 4.027 4.0 5.0 0.837837837838
226 4.108 4.0 5.0 0.864864864865
227 4.108 4.0 5.0 0.837837837838
228 4.027 4.0 5.0 0.837837837838
229 4.0 4.0 4.0 0.837837837838
230 4.0 4.0 4.0 0.810810810811
231 4.0 4.0 4.0 0.783783783784
232 4.0 4.0 4.0 0.810810810811
233 4.0 4.0 4.0 0.783783783784
234 4.0 4.0 4.0 0.837837837838
235 4.0 4.0 4.0 0.837837837838
236 4.0 4.0 4.0 0.837837837838
237 4.0 4.0 4.0 0.891891891892
238 4.0 4.0 4.0 0.810810810811
239 4.0 4.0 4.0 0.837837837838
240 4.0 4.0 4.0 0.864864864865
241 4.0 4.0 4.0 0.837837837838
242 4.0 4.0 4.0 0.837837837838
243 4.0 4.0 4.0 0.864864864865
244 4.0 4.0 4.0 0.837837837838
245 4.0 4.0 4.0 0.810810810811
246 4.0 4.0 4.0 0.810810810811
247 4.0 4.0 4.0 0.783783783784
248 4.0 4.0 4.0 0.810810810811
249 4.0 4.0 4.0 0.756756756757
250 4.0 4.0 4.0 0.72972972973
251 4.0 4.0 4.0 0.783783783784
252 4.0 4.0 4.0 0.756756756757
253 4.0 4.0 4.0 0.756756756757
254 4.0 4.0 4.0 0.756756756757
255 4.0 4.0 4.0 0.72972972973
256 4.0 4.0 4.0 0.72972972973
257 4.0 4.0 4.0 0.72972972973
258 4.027 4.0 5.0 0.648648648649
259 4.0 4.0 4.0 0.594594594595
260 4.0 4.0 4.0 0.540540540541
261 4.0 4.0 4.0 0.486486486486
262 4.0 4.0 4.0 0.486486486486
263 4.0 4.0 4.0 0.459459459459
264 4.0 4.0 4.0 0.378378378378
265 4.0 4.0 4.0 0.378378378378
266 4.0 4.0 4.0 0.324324324324
267 4.0 4.0 4.0 0.297297297297
268 4.0 4.0 4.0 0.324324324324
269 4.0 4.0 4.0 0.27027027027
270 4.0 4.0 4.0 0.297297297297
271 4.0 4.0 4.0 0.27027027027
272 4.0 4.0 4.0 0.27027027027
273 4.0 4.0 4.0 0.27027027027
274 4.0 4.0 4.0 0.351351351351
275 4.0 4.0 4.0 0.351351351351
276 4.0 4.0 4.0 0.405405405405
277 4.0 4.0 4.0 0.432432432432
278 4.0 4.0 4.0 0.351351351351
279 4.0 4.0 4.0 0.459459459459
280 4.0 4.0 4.0 0.432432432432
281 4.0 4.0 4.0 0.486486486486
282 4.0 4.0 4.0 0.459459459459
283 4.0 4.0 4.0 0.486486486486
284 4.0 4.0 4.0 0.459459459459
285 4.0 4.0 4.0 0.459459459459
286 4.0 4.0 4.0 0.432432432432
287 4.0 4.0 4.0 0.432432432432
288 4.162 4.0 5.0 0.567567567568
289 4.0 4.0 4.0 0.540540540541
290 4.0 4.0 4.0 0.540540540541
291 4.0 4.0 4.0 0.513513513514
292 4.0 4.0 4.0 0.513513513514
293 4.0 4.0 4.0 0.486486486486
294 4.0 4.0 4.0 0.486486486486
295 4.0 4.0 4.0 0.513513513514
296 4.0 4.0 4.0 0.513513513514
297 4.0 4.0 4.0 0.513513513514
298 4.0 4.0 4.0 0.513513513514
299 4.0 4.0 4.0 0.459459459459
