gen avg_1 best_1 worst_1 avg_trigger
0 991.028 995 985 0.944444444444
1 992.278 995 991 0.916666666667
2 992.889 995 992 0.972222222222
3 993.194 995 992 0.944444444444
4 993.389 995 993 0.944444444444
5 993.5 995 993 0.944444444444
6 993.639 995 993 0.972222222222
7 993.806 995 993 0.972222222222
8 994.111 995 993 0.972222222222
9 994.25 995 994 0.972222222222
10 994.333 995 994 0.944444444444
11 994.444 996 994 0.972222222222
12 994.444 996 994 0.972222222222
13 994.583 996 994 0.972222222222
14 994.694 996 994 0.972222222222
15 994.972 996 994 0.972222222222
16 995.028 996 995 0.972222222222
17 995.028 996 995 0.972222222222
18 995.028 996 995 0.972222222222
19 995.028 996 995 0.972222222222
20 995.028 996 995 1.0
21 995.027 996 995 1.0
22 995.027 996 995 1.0
23 995.027 996 995 1.0
24 995.027 996 995 1.0
25 995.027 996 995 1.0
26 995.027 996 995 1.0
27 995.027 996 995 1.0
28 995.027 996 995 1.0
29 995.027 996 995 1.0
30 995.027 996 995 1.0
31 995.027 996 995 1.0
32 995.027 996 995 1.0
33 995.027 996 995 1.0
34 995.027 996 995 1.0
35 995.027 996 995 1.0
36 995.027 996 995 1.0
37 995.027 996 995 1.0
38 995.027 996 995 1.0
39 995.027 996 995 1.0
40 995.027 996 995 1.0
41 995.027 996 995 1.0
42 995.027 996 995 1.0
43 995.027 996 995 1.0
44 995.027 996 995 1.0
45 995.027 996 995 1.0
46 995.027 996 995 1.0
47 995.027 996 995 1.0
48 995.027 996 995 0.972972972973
49 995.027 996 995 0.972972972973
50 995.027 996 995 0.972972972973
51 995.027 996 995 0.972972972973
52 995.027 996 995 0.972972972973
53 995.027 996 995 0.972972972973
54 995.027 996 995 0.945945945946
55 995.054 996 995 0.945945945946
56 995.054 996 995 0.945945945946
57 995.054 996 995 0.945945945946
58 995.054 996 995 0.972972972973
59 995.054 996 995 0.972972972973
60 995.054 996 995 0.972972972973
61 995.081 996 995 0.945945945946
62 995.108 996 995 0.945945945946
63 995.135 996 995 0.918918918919
64 995.162 996 995 0.945945945946
65 995.054 996 994 0.918918918919
66 995.162 996 995 0.918918918919
67 995.162 996 995 0.918918918919
68 995.243 996 995 0.918918918919
69 995.297 996 995 0.918918918919
70 995.432 996 995 0.918918918919
71 995.486 996 995 0.945945945946
72 995.622 996 995 0.918918918919
73 995.73 996 995 0.918918918919
74 995.784 996 995 0.891891891892
75 995.946 996 995 0.918918918919
76 996 996 996 0.945945945946
77 996 996 996 0.945945945946
78 996 996 996 0.918918918919
79 996 996 996 0.918918918919
80 996 996 996 0.918918918919
81 996 996 996 0.918918918919
82 995.919 996 995 0.918918918919
83 995.919 996 995 0.891891891892
84 995.973 996 995 0.918918918919
85 996 996 996 0.918918918919
86 996 996 996 0.918918918919
87 996 996 996 0.918918918919
88 996 996 996 0.945945945946
89 996 996 996 0.945945945946
90 995.946 996 995 0.945945945946
91 995.919 996 995 0.945945945946
92 996 996 996 0.918918918919
93 996 996 996 0.918918918919
94 995.946 996 995 0.864864864865
95 995.838 996 995 0.864864864865
96 995.811 996 995 0.837837837838
97 995.946 996 995 0.864864864865
98 995.892 996 995 0.864864864865
99 996 996 996 0.837837837838
100 996 996 996 0.810810810811
101 996 996 996 0.783783783784
102 995.838 996 994 0.783783783784
103 996 996 996 0.810810810811
104 996 996 996 0.810810810811
105 996 996 996 0.783783783784
106 996 996 996 0.756756756757
107 996 996 996 0.675675675676
108 996 996 996 0.675675675676
109 996 996 996 0.675675675676
110 996 996 996 0.648648648649
111 996 996 996 0.675675675676
112 996 996 996 0.675675675676
113 996 996 996 0.594594594595
114 996 996 996 0.648648648649
115 996 996 996 0.621621621622
116 996 996 996 0.621621621622
117 996 996 996 0.648648648649
118 996 996 996 0.648648648649
119 996 996 996 0.621621621622
120 996 996 996 0.648648648649
121 996 996 996 0.621621621622
122 996 996 996 0.594594594595
123 995.865 996 994 0.621621621622
124 995.973 996 995 0.567567567568
125 995.946 996 995 0.540540540541
126 996 996 996 0.621621621622
127 995.973 996 995 0.675675675676
128 996 996 996 0.648648648649
129 995.946 996 995 0.648648648649
130 996 996 996 0.648648648649
131 995.973 996 995 0.621621621622
132 996 996 996 0.648648648649
133 995.892 996 995 0.675675675676
134 995.811 996 995 0.702702702703
135 995.865 996 995 0.702702702703
136 996 996 996 0.594594594595
137 996 996 996 0.594594594595
138 996 996 996 0.594594594595
139 996 996 996 0.540540540541
140 996 996 996 0.513513513514
141 996 996 996 0.540540540541
142 996 996 996 0.513513513514
143 996 996 996 0.540540540541
144 996 996 996 0.540540540541
145 996 996 996 0.567567567568
146 996 996 996 0.567567567568
147 996 996 996 0.486486486486
148 996 996 996 0.459459459459
149 996 996 996 0.513513513514
150 996 996 996 0.486486486486
151 996 996 996 0.486486486486
152 996 996 996 0.513513513514
153 996 996 996 0.486486486486
154 996 996 996 0.486486486486
155 996 996 996 0.432432432432
156 995.892 996 995 0.459459459459
157 995.865 996 995 0.459459459459
158 996 996 996 0.405405405405
159 996 996 996 0.432432432432
160 996 996 996 0.459459459459
161 996 996 996 0.459459459459
162 996 996 996 0.459459459459
163 996 996 996 0.486486486486
164 996 996 996 0.486486486486
165 996 996 996 0.486486486486
166 996 996 996 0.486486486486
167 996 996 996 0.540540540541
168 996 996 996 0.567567567568
169 996 996 996 0.513513513514
170 996 996 996 0.486486486486
171 996 996 996 0.459459459459
172 996 996 996 0.459459459459
173 996 996 996 0.459459459459
174 996 996 996 0.432432432432
175 996 996 996 0.432432432432
176 996 996 996 0.459459459459
177 996 996 996 0.432432432432
178 996 996 996 0.432432432432
179 996 996 996 0.459459459459
180 996 996 996 0.459459459459
181 996 996 996 0.486486486486
182 996 996 996 0.486486486486
183 996 996 996 0.486486486486
184 996 996 996 0.513513513514
185 996 996 996 0.540540540541
186 996 996 996 0.540540540541
187 996 996 996 0.594594594595
188 996 996 996 0.567567567568
189 996 996 996 0.621621621622
190 996 996 996 0.675675675676
191 996 996 996 0.675675675676
192 996 996 996 0.648648648649
193 996 996 996 0.675675675676
194 996 996 996 0.675675675676
195 996 996 996 0.702702702703
196 996 996 996 0.702702702703
197 996 996 996 0.675675675676
198 995.973 996 995 0.756756756757
199 996 996 996 0.702702702703
200 996 996 996 0.648648648649
201 996 996 996 0.621621621622
202 996 996 996 0.675675675676
203 996 996 996 0.675675675676
204 996 996 996 0.675675675676
205 996 996 996 0.621621621622
206 996 996 996 0.675675675676
207 996 996 996 0.675675675676
208 996 996 996 0.621621621622
209 996 996 996 0.675675675676
210 996 996 996 0.72972972973
211 996 996 996 0.756756756757
212 996 996 996 0.72972972973
213 996 996 996 0.72972972973
214 996 996 996 0.756756756757
215 996 996 996 0.837837837838
216 996 996 996 0.810810810811
217 996 996 996 0.810810810811
218 996 996 996 0.864864864865
219 995.973 996 995 0.837837837838
220 995.946 996 995 0.864864864865
221 996 996 996 0.891891891892
222 996 996 996 0.891891891892
223 995.973 996 995 0.891891891892
224 996 996 996 0.837837837838
225 995.973 996 995 0.837837837838
226 995.892 996 995 0.864864864865
227 995.892 996 995 0.837837837838
228 995.973 996 995 0.837837837838
229 996 996 996 0.837837837838
230 996 996 996 0.810810810811
231 996 996 996 0.783783783784
232 996 996 996 0.810810810811
233 996 996 996 0.783783783784
234 996 996 996 0.837837837838
235 996 996 996 0.837837837838
236 996 996 996 0.837837837838
237 996 996 996 0.891891891892
238 996 996 996 0.810810810811
239 996 996 996 0.837837837838
240 996 996 996 0.864864864865
241 996 996 996 0.837837837838
242 996 996 996 0.837837837838
243 996 996 996 0.864864864865
244 996 996 996 0.837837837838
245 996 996 996 0.810810810811
246 996 996 996 0.810810810811
247 996 996 996 0.783783783784
248 996 996 996 0.810810810811
249 996 996 996 0.756756756757
250 996 996 996 0.72972972973
251 996 996 996 0.783783783784
252 996 996 996 0.756756756757
253 996 996 996 0.756756756757
254 996 996 996 0.756756756757
255 996 996 996 0.72972972973
256 996 996 996 0.72972972973
257 996 996 996 0.72972972973
258 995.973 996 995 0.648648648649
259 996 996 996 0.594594594595
260 996 996 996 0.540540540541
261 996 996 996 0.486486486486
262 996 996 996 0.486486486486
263 996 996 996 0.459459459459
264 996 996 996 0.378378378378
265 996 996 996 0.378378378378
266 996 996 996 0.324324324324
267 996 996 996 0.297297297297
268 996 996 996 0.324324324324
269 996 996 996 0.27027027027
270 996 996 996 0.297297297297
271 996 996 996 0.27027027027
272 996 996 996 0.27027027027
273 996 996 996 0.27027027027
274 996 996 996 0.351351351351
275 996 996 996 0.351351351351
276 996 996 996 0.405405405405
277 996 996 996 0.432432432432
278 996 996 996 0.351351351351
279 996 996 996 0.459459459459
280 996 996 996 0.432432432432
281 996 996 996 0.486486486486
282 996 996 996 0.459459459459
283 996 996 996 0.486486486486
284 996 996 996 0.459459459459
285 996 996 996 0.459459459459
286 996 996 996 0.432432432432
287 996 996 996 0.432432432432
288 995.838 996 995 0.567567567568
289 996 996 996 0.540540540541
290 996 996 996 0.540540540541
291 996 996 996 0.513513513514
292 996 996 996 0.513513513514
293 996 996 996 0.486486486486
294 996 996 996 0.486486486486
295 996 996 996 0.513513513514
296 996 996 996 0.513513513514
297 996 996 996 0.513513513514
298 996 996 996 0.513513513514
299 996 996 996 0.459459459459
