gen avg_1 best_1 worst_1 avg_2 best_2 worst_2 avg_trigger
0 0.296317 0.339869 0.253425 991 993 988 0.444444444444
1 0.31572 0.348387 0.290541 991.75 990 994 0.444444444444
2 0.324292 0.360759 0.304636 991.944 991 993 0.416666666667
3 0.331326 0.360759 0.317881 991.972 991 994 0.472222222222
4 0.333281 0.360759 0.322368 992.25 991 992 0.472222222222
5 0.337081 0.360759 0.326797 992.444 991 994 0.388888888889
6 0.339602 0.360759 0.331169 992.028 991 994 0.305555555556
7 0.34351 0.36875 0.333333 991.861 992 992 0.333333333333
8 0.349368 0.391304 0.335526 991.306 990 992 0.388888888889
9 0.353151 0.391304 0.339869 990.972 990 987 0.444444444444
10 0.356133 0.391304 0.341935 991.167 990 991 0.472222222222
11 0.358872 0.391304 0.346154 991.361 990 991 0.527777777778
12 0.36369 0.391304 0.350649 991.222 990 987 0.444444444444
13 0.36723 0.391304 0.354839 991.444 990 988 0.527777777778
14 0.369324 0.391304 0.356688 991.472 990 994 0.527777777778
15 0.372206 0.398773 0.363057 991.556 990 992 0.527777777778
16 0.375307 0.398773 0.365385 991.25 990 993 0.444444444444
17 0.376825 0.398773 0.367089 991.222 990 991 0.416666666667
18 0.378034 0.403727 0.36875 991.611 995 991 0.388888888889
19 0.379214 0.403727 0.367089 991.861 995 993 0.361111111111
20 0.381986 0.403727 0.369427 991.861 995 995 0.416666666667
21 0.382886 0.407407 0.369427 991.917 994 995 0.444444444444
22 0.385035 0.407407 0.371069 992.222 994 987 0.416666666667
23 0.38809 0.407407 0.371069 992.556 994 994 0.472222222222
24 0.38949 0.407407 0.375796 992.639 994 995 0.472222222222
25 0.392439 0.407407 0.379747 992.667 994 993 0.333333333333
26 0.392826 0.407407 0.38125 992.944 994 993 0.333333333333
27 0.394836 0.417178 0.385093 992.694 994 988 0.444444444444
28 0.396004 0.417178 0.3875 992.75 994 992 0.472222222222
29 0.396045 0.417178 0.3875 992.861 994 994 0.444444444444
30 0.396979 0.417178 0.388889 992.611 994 994 0.527777777778
31 0.397154 0.417178 0.391304 992.611 994 992 0.5
32 0.397257 0.417178 0.391304 992.611 994 992 0.472222222222
33 0.399157 0.417178 0.39375 992.333 994 994 0.5
34 0.400778 0.417178 0.395062 992.194 994 992 0.611111111111
35 0.402688 0.420732 0.397516 992.333 994 992 0.638888888889
36 0.40556 0.420732 0.397516 992.222 994 994 0.472222222222
37 0.407061 0.420732 0.401235 992.722 994 992 0.527777777778
38 0.406856 0.420732 0.401235 992.722 994 993 0.444444444444
39 0.410134 0.430303 0.402439 992.639 995 992 0.333333333333
40 0.412682 0.430303 0.404908 992.972 995 992 0.361111111111
41 0.416385 0.430303 0.407407 993.25 995 994 0.194444444444
42 0.418163 0.430303 0.412121 993.083 995 992 0.194444444444
43 0.419323 0.430303 0.415663 993.222 995 992 0.222222222222
44 0.421068 0.430303 0.417178 993.111 995 994 0.222222222222
45 0.422531 0.436364 0.417178 992.833 991 994 0.0555555555556
46 0.424036 0.436364 0.420732 993.139 991 991 0.0555555555556
47 0.426303 0.436364 0.420732 992.917 991 994 0.138888888889
48 0.427583 0.436364 0.420732 992.611 991 994 0.166666666667
49 0.428942 0.436364 0.423313 992.639 991 991 0.194444444444
50 0.431496 0.443114 0.426829 992.417 995 994 0.25
51 0.432692 0.443114 0.430303 992.694 995 991 0.194444444444
52 0.433478 0.449102 0.430303 992.917 995 994 0.166666666667
53 0.433764 0.449102 0.430303 992.806 995 995 0.166666666667
54 0.43405 0.449102 0.430303 992.75 995 995 0.222222222222
55 0.435029 0.449102 0.430303 991.722 995 995 0.277777777778
56 0.436289 0.449102 0.433735 991.361 995 986 0.333333333333
57 0.438258 0.449102 0.433735 992.167 995 994 0.305555555556
58 0.440156 0.449102 0.436364 992.25 995 987 0.0555555555556
59 0.440832 0.449102 0.436364 992.694 995 991 0.0833333333333
60 0.44198 0.449102 0.436364 993.167 995 991 0.194444444444
61 0.442912 0.449102 0.439759 993.5 995 995 0.194444444444
62 0.443137 0.449102 0.440476 993.432 995 991 0.216216216216
63 0.444102 0.449102 0.443114 993.703 995 991 0.162162162162
64 0.444426 0.449102 0.443114 994.541 995 991 0.0540540540541
65 0.444737 0.449704 0.443114 994.861 995 995 0.0277777777778
66 0.445919 0.452381 0.443114 994.806 994 995 0.0555555555556
67 0.447506 0.452381 0.443114 994.806 995 995 0.0555555555556
68 0.449469 0.458824 0.445783 994.778 994 995 0.0555555555556
69 0.450255 0.467456 0.446429 994.861 995 994 0.0277777777778
70 0.451514 0.467456 0.449102 994.889 995 995 0.0555555555556
71 0.453603 0.467456 0.449102 994.806 995 995 0.0833333333333
72 0.454659 0.467456 0.449102 994.722 995 995 0.0833333333333
73 0.455443 0.467456 0.449102 994.667 995 995 0.138888888889
74 0.455821 0.467456 0.449102 994.639 995 995 0.138888888889
75 0.456737 0.467456 0.452381 994.694 995 994 0.111111111111
76 0.457897 0.479532 0.452381 994.75 995 995 0.0555555555556
77 0.458767 0.479532 0.452381 994.667 995 995 0.111111111111
78 0.460117 0.479532 0.452941 994.583 995 994 0.138888888889
79 0.46214 0.485549 0.45509 994.694 995 994 0.166666666667
80 0.462988 0.485549 0.455621 994.75 995 995 0.166666666667
81 0.464685 0.485549 0.458333 994.833 995 995 0.0833333333333
82 0.469609 0.488506 0.461538 994.917 995 994 0.138888888889
83 0.473874 0.491329 0.467456 995.056 995 994 0.0277777777778
84 0.476749 0.491329 0.467456 995.167 996 996 0.0
85 0.479569 0.491329 0.473684 995.167 996 995 0.0277777777778
86 0.482113 0.491329 0.473684 995.194 996 995 0.0555555555556
87 0.483611 0.491329 0.479532 995.111 996 995 0.0833333333333
88 0.485194 0.491329 0.479532 995.111 996 995 0.0833333333333
89 0.487504 0.494253 0.482558 995.083 995 995 0.138888888889
90 0.488079 0.494253 0.485549 995.194 995 995 0.138888888889
91 0.488568 0.494253 0.485549 995.194 995 996 0.0555555555556
92 0.489219 0.494318 0.488506 995.111 995 995 0.0833333333333
93 0.489617 0.502825 0.488506 995.111 995 995 0.111111111111
94 0.490098 0.502825 0.488506 995.056 995 995 0.166666666667
95 0.490101 0.502825 0.488506 995.028 995 995 0.194444444444
96 0.490899 0.502825 0.488506 995 995 995 0.277777777778
97 0.491059 0.502825 0.488506 995.028 995 995 0.305555555556
98 0.492099 0.502825 0.488506 995 995 995 0.388888888889
99 0.492098 0.502825 0.485549 995 995 995 0.444444444444
100 0.492819 0.502825 0.485549 995 995 995 0.555555555556
101 0.493142 0.502825 0.485549 995 995 995 0.583333333333
102 0.494262 0.502825 0.488506 995 995 995 0.611111111111
103 0.494889 0.502825 0.488506 994.946 995 996 0.675675675676
104 0.495047 0.502825 0.488636 994.892 995 994 0.702702702703
105 0.495123 0.502825 0.488636 994.919 995 994 0.702702702703
106 0.496266 0.513966 0.491429 994.778 992 995 0.861111111111
107 0.496906 0.513966 0.491429 994.722 992 995 0.805555555556
108 0.497701 0.513966 0.494318 994.694 992 994 0.805555555556
109 0.49872 0.513966 0.494318 994.778 992 995 0.861111111111
110 0.499349 0.513966 0.494318 994.778 992 995 0.777777777778
111 0.500215 0.513966 0.494318 994.778 992 995 0.777777777778
112 0.50123 0.516667 0.494318 994.611 993 995 0.722222222222
113 0.503575 0.516667 0.497143 994.25 993 995 0.805555555556
114 0.504747 0.516667 0.5 994.222 993 992 0.861111111111
115 0.506457 0.516667 0.502825 994.333 993 995 0.777777777778
116 0.506534 0.516667 0.502825 994.306 993 995 0.722222222222
117 0.507462 0.516667 0.502825 994.028 993 995 0.694444444444
118 0.509471 0.516667 0.502825 993.722 993 995 0.638888888889
119 0.510855 0.516667 0.505618 993.75 993 994 0.694444444444
120 0.512165 0.516667 0.505618 993.444 993 995 0.638888888889
121 0.512625 0.516667 0.50838 993.389 993 993 0.638888888889
122 0.514014 0.516667 0.50838 993.514 993 995 0.567567567568
123 0.515011 0.516667 0.511236 993.333 995 995 0.666666666667
124 0.515692 0.516667 0.513966 992.806 995 992 0.805555555556
125 0.516516 0.519337 0.513966 993.028 992 994 0.888888888889
126 0.516821 0.519553 0.516667 993.056 993 992 0.972222222222
127 0.516821 0.519553 0.516667 993.194 993 993 0.944444444444
128 0.517049 0.524862 0.516667 993.361 995 993 0.888888888889
129 0.517283 0.524862 0.516667 993.472 995 993 0.833333333333
130 0.517598 0.524862 0.516667 993.528 995 993 0.805555555556
131 0.517906 0.524862 0.516667 993.806 995 993 0.694444444444
132 0.517906 0.524862 0.516667 993.917 995 993 0.666666666667
133 0.518442 0.524862 0.516667 993.944 995 993 0.638888888889
134 0.518602 0.524862 0.516667 994.056 995 993 0.583333333333
135 0.518532 0.524862 0.513966 994.25 995 995 0.527777777778
136 0.518602 0.524862 0.516667 994.361 995 995 0.444444444444
137 0.518688 0.524862 0.516667 994.25 995 995 0.5
138 0.518788 0.524862 0.516667 994.162 995 995 0.540540540541
139 0.518939 0.527778 0.516667 993.972 993 995 0.611111111111
140 0.519025 0.527778 0.516667 993.917 993 995 0.666666666667
141 0.519271 0.527778 0.516667 993.722 993 995 0.777777777778
142 0.51991 0.527778 0.516667 993.417 993 995 0.944444444444
143 0.520233 0.527778 0.516854 993.333 993 993 0.972222222222
144 0.521058 0.527778 0.516854 993.444 993 993 0.972222222222
145 0.521808 0.527778 0.519553 993.5 993 993 0.944444444444
146 0.522414 0.527778 0.519553 993.556 993 993 0.944444444444
147 0.522414 0.527778 0.519553 993.556 993 993 0.944444444444
148 0.522643 0.527778 0.519553 993.667 993 993 0.888888888889
149 0.523888 0.527778 0.519553 993.622 993 996 0.891891891892
150 0.524779 0.530387 0.522222 993.694 993 993 0.861111111111
151 0.525234 0.530387 0.522222 993.75 993 994 0.833333333333
152 0.525534 0.530387 0.522222 993.778 994 994 0.833333333333
153 0.52622 0.538462 0.522222 993.528 993 995 0.888888888889
154 0.526086 0.538462 0.519774 993.389 993 993 0.888888888889
155 0.526404 0.538462 0.522222 993.083 993 995 0.916666666667
156 0.527242 0.538462 0.524862 992.972 993 995 0.944444444444
157 0.528152 0.538462 0.52514 993.028 993 992 0.888888888889
158 0.529115 0.538462 0.527778 993.306 993 993 0.833333333333
159 0.529701 0.538462 0.527778 993.444 993 993 0.888888888889
160 0.530449 0.538462 0.527778 993.5 993 993 0.888888888889
161 0.531188 0.538462 0.527778 993.472 993 994 0.888888888889
162 0.531487 0.538462 0.527778 993.389 993 994 0.916666666667
163 0.532915 0.538462 0.527778 993.167 994 994 0.944444444444
164 0.533652 0.538462 0.530387 993.25 994 993 0.916666666667
165 0.534549 0.538462 0.530387 993.25 994 993 0.916666666667
166 0.534774 0.538462 0.530387 993.278 994 994 0.916666666667
167 0.534988 0.538462 0.530387 993.306 995 994 0.888888888889
168 0.53604 0.538462 0.530387 993.194 995 994 0.861111111111
169 0.536623 0.538462 0.532967 993.278 995 993 0.805555555556
170 0.536408 0.538462 0.530726 993.278 995 993 0.805555555556
171 0.536786 0.538462 0.532967 993.389 995 993 0.722222222222
172 0.537776 0.538462 0.535912 993.556 995 993 0.638888888889
173 0.53813 0.541436 0.535912 993.556 993 993 0.555555555556
174 0.538343 0.541436 0.535912 993.5 993 995 0.583333333333
175 0.538544 0.541436 0.538462 993.583 993 993 0.527777777778
176 0.538544 0.541436 0.538462 993.778 993 993 0.388888888889
177 0.538544 0.541436 0.538462 993.806 993 993 0.361111111111
178 0.538544 0.541436 0.538462 993.917 993 993 0.305555555556
179 0.538544 0.541436 0.538462 993.972 993 993 0.277777777778
180 0.538544 0.541436 0.538462 994.111 993 993 0.194444444444
181 0.538627 0.541436 0.538462 994.139 993 994 0.138888888889
182 0.53878 0.541436 0.538462 994.139 993 994 0.166666666667
183 0.538622 0.541436 0.532967 994.135 993 994 0.189189189189
184 0.538782 0.541436 0.538462 994.162 993 994 0.216216216216
185 0.538806 0.541436 0.538462 994.162 993 994 0.243243243243
186 0.538817 0.541436 0.538462 994.189 993 994 0.297297297297
187 0.538932 0.541436 0.538462 994.189 993 994 0.405405405405
188 0.539047 0.541436 0.538462 994.081 993 995 0.513513513514
189 0.539115 0.541436 0.538462 994.054 993 995 0.486486486486
190 0.539391 0.541436 0.538462 993.676 993 995 0.594594594595
191 0.539471 0.541436 0.538462 993.351 993 995 0.783783783784
192 0.539553 0.541436 0.538889 993 993 992 0.945945945946
193 0.539783 0.543956 0.538889 993.111 993 993 0.944444444444
194 0.540348 0.543956 0.538889 993.083 993 993 0.944444444444
195 0.540772 0.543956 0.538889 993.139 993 993 0.916666666667
196 0.541326 0.543956 0.538889 993.167 993 993 0.861111111111
197 0.541634 0.543956 0.540984 993.028 993 994 0.944444444444
198 0.541786 0.546448 0.541436 993.139 993 993 0.944444444444
199 0.541856 0.546448 0.541436 993.194 993 993 0.916666666667
200 0.541856 0.546448 0.541436 993.222 993 993 0.888888888889
201 0.541856 0.546448 0.541436 993.333 993 993 0.833333333333
202 0.542078 0.549451 0.541436 993.389 993 993 0.805555555556
203 0.542078 0.549451 0.541436 993.417 993 993 0.777777777778
204 0.542008 0.549451 0.541436 993.528 993 993 0.722222222222
205 0.541938 0.549451 0.541436 993.667 993 993 0.666666666667
206 0.541912 0.549451 0.538462 993.75 993 992 0.666666666667
207 0.542077 0.549451 0.541436 993.889 993 993 0.611111111111
208 0.542077 0.549451 0.541436 993.917 993 994 0.611111111111
209 0.542007 0.549451 0.541436 994.028 993 994 0.583333333333
210 0.542077 0.549451 0.541436 994 993 994 0.611111111111
211 0.542077 0.549451 0.541436 994.056 993 994 0.583333333333
212 0.54206 0.549451 0.541436 994.081 993 994 0.540540540541
213 0.541992 0.549451 0.541436 994.108 993 994 0.540540540541
214 0.542128 0.549451 0.541436 994.135 993 994 0.540540540541
215 0.542059 0.549451 0.538889 994.216 993 995 0.486486486486
216 0.541992 0.549451 0.541436 994.27 993 994 0.432432432432
217 0.542128 0.549451 0.541436 994.27 993 994 0.405405405405
218 0.542147 0.549451 0.541436 994.444 995 994 0.305555555556
219 0.542633 0.549451 0.541436 994.306 995 994 0.333333333333
220 0.54305 0.549451 0.541436 994.306 995 994 0.333333333333
221 0.54319 0.549451 0.541436 994.389 995 994 0.277777777778
222 0.543412 0.549451 0.541436 994.444 995 994 0.277777777778
223 0.543635 0.549451 0.541436 994.5 995 995 0.25
224 0.543774 0.549451 0.541436 994.528 995 995 0.25
225 0.543997 0.549451 0.541436 994.528 995 995 0.25
226 0.543997 0.549451 0.541436 994.528 995 995 0.25
227 0.544429 0.549451 0.541436 994.5 995 995 0.25
228 0.544768 0.549451 0.541436 994.405 995 995 0.297297297297
229 0.545339 0.549451 0.541436 994.378 995 995 0.324324324324
230 0.545555 0.549451 0.541436 994.378 995 995 0.324324324324
231 0.546125 0.549451 0.541436 994.189 995 995 0.405405405405
232 0.546883 0.549451 0.543956 994.162 995 993 0.432432432432
233 0.546951 0.549451 0.543956 994.243 995 993 0.378378378378
234 0.547032 0.549451 0.543956 994.297 995 993 0.351351351351
235 0.547396 0.549451 0.543956 994.324 995 995 0.324324324324
236 0.547686 0.551913 0.546448 994.639 995 993 0.222222222222
237 0.548172 0.551913 0.546448 994.833 995 994 0.138888888889
238 0.548867 0.551913 0.546448 994.917 995 995 0.0833333333333
239 0.549517 0.551913 0.546961 994.806 995 995 0.0277777777778
240 0.549792 0.551913 0.549451 994.75 995 994 0.0277777777778
241 0.549792 0.551913 0.549451 994.806 995 994 0.0277777777778
242 0.549861 0.551913 0.549451 994.861 995 994 0.0277777777778
243 0.549929 0.551913 0.549451 994.972 995 995 0.0
244 0.550134 0.551913 0.549451 994.917 995 995 0.0
245 0.55034 0.551913 0.549451 994.917 995 995 0.0
246 0.550515 0.551913 0.549451 994.892 995 995 0.0
247 0.550232 0.551913 0.541436 994.946 995 996 0.0
248 0.550515 0.551913 0.549451 994.919 995 995 0.0
249 0.550582 0.551913 0.549451 994.919 995 995 0.0
250 0.550515 0.551913 0.549451 994.919 995 995 0.0
251 0.550715 0.551913 0.549451 994.919 995 995 0.0
252 0.550981 0.551913 0.549451 994.865 995 995 0.0540540540541
253 0.551314 0.551913 0.549451 994.811 995 995 0.0540540540541
254 0.551513 0.551913 0.549451 994.838 995 995 0.0540540540541
255 0.55158 0.551913 0.549451 994.811 995 995 0.0540540540541
256 0.551913 0.551913 0.551913 994.833 996 994 0.0833333333333
257 0.55198 0.554348 0.551913 994.972 995 994 0.0555555555556
258 0.551691 0.554348 0.546448 994.972 995 995 0.0555555555556
259 0.552048 0.554348 0.551913 995 995 994 0.0277777777778
260 0.552116 0.554348 0.551913 995.028 995 995 0.0
261 0.552116 0.554348 0.551913 995.056 995 995 0.0
262 0.552251 0.554348 0.551913 995.056 995 995 0.0
263 0.552251 0.554348 0.551913 995.111 995 995 0.0
264 0.552318 0.554348 0.551913 995.083 995 995 0.0277777777778
265 0.552521 0.554348 0.551913 995.083 995 995 0.0555555555556
266 0.552216 0.554348 0.543956 995.083 995 995 0.0555555555556
267 0.552702 0.554348 0.551913 995.162 995 995 0.0540540540541
268 0.552834 0.554348 0.551913 995.135 995 995 0.0810810810811
269 0.552471 0.554348 0.543956 995.162 995 996 0.108108108108
270 0.5529 0.554348 0.551913 995.162 995 995 0.0810810810811
271 0.553146 0.559783 0.551913 995.139 995 995 0.0833333333333
272 0.553297 0.559783 0.551913 995.139 995 995 0.0833333333333
273 0.553091 0.559783 0.543956 995.167 995 996 0.0833333333333
274 0.552939 0.559783 0.543956 995.167 995 996 0.0833333333333
275 0.551765 0.559783 0.538462 995.167 995 994 0.0833333333333
276 0.551199 0.559783 0.538462 995.111 995 995 0.111111111111
277 0.551715 0.559783 0.543956 995 995 993 0.138888888889
278 0.553903 0.559783 0.551913 995.028 995 994 0.0555555555556
279 0.554256 0.559783 0.551913 995.056 995 995 0.0555555555556
280 0.554189 0.559783 0.551913 995.056 995 995 0.0555555555556
281 0.554209 0.559783 0.551913 995.081 995 995 0.0540540540541
282 0.554128 0.559783 0.551913 995.135 995 995 0.0540540540541
283 0.554491 0.561497 0.551913 995.167 995 995 0.111111111111
284 0.555065 0.561497 0.551913 995.139 995 996 0.0833333333333
285 0.555752 0.561497 0.554348 995.028 995 995 0.166666666667
286 0.556204 0.562162 0.554348 995 994 995 0.222222222222
287 0.556787 0.562162 0.554348 994.972 994 995 0.25
288 0.556921 0.562162 0.554348 994.972 994 995 0.333333333333
289 0.556887 0.562162 0.554348 995 994 995 0.305555555556
290 0.557488 0.562162 0.554348 994.972 994 995 0.361111111111
291 0.557907 0.562162 0.554945 994.944 994 995 0.416666666667
292 0.558526 0.562162 0.556757 994.861 994 995 0.388888888889
293 0.558561 0.562162 0.556757 994.861 994 995 0.333333333333
294 0.558575 0.562162 0.553763 994.861 994 995 0.361111111111
295 0.558441 0.562162 0.553763 994.806 994 995 0.333333333333
296 0.558393 0.562162 0.551913 994.73 994 995 0.324324324324
297 0.558605 0.562162 0.554348 994.811 994 994 0.324324324324
298 0.55857 0.562162 0.551351 994.784 994 995 0.297297297297
299 0.558731 0.562162 0.554348 994.73 994 994 0.324324324324
