gen avg_1 best_1 worst_1 avg_trigger
0 0.237583 0.311321 0.195876 0.472222222222
1 0.255655 0.311321 0.232323 0.444444444444
2 0.265481 0.320755 0.24 0.472222222222
3 0.272922 0.320755 0.25 0.444444444444
4 0.27849 0.320755 0.257426 0.388888888889
5 0.285833 0.320755 0.264706 0.472222222222
6 0.289391 0.320755 0.27451 0.5
7 0.29075 0.320755 0.27451 0.472222222222
8 0.295469 0.320755 0.281553 0.388888888889
9 0.299427 0.320755 0.281553 0.388888888889
10 0.300078 0.320755 0.281553 0.416666666667
11 0.307406 0.333333 0.295238 0.388888888889
12 0.310863 0.333333 0.298077 0.361111111111
13 0.315392 0.333333 0.304762 0.277777777778
14 0.320146 0.351852 0.314286 0.333333333333
15 0.321739 0.351852 0.314286 0.277777777778
16 0.324398 0.351852 0.314286 0.361111111111
17 0.32722 0.351852 0.317757 0.361111111111
18 0.329298 0.351852 0.320755 0.416666666667
19 0.332522 0.351852 0.320755 0.305555555556
20 0.334783 0.351852 0.327103 0.25
21 0.335734 0.351852 0.327103 0.277777777778
22 0.339926 0.363636 0.333333 0.222222222222
23 0.342492 0.366972 0.333333 0.277777777778
24 0.34402 0.366972 0.336449 0.361111111111
25 0.345723 0.366972 0.336449 0.361111111111
26 0.347165 0.366972 0.336449 0.416666666667
27 0.34915 0.366972 0.33945 0.333333333333
28 0.350933 0.372727 0.342593 0.222222222222
29 0.35622 0.387387 0.345794 0.222222222222
30 0.358061 0.387387 0.348624 0.25
31 0.359991 0.387387 0.351852 0.222222222222
32 0.359661 0.387387 0.345794 0.25
33 0.364053 0.387387 0.351852 0.25
34 0.368027 0.387387 0.357798 0.25
35 0.370672 0.387387 0.363636 0.277777777778
36 0.372975 0.387387 0.366972 0.194444444444
37 0.375383 0.387387 0.366972 0.138888888889
38 0.377459 0.387387 0.372727 0.25
39 0.37788 0.387387 0.372727 0.297297297297
40 0.379495 0.387387 0.372727 0.351351351351
41 0.382144 0.387387 0.378378 0.432432432432
42 0.383268 0.387387 0.378378 0.540540540541
43 0.384056 0.392857 0.378378 0.611111111111
44 0.385111 0.392857 0.378378 0.611111111111
45 0.386728 0.392857 0.378378 0.611111111111
46 0.387859 0.392857 0.383929 0.777777777778
47 0.388299 0.392857 0.387387 0.888888888889
48 0.388451 0.392857 0.387387 0.861111111111
49 0.388451 0.392857 0.387387 0.861111111111
50 0.388755 0.392857 0.387387 0.861111111111
51 0.388907 0.392857 0.387387 0.888888888889
52 0.388145 0.392857 0.366972 0.833333333333
53 0.389511 0.392857 0.383929 0.810810810811
54 0.389753 0.392857 0.387387 0.783783783784
55 0.39012 0.39823 0.387387 0.777777777778
56 0.387082 0.39823 0.363636 0.777777777778
57 0.387553 0.39823 0.369369 0.75
58 0.388727 0.39823 0.372727 0.694444444444
59 0.390586 0.39823 0.383929 0.638888888889
60 0.390583 0.39823 0.383929 0.638888888889
61 0.390887 0.39823 0.383929 0.611111111111
62 0.391628 0.39823 0.387387 0.611111111111
63 0.38929 0.39823 0.366972 0.555555555556
64 0.391772 0.403509 0.387387 0.583333333333
65 0.393433 0.403509 0.387387 0.694444444444
66 0.394792 0.403509 0.392857 0.666666666667
67 0.39524 0.403509 0.392857 0.638888888889
68 0.396324 0.412281 0.392857 0.694444444444
69 0.396473 0.412281 0.392857 0.75
70 0.397067 0.412281 0.392857 0.666666666667
71 0.398798 0.412281 0.392857 0.527777777778
72 0.399393 0.412281 0.392857 0.444444444444
73 0.400527 0.412281 0.39823 0.388888888889
74 0.40077 0.412281 0.39823 0.416666666667
75 0.400573 0.412281 0.392857 0.416666666667
76 0.401113 0.412281 0.39823 0.444444444444
77 0.401895 0.412281 0.39823 0.444444444444
78 0.402176 0.412281 0.39823 0.405405405405
79 0.40346 0.412281 0.39823 0.486486486486
80 0.403603 0.412281 0.39823 0.513513513514
81 0.405168 0.421053 0.39823 0.555555555556
82 0.406781 0.421053 0.39823 0.527777777778
83 0.408292 0.421053 0.403509 0.527777777778
84 0.410196 0.421053 0.403509 0.666666666667
85 0.411224 0.421053 0.403509 0.722222222222
86 0.412046 0.421053 0.40708 0.777777777778
87 0.412768 0.421053 0.412281 0.833333333333
88 0.412768 0.421053 0.412281 0.833333333333
89 0.413393 0.434783 0.412281 0.805555555556
90 0.413393 0.434783 0.412281 0.805555555556
91 0.414643 0.434783 0.412281 0.777777777778
92 0.415654 0.434783 0.412281 0.805555555556
93 0.416279 0.434783 0.412281 0.861111111111
94 0.417005 0.434783 0.412281 0.805555555556
95 0.418643 0.434783 0.412281 0.833333333333
96 0.420869 0.434783 0.412281 0.833333333333
97 0.422567 0.434783 0.412281 0.805555555556
98 0.42437 0.434783 0.415929 0.722222222222
99 0.426225 0.434783 0.417391 0.891891891892
100 0.427165 0.434783 0.421053 0.891891891892
101 0.428414 0.434783 0.421053 0.891891891892
102 0.428785 0.434783 0.421053 0.891891891892
103 0.43028 0.439655 0.421053 0.916666666667
104 0.430734 0.439655 0.421053 0.888888888889
105 0.430495 0.439655 0.421053 0.861111111111
106 0.43212 0.439655 0.421053 0.861111111111
107 0.433491 0.452991 0.422414 0.833333333333
108 0.433834 0.452991 0.426087 0.888888888889
109 0.433109 0.452991 0.426087 0.861111111111
110 0.434073 0.452991 0.426087 0.888888888889
111 0.434762 0.452991 0.429825 0.944444444444
112 0.43545 0.452991 0.429825 0.916666666667
113 0.43583 0.452991 0.434783 0.916666666667
114 0.43583 0.452991 0.434783 0.916666666667
115 0.436101 0.452991 0.434783 0.916666666667
116 0.436101 0.452991 0.434783 0.916666666667
117 0.436689 0.452991 0.434783 0.945945945946
118 0.437084 0.452991 0.434783 0.945945945946
119 0.437215 0.452991 0.434783 0.945945945946
120 0.437611 0.452991 0.434783 0.972972972973
121 0.438629 0.452991 0.434783 0.972972972973
122 0.439551 0.452991 0.434783 1.0
123 0.441587 0.452991 0.439655 1.0
124 0.441975 0.452991 0.439655 1.0
125 0.442825 0.452991 0.439655 1.0
126 0.444395 0.457627 0.439655 1.0
127 0.445402 0.457627 0.439655 0.972222222222
128 0.448263 0.457627 0.439655 0.888888888889
129 0.449534 0.457627 0.444444 0.888888888889
130 0.451691 0.457627 0.444444 0.944444444444
131 0.452616 0.457627 0.444444 0.916666666667
132 0.453507 0.457627 0.452991 0.916666666667
133 0.453893 0.457627 0.452991 0.916666666667
134 0.45415 0.457627 0.452991 0.944444444444
135 0.454279 0.457627 0.452991 0.944444444444
136 0.45462 0.457627 0.452991 0.945945945946
137 0.454745 0.457627 0.452991 0.945945945946
138 0.455121 0.457627 0.452991 0.972972972973
139 0.455623 0.457627 0.452991 0.972972972973
140 0.455515 0.457627 0.444444 0.945945945946
141 0.456374 0.457627 0.452991 0.918918918919
142 0.4565 0.457627 0.452991 0.945945945946
143 0.456231 0.462185 0.449153 0.916666666667
144 0.456231 0.462185 0.449153 0.916666666667
145 0.456466 0.462185 0.452991 0.944444444444
146 0.455971 0.462185 0.444444 0.944444444444
147 0.456595 0.462185 0.452991 0.916666666667
148 0.456981 0.462185 0.452991 0.916666666667
149 0.455987 0.462185 0.439655 0.916666666667
150 0.454137 0.462185 0.426087 0.944444444444
151 0.452405 0.462185 0.429825 0.916666666667
152 0.454158 0.462185 0.444444 0.972222222222
153 0.45549 0.470588 0.444444 0.944444444444
154 0.456979 0.470588 0.449153 0.916666666667
155 0.45773 0.470588 0.452991 0.916666666667
156 0.458114 0.470588 0.457627 0.916666666667
157 0.458723 0.475 0.457627 0.944444444444
158 0.458721 0.475 0.452991 0.916666666667
159 0.45885 0.475 0.457627 0.916666666667
160 0.45885 0.475 0.457627 0.888888888889
161 0.45885 0.475 0.457627 0.888888888889
162 0.45921 0.475 0.457627 0.888888888889
163 0.459568 0.475 0.457627 0.888888888889
164 0.459199 0.475 0.448276 0.888888888889
165 0.46043 0.475 0.457627 0.944444444444
166 0.460913 0.475 0.457627 0.916666666667
167 0.462359 0.475 0.457627 0.945945945946
168 0.463901 0.475 0.457627 0.972972972973
169 0.464729 0.475 0.457627 0.945945945946
170 0.466128 0.475 0.457627 0.945945945946
171 0.46822 0.475 0.462185 0.972972972973
172 0.468672 0.475 0.462185 0.972972972973
173 0.469819 0.475 0.462185 0.972972972973
174 0.470858 0.475 0.462185 0.972972972973
175 0.471524 0.475 0.466102 0.945945945946
176 0.471901 0.475 0.466102 0.972972972973
177 0.472505 0.475 0.466102 1.0
178 0.472973 0.475 0.470588 1.0
179 0.473688 0.475 0.470588 1.0
180 0.474046 0.475 0.470588 1.0
181 0.474642 0.475 0.470588 1.0
182 0.475121 0.479339 0.475 1.0
183 0.475121 0.479339 0.475 1.0
184 0.475121 0.479339 0.475 1.0
185 0.475121 0.479339 0.475 1.0
186 0.474765 0.479339 0.462185 1.0
187 0.475121 0.479339 0.475 1.0
188 0.475121 0.479339 0.475 1.0
189 0.474163 0.479339 0.462185 0.944444444444
190 0.474875 0.479339 0.470588 0.888888888889
191 0.47282 0.479339 0.452991 0.861111111111
192 0.473257 0.479339 0.462185 0.810810810811
193 0.473365 0.479339 0.462185 0.810810810811
194 0.473819 0.479339 0.466667 0.756756756757
195 0.474521 0.479339 0.470588 0.783783783784
196 0.475117 0.479339 0.475 0.783783783784
197 0.475117 0.479339 0.475 0.756756756757
198 0.475235 0.479339 0.475 0.756756756757
199 0.475235 0.479339 0.475 0.72972972973
200 0.475235 0.479339 0.475 0.756756756757
201 0.475235 0.479339 0.475 0.756756756757
202 0.475235 0.479339 0.475 0.756756756757
203 0.475352 0.479339 0.475 0.756756756757
204 0.475586 0.479339 0.475 0.810810810811
205 0.476055 0.479339 0.475 0.756756756757
206 0.47629 0.479339 0.475 0.72972972973
207 0.476642 0.479339 0.475 0.702702702703
208 0.477228 0.479339 0.475 0.756756756757
209 0.477932 0.479339 0.475 0.837837837838
210 0.478635 0.479339 0.475 0.810810810811
211 0.479339 0.479339 0.479339 0.810810810811
212 0.479339 0.479339 0.479339 0.810810810811
213 0.479457 0.483607 0.479339 0.805555555556
214 0.479576 0.483607 0.479339 0.777777777778
215 0.479694 0.483607 0.479339 0.75
216 0.479694 0.483607 0.479339 0.777777777778
217 0.479932 0.483607 0.479339 0.805555555556
218 0.479932 0.483607 0.479339 0.777777777778
219 0.479932 0.483607 0.479339 0.722222222222
220 0.479811 0.483607 0.475 0.75
221 0.480169 0.483607 0.479339 0.694444444444
222 0.480287 0.483607 0.479339 0.722222222222
223 0.480262 0.483607 0.479339 0.72972972973
224 0.480377 0.483607 0.479339 0.72972972973
225 0.480492 0.483607 0.479339 0.72972972973
226 0.480492 0.483607 0.479339 0.702702702703
227 0.480377 0.483607 0.479339 0.675675675676
228 0.480608 0.483607 0.479339 0.72972972973
229 0.480723 0.483607 0.479339 0.648648648649
230 0.481069 0.483607 0.479339 0.621621621622
231 0.480727 0.483607 0.466667 0.648648648649
232 0.481184 0.483607 0.479339 0.594594594595
233 0.481646 0.483607 0.479339 0.567567567568
234 0.481876 0.483607 0.479339 0.567567567568
235 0.481992 0.483607 0.479339 0.513513513514
236 0.482799 0.483607 0.479339 0.567567567568
237 0.483261 0.483607 0.479339 0.513513513514
238 0.483376 0.483607 0.479339 0.486486486486
239 0.483607 0.483607 0.483607 0.459459459459
240 0.483607 0.483607 0.483607 0.459459459459
241 0.483607 0.483607 0.483607 0.459459459459
242 0.483607 0.483607 0.483607 0.486486486486
243 0.483607 0.483607 0.483607 0.459459459459
244 0.482929 0.483607 0.471074 0.405405405405
245 0.482814 0.483607 0.471074 0.432432432432
246 0.481682 0.483607 0.471074 0.459459459459
247 0.480657 0.483607 0.471074 0.459459459459
248 0.480542 0.483607 0.471074 0.432432432432
249 0.480194 0.483607 0.471074 0.432432432432
250 0.480629 0.483607 0.471074 0.459459459459
251 0.480399 0.483607 0.471074 0.432432432432
252 0.481638 0.483607 0.475 0.432432432432
253 0.482338 0.483607 0.479339 0.486486486486
254 0.482914 0.483607 0.479339 0.405405405405
255 0.483261 0.483607 0.479339 0.459459459459
256 0.483607 0.483607 0.483607 0.486486486486
257 0.483607 0.483607 0.483607 0.486486486486
258 0.483607 0.483607 0.483607 0.459459459459
259 0.483607 0.483607 0.483607 0.486486486486
260 0.483607 0.483607 0.483607 0.459459459459
261 0.483607 0.483607 0.483607 0.459459459459
262 0.483607 0.483607 0.483607 0.459459459459
263 0.483607 0.483607 0.483607 0.459459459459
264 0.483607 0.483607 0.483607 0.513513513514
265 0.483138 0.491803 0.471074 0.472222222222
266 0.480643 0.491803 0.449153 0.444444444444
267 0.48266 0.491803 0.471074 0.416666666667
268 0.483943 0.491803 0.479339 0.527777777778
269 0.484062 0.491803 0.483607 0.5
270 0.484062 0.491803 0.483607 0.472222222222
271 0.48429 0.491803 0.483607 0.472222222222
272 0.48429 0.491803 0.483607 0.416666666667
273 0.483815 0.491803 0.479339 0.388888888889
274 0.482871 0.491803 0.466667 0.388888888889
275 0.482777 0.491803 0.471074 0.351351351351
276 0.483694 0.491803 0.479339 0.297297297297
277 0.483704 0.491803 0.479339 0.297297297297
278 0.483819 0.491803 0.479339 0.297297297297
279 0.484177 0.495935 0.483607 0.25
280 0.484288 0.495935 0.483607 0.25
281 0.484171 0.495935 0.483607 0.25
282 0.484171 0.495935 0.483607 0.25
283 0.484171 0.495935 0.483607 0.25
284 0.484625 0.495935 0.483607 0.222222222222
285 0.484847 0.495935 0.483607 0.222222222222
286 0.485069 0.495935 0.483607 0.194444444444
287 0.484822 0.495935 0.475 0.166666666667
288 0.484926 0.495935 0.475 0.0833333333333
289 0.485569 0.495935 0.483607 0.027027027027
290 0.486001 0.495935 0.483607 0.027027027027
291 0.486551 0.495935 0.483607 0.027027027027
292 0.487316 0.495935 0.483607 0.0
293 0.487532 0.495935 0.483607 0.027027027027
294 0.48742 0.495935 0.483607 0.027027027027
295 0.487975 0.495935 0.483607 0.0540540540541
296 0.488407 0.495935 0.483607 0.0540540540541
297 0.488848 0.495935 0.483607 0.0810810810811
298 0.488956 0.495935 0.487603 0.0810810810811
299 0.489181 0.495935 0.487603 0.0810810810811
