8
13
15
16
14
6
8
10
15
14
8
9
7
13
7
9
8
15
15
9
6
13
7
15
7
15
1
7
13
0
15
6
8
13
15
6
7
8
11
13
0
6
6
8
8
10
16
7
9
15
11
14
8
10
14
6
15
13
10
16
16
7
11
7
10
13
6
0
8
14
16
6
1
13
14
16
6
13
8
7
7
16
10
1
8
9
16
13
16
8
15
10
10
11
1
0
8
15
10
9
11
11
0
0
16
6
8
1
6
7
10
14
11
11
8
15
6
9
13
7
0
10
10
7
8
10
9
1
16
11
7
7
0
13
6
7
9
10
6
10
7
10
11
10
13
8
6
8
11
0
14
0
8
9
11
13
15
13
0
14
7
6
13
13
11
7
1
10
15
10
16
8
8
16
0
1
9
10
13
1
8
16
9
14
13
1
9
1
15
15
10
14
15
16
1
9
11
6
11
0
8
13
11
13
15
15
0
8
14
6
6
11
7
14
6
14
7
16
14
11
10
10
7
0
16
7
11
16
16
7
1
16
1
13
10
15
14
16
6
14
8
6
6
15
0
8
16
6
9
13
6
6
6
6
15
7
8
15
10
15
8
6
16
9
1
10
13
10
10
8
13
11
15
8
11
16
15
16
9
15
6
10
14
14
14
0
11
15
6
1
15
9
16
13
8
10
16
13
15
13
16
14
7
0
9
13
11
1
8
7
10
15
13
13
15
1
10
1
8
11
8
14
9
13
8
13
10
7
14
6
8
11
15
0
13
1
8
15
9
6
0
1
9
0
16
8
13
1
16
11
6
1
15
7
0
0
1
1
7
13
15
15
16
15
14
7
10
6
7
10
10
13
14
6
16
15
13
6
8
13
0
8
11
9
16
0
11
9
16
13
6
10
8
15
13
15
11
16
8
11
8
8
0
16
9
6
0
10
9
7
0
15
7
16
7
15
14
14
1
13
6
0
9
15
15
8
9
6
16
11
11
8
13
0
15
15
15
7
15
10
6
9
6
6
16
0
6
0
16
10
15
11
15
6
6
15
8
10
10
10
11
14
7
13
15
14
1
7
14
6
1
13
6
0
10
8
6
11
13
15
7
14
9
9
6
10
11
15
0
15
15
15
13
0
6
9
14
16
8
8
8
14
14
15
0
11
15
7
1
6
16
0
13
15
13
1
8
15
10
13
14
15
15
13
13
1
7
1
13
1
9
16
13
14
9
6
13
7
13
16
16
13
7
0
9
1
13
9
8
15
13
10
10
6
10
13
8
1
13
10
7
13
13
9
1
1
13
1
16
9
10
7
8
10
10
7
0
10
8
0
15
15
14
13
11
11
13
15
9
15
14
15
15
10
16
6
8
8
14
1
6
10
0
16
7
9
7
13
0
16
9
15
13
10
10
15
14
1
16
15
10
16
7
15
1
6
10
14
8
11
6
14
0
9
8
10
14
10
1
14
13
15
