16
16
13
14
15
11
7
1
14
11
16
13
15
1
0
10
6
0
8
8
0
11
0
10
7
7
16
15
8
11
6
10
13
8
15
14
9
8
15
8
10
9
15
11
16
16
8
16
9
14
13
14
7
7
14
16
1
8
14
11
15
7
8
8
10
11
16
0
7
6
11
14
14
0
1
13
15
9
9
1
7
14
6
10
11
1
1
6
15
1
14
0
8
13
8
14
9
11
11
16
15
15
15
6
15
15
10
8
9
14
7
6
8
16
1
14
10
14
16
10
6
13
11
13
10
10
14
14
1
10
1
6
7
11
13
7
14
15
0
15
11
13
14
0
16
8
13
10
1
14
6
7
15
1
0
1
10
11
16
8
7
0
15
6
0
10
14
14
16
14
10
9
14
0
15
7
11
11
1
13
16
14
11
1
13
11
6
9
7
11
15
16
14
16
8
9
0
14
16
1
1
16
13
7
16
14
0
0
16
0
1
10
7
6
10
15
6
9
6
8
15
0
7
11
10
7
11
10
7
16
6
1
11
1
11
15
0
10
16
1
9
8
8
15
1
7
13
9
15
16
14
6
16
10
15
9
1
15
8
15
16
11
0
16
13
14
8
11
1
14
11
14
14
1
6
0
11
6
10
9
9
16
13
7
9
14
16
7
16
11
15
13
15
6
16
16
11
10
1
11
9
16
15
