13
16
15
7
15
1
14
14
10
15
10
1
15
14
9
15
10
0
11
9
0
6
10
10
16
15
11
15
8
11
14
1
1
0
14
9
6
14
15
8
8
9
16
11
15
7
9
16
9
14
13
16
14
11
14
15
15
8
8
11
10
7
8
8
7
15
14
14
13
6
11
1
1
14
11
13
15
7
11
16
7
8
6
10
6
1
7
16
15
1
13
8
16
0
9
15
7
11
11
16
15
15
7
16
15
15
9
15
9
14
8
0
11
0
10
16
14
14
16
14
6
13
8
6
8
15
1
10
15
10
1
11
14
11
13
7
0
14
0
14
11
13
13
7
10
0
13
0
0
16
0
7
15
9
16
1
16
11
8
1
7
8
15
15
0
1
1
14
0
15
8
15
14
0
15
7
13
16
7
13
14
8
11
1
14
15
15
9
8
0
9
16
14
10
10
0
1
14
15
14
16
6
13
8
0
14
16
1
9
11
14
10
14
16
15
14
15
9
15
6
10
11
15
1
10
7
11
1
11
16
8
1
0
16
9
8
16
10
0
14
16
14
7
14
8
16
8
15
6
10
15
10
0
14
6
16
15
15
11
15
11
11
0
16
0
14
8
11
10
10
11
1
8
7
9
0
11
6
10
15
11
16
9
11
9
16
16
7
16
11
15
13
15
11
7
16
11
10
1
8
1
8
15
