10
11
14
11
10
11
16
6
9
1
13
9
0
7
14
10
7
11
6
0
11
13
10
13
6
8
0
7
1
14
14
16
16
11
7
13
15
16
13
11
6
6
1
11
11
8
11
11
7
16
13
9
15
10
13
8
10
15
9
6
11
6
0
15
13
16
1
13
11
7
15
10
15
16
8
11
15
16
6
6
7
15
1
0
9
6
16
15
8
15
0
15
10
9
6
15
10
1
7
8
8
16
16
6
15
13
9
13
13
14
9
0
11
13
14
9
7
1
0
14
16
9
13
11
1
10
10
10
14
11
11
1
10
8
6
13
14
11
0
10
7
15
15
13
11
6
16
1
11
13
6
0
7
15
6
14
7
0
14
11
11
8
10
15
8
15
1
16
0
14
7
9
11
6
16
7
6
14
8
16
6
14
11
0
15
1
11
15
1
7
6
8
14
10
1
10
14
11
16
15
14
7
1
0
6
9
10
16
7
15
13
16
8
7
0
14
6
6
13
14
13
1
10
0
15
16
7
7
0
0
9
0
0
13
1
11
13
15
0
13
16
16
8
11
14
13
13
10
15
14
7
16
8
0
9
9
1
8
16
14
8
14
8
1
13
11
8
0
6
8
16
9
14
15
9
8
13
15
9
1
14
15
10
15
15
11
7
14
13
10
10
13
15
13
10
14
8
6
14
0
14
14
11
