15
6
16
14
15
11
7
14
10
13
14
8
14
6
16
15
10
14
8
13
15
6
6
10
13
9
16
15
8
11
6
10
14
7
16
10
11
16
15
10
10
14
16
6
15
8
8
16
10
7
11
15
15
15
10
6
7
10
7
15
15
11
11
8
15
1
16
10
10
8
11
11
14
9
0
13
15
9
11
1
10
13
13
10
13
11
7
6
15
13
14
15
14
14
6
7
16
11
11
0
15
16
15
1
15
15
1
11
11
14
16
6
14
16
1
16
0
9
13
16
0
15
13
9
11
11
11
9
10
9
14
13
11
14
16
14
14
9
1
13
11
15
14
7
9
10
13
15
1
8
1
8
10
6
13
0
10
13
15
8
8
14
15
6
15
0
13
14
16
15
8
6
11
16
0
7
16
15
7
9
6
11
16
1
13
14
15
14
10
6
11
16
6
10
16
9
8
14
14
14
14
1
10
1
9
14
16
0
1
11
10
0
10
6
11
15
8
9
16
14
10
0
15
13
10
1
8
1
1
13
15
1
7
9
15
15
16
16
6
15
10
6
15
13
11
0
16
9
14
11
10
9
14
16
15
15
8
15
13
16
14
11
0
16
13
11
6
11
13
14
1
14
7
1
11
13
15
0
10
14
14
1
1
9
0
0
1
15
11
11
16
13
15
6
9
16
11
10
9
11
11
0
10
