13
1
14
6
16
6
1
11
1
10
13
7
0
8
14
14
10
16
0
16
10
8
1
0
16
9
7
0
16
0
15
9
15
0
8
16
9
14
13
0
8
6
6
10
16
11
6
13
8
14
10
14
15
8
16
0
7
1
8
7
1
16
14
10
7
16
6
13
6
9
1
13
15
6
6
7
16
13
16
0
16
10
7
16
1
1
16
13
15
13
7
15
13
1
1
10
9
1
9
0
16
13
6
1
1
11
7
8
7
7
1
0
1
10
0
7
15
6
13
8
0
14
16
16
8
11
7
10
16
13
7
1
6
1
0
8
11
7
0
0
8
0
15
16
16
14
13
8
13
16
14
9
0
6
13
14
7
9
13
13
1
8
8
13
13
6
7
7
14
16
15
0
11
0
15
9
15
0
10
7
0
1
1
11
16
16
10
8
6
15
9
14
13
16
10
10
8
8
14
0
6
15
15
15
7
13
9
15
0
8
14
0
15
11
8
7
0
15
0
16
7
0
6
8
14
7
15
6
7
11
11
9
6
15
15
16
0
9
1
9
15
13
1
6
7
15
15
6
16
7
6
13
1
8
9
7
0
15
10
14
9
11
10
10
0
14
13
0
15
8
8
15
8
9
16
15
6
9
13
13
14
16
1
7
15
0
8
16
15
7
13
14
6
16
7
1
14
7
16
14
0
15
6
