15
14
0
11
7
1
16
15
15
1
16
13
6
8
6
6
8
9
16
0
8
14
10
6
16
16
11
11
9
14
1
13
16
6
15
7
13
10
13
10
11
16
1
8
11
9
6
9
15
7
14
11
1
10
7
7
10
14
6
0
14
7
16
11
13
16
16
15
1
14
15
1
16
15
7
0
8
6
0
0
7
14
11
1
14
0
15
10
8
11
9
10
16
9
13
1
8
15
7
16
8
7
16
9
14
6
10
10
6
11
13
7
11
0
14
9
0
10
1
16
16
15
15
11
1
15
1
10
14
6
8
10
11
14
13
8
14
0
11
11
13
14
7
11
6
6
13
1
16
9
13
15
9
15
0
9
7
9
16
10
0
8
10
8
13
7
1
13
9
8
8
10
11
16
9
0
13
15
1
13
6
10
1
0
16
10
9
1
16
7
15
15
10
10
13
7
0
15
1
0
14
11
0
14
14
10
15
1
7
8
1
13
8
11
7
7
1
16
13
1
15
8
15
1
0
10
7
8
0
10
9
13
10
16
16
0
15
15
10
8
0
14
8
11
7
6
0
9
13
0
6
16
16
8
10
7
6
11
16
14
0
7
8
1
11
16
11
13
1
9
11
14
10
6
14
14
13
0
13
11
14
13
16
7
16
1
11
8
13
7
8
13
13
6
6
13
10
13
14
0
10
9
6
