0
16
13
14
15
11
7
14
7
15
16
13
15
1
0
10
10
0
8
8
16
11
13
10
7
7
16
15
8
11
6
1
13
13
15
9
9
8
15
8
7
9
15
11
6
16
8
16
9
14
13
13
7
7
14
15
7
8
9
11
15
7
8
8
7
11
16
0
7
6
11
14
14
0
1
13
15
9
0
1
7
14
6
10
11
1
7
6
15
1
14
8
8
13
8
14
16
11
11
16
15
15
15
6
15
1
1
15
9
14
7
6
14
16
9
14
10
14
16
10
6
13
11
9
10
11
14
14
1
9
1
6
7
11
13
7
11
15
0
15
11
13
14
7
16
11
13
10
1
14
6
7
15
13
0
15
10
11
13
1
7
0
15
6
0
1
14
14
16
15
10
11
1
0
15
7
13
11
1
13
16
14
11
1
13
11
6
9
7
0
15
16
14
10
9
9
1
14
1
1
1
6
13
7
11
14
0
0
9
11
8
10
7
6
11
15
6
9
15
8
15
0
15
11
10
7
11
1
7
16
6
1
11
8
10
15
0
16
16
10
9
6
7
6
1
7
16
9
9
7
11
9
16
10
6
9
15
15
8
15
14
11
0
16
13
14
8
11
14
14
15
14
14
1
6
0
11
6
10
9
1
16
13
7
9
8
16
7
16
11
15
13
15
6
16
16
11
8
7
15
9
16
15
