15
0
6
16
7
6
7
14
1
7
14
7
15
8
6
7
15
11
8
7
11
13
14
16
11
16
13
7
8
6
1
13
14
0
1
8
0
10
11
13
10
11
1
11
7
9
9
6
10
6
14
6
11
13
13
10
6
14
0
7
8
16
10
11
13
13
16
11
9
0
7
9
11
8
13
10
6
1
0
6
6
7
7
1
11
6
9
13
15
11
10
15
6
14
15
9
8
13
7
7
8
11
15
9
16
1
10
16
7
11
0
7
14
13
14
0
1
9
10
7
16
0
13
8
14
13
7
16
14
11
7
14
15
14
0
8
14
0
13
6
16
8
6
14
7
10
6
1
16
14
9
0
9
15
6
8
13
15
0
11
11
10
10
15
16
14
14
6
6
7
13
6
6
1
8
11
15
0
14
8
8
9
8
6
16
14
14
9
14
14
1
11
6
9
1
8
13
15
15
9
14
7
13
14
7
11
16
9
7
15
16
9
11
14
7
14
6
6
0
16
7
9
1
14
1
13
7
15
9
16
16
6
14
16
7
9
10
9
15
16
1
15
8
11
0
16
11
8
14
14
15
0
16
7
13
8
6
8
1
8
14
16
0
13
9
13
11
11
10
15
10
15
9
8
6
1
13
1
0
11
14
10
10
9
10
1
11
8
6
7
10
13
14
13
8
6
10
11
14
0
13
14
16
