14
6
6
10
1
0
16
15
9
10
0
7
7
7
15
7
0
11
6
1
11
14
14
15
11
8
0
10
9
8
11
6
16
6
7
13
14
9
11
13
16
16
1
8
8
7
11
6
6
10
14
15
1
13
14
1
10
0
0
11
14
9
10
15
13
16
16
6
0
11
15
8
13
9
0
0
15
7
0
0
11
15
10
8
14
6
14
11
8
10
9
9
10
9
14
1
16
15
1
8
8
16
16
7
14
13
10
10
13
11
13
10
6
15
7
9
9
9
9
16
7
15
13
7
13
1
15
9
14
14
1
16
15
6
7
14
14
0
16
10
15
8
14
11
7
10
16
14
16
16
6
10
9
14
13
8
7
0
16
11
11
15
15
7
11
15
1
1
15
0
1
15
7
6
8
7
13
1
15
0
6
11
1
16
7
14
11
16
6
7
7
0
14
6
11
15
14
8
16
7
9
11
10
11
6
10
9
1
7
7
16
8
0
1
7
14
6
6
0
6
6
11
16
6
13
10
8
1
0
0
7
0
16
9
11
11
14
1
16
8
1
16
8
14
14
6
11
1
8
10
9
16
16
7
6
16
6
15
0
14
15
7
8
14
1
9
11
14
15
16
16
1
14
8
13
1
7
15
13
11
14
10
11
6
10
1
13
16
13
16
8
9
14
13
8
9
14
0
14
0
16
10
1
