15
0
6
11
8
14
7
0
9
7
14
14
15
8
11
11
10
11
8
16
8
10
14
16
0
16
13
10
8
14
1
0
0
0
1
8
0
15
10
6
9
7
1
16
15
9
13
9
10
9
8
11
11
13
13
13
1
6
0
8
9
16
14
16
1
16
9
11
16
0
7
6
8
0
16
11
6
14
0
6
6
15
0
1
8
6
9
0
15
10
1
15
11
16
10
1
10
13
6
16
8
11
15
9
16
1
11
16
7
11
0
1
14
6
14
14
1
9
9
7
16
11
13
0
16
13
7
6
7
11
6
14
15
14
8
8
9
15
13
6
16
15
6
14
0
11
6
14
14
14
1
0
9
1
1
1
13
13
7
11
13
15
10
15
10
9
9
10
13
7
13
6
13
1
10
11
9
1
14
1
15
9
8
1
16
14
14
1
14
11
11
1
6
9
10
8
0
15
15
9
9
1
10
9
6
11
16
9
7
15
13
15
11
14
11
8
16
6
0
16
1
9
1
14
1
11
1
15
16
0
11
11
14
8
7
16
10
9
15
16
11
15
8
13
1
16
11
8
11
14
15
15
7
7
13
8
6
10
6
8
0
6
0
13
1
16
1
11
10
9
10
15
9
6
11
10
15
7
8
0
14
10
10
13
10
1
16
13
1
11
0
6
14
10
14
6
8
11
14
6
10
8
6
