13
7
14
1
7
16
6
14
6
16
15
0
6
16
16
14
1
14
1
9
9
11
7
1
9
10
10
7
6
13
0
9
15
7
15
13
11
0
6
13
8
0
1
14
9
10
8
15
7
13
0
15
14
15
16
1
15
13
14
11
14
7
6
8
0
14
9
13
15
15
9
15
9
9
1
14
7
7
11
16
14
7
13
15
15
0
16
9
13
1
9
13
7
6
7
16
7
15
15
13
10
15
6
13
15
9
9
16
0
16
7
1
16
11
6
15
0
9
16
16
1
8
13
6
7
16
7
14
7
10
16
9
0
16
1
16
6
15
9
16
7
10
13
0
16
8
8
10
8
9
15
11
15
10
7
8
1
7
15
8
16
0
15
9
7
15
6
6
10
9
13
9
0
7
10
1
10
14
15
8
1
0
9
1
1
13
10
6
9
8
7
14
6
7
14
14
16
6
8
0
14
1
10
16
6
11
16
6
9
9
0
11
16
15
11
1
11
16
13
8
15
13
10
10
11
8
13
13
13
8
10
11
0
6
8
7
8
0
10
6
16
15
6
8
10
10
15
6
9
6
14
9
1
14
15
11
7
8
16
14
11
11
9
1
10
0
7
7
13
6
11
7
1
7
9
0
6
9
14
14
15
11
6
6
1
0
6
8
13
14
7
16
13
1
13
6
16
11
14
1
13
6
16
