15
6
11
11
10
15
16
9
8
14
14
9
0
7
7
10
11
0
6
0
11
9
10
6
11
8
0
14
15
8
13
13
6
6
15
13
14
11
13
15
13
6
13
13
8
9
14
11
10
6
13
9
1
13
13
7
10
7
0
11
6
10
7
15
13
16
16
7
11
11
15
1
14
16
8
11
11
14
0
6
7
15
1
1
15
6
1
11
8
10
0
15
7
9
14
13
9
15
7
8
8
11
16
10
14
13
10
13
6
14
9
0
11
13
14
9
13
7
13
16
16
9
13
11
9
13
15
16
14
11
7
8
10
0
10
8
14
0
10
13
10
8
15
14
7
6
16
1
10
1
6
0
9
6
6
13
7
0
16
11
13
13
10
15
14
15
1
13
0
14
6
9
13
6
15
1
11
6
16
16
16
0
1
0
11
15
16
15
14
7
16
11
14
10
1
9
15
15
7
10
14
7
0
14
16
10
1
16
7
15
13
9
7
11
8
14
7
6
8
14
0
14
14
11
15
16
7
7
14
14
9
14
6
16
1
10
10
15
1
8
16
16
7
11
14
13
9
10
7
0
9
16
16
7
14
13
15
8
16
14
8
14
8
1
13
11
6
10
1
9
16
0
0
7
10
8
13
11
6
11
14
16
10
11
15
11
16
8
13
14
10
13
14
13
10
14
11
6
14
0
10
14
11
