0
16
13
14
15
11
7
14
7
6
16
13
15
10
13
10
10
0
8
8
16
11
13
10
7
7
16
10
8
11
6
6
13
13
15
9
9
8
15
8
7
9
15
11
15
16
11
16
11
13
11
16
15
7
14
15
7
8
9
15
15
7
8
8
7
11
16
0
7
6
11
11
14
0
1
13
15
9
9
1
9
14
6
10
11
1
7
6
15
1
14
8
14
13
8
13
16
11
11
7
15
15
15
6
15
1
1
8
9
14
7
6
14
13
1
14
10
13
16
10
6
13
11
9
10
11
14
14
1
9
1
11
7
11
16
7
14
15
10
15
11
13
14
7
16
10
13
10
1
14
6
7
15
1
0
1
10
11
13
1
7
0
15
6
0
0
14
14
16
15
10
16
1
0
15
7
13
11
7
13
16
14
11
1
13
11
15
9
7
0
15
16
14
10
9
9
1
14
1
1
14
6
13
8
16
14
6
0
9
11
8
10
7
6
11
15
6
9
15
8
15
0
15
11
10
7
8
1
7
8
6
1
11
8
10
15
0
16
16
1
9
6
7
6
15
7
16
9
9
11
11
9
16
10
6
9
1
15
13
15
14
11
0
16
13
14
8
11
14
14
15
14
14
1
6
0
11
6
10
9
1
1
10
7
9
8
0
7
16
11
15
13
15
6
16
16
11
10
1
11
11
16
15
