16
16
13
14
15
11
6
14
7
11
9
7
15
1
8
8
11
6
8
13
16
11
13
10
7
7
16
15
8
11
6
6
16
13
15
16
9
1
15
6
14
9
11
14
15
6
11
16
10
13
11
16
15
9
14
15
7
8
15
13
15
11
6
8
7
11
16
0
7
7
11
13
14
9
10
13
11
9
1
1
9
1
6
10
16
1
14
8
15
14
14
15
14
13
8
1
16
11
11
16
15
15
13
6
15
11
11
14
9
7
7
6
14
13
0
7
10
13
16
8
6
15
11
9
16
11
14
14
14
9
14
11
7
15
16
1
14
15
10
15
11
13
14
7
16
10
13
10
14
14
8
7
15
1
0
11
10
11
13
7
7
0
0
6
0
9
14
14
16
15
10
16
1
0
15
7
9
11
14
13
11
6
6
13
13
14
15
9
7
6
15
15
14
10
9
9
9
14
16
14
14
6
6
1
1
9
16
6
9
11
8
0
7
6
0
15
7
9
11
8
15
0
15
11
10
7
16
15
7
13
8
10
11
8
13
15
0
16
14
1
10
6
15
6
7
15
16
9
9
11
1
9
16
16
8
9
14
15
10
16
14
11
0
16
13
14
8
11
13
14
14
0
14
1
14
0
1
6
14
14
1
1
1
6
9
8
0
11
15
11
15
13
15
6
16
16
7
10
1
11
11
15
10
