15
15
8
9
6
7
10
9
0
16
8
13
6
9
0
14
14
15
13
13
14
9
14
1
16
11
9
16
13
15
16
13
15
7
1
16
6
16
1
8
0
13
1
7
16
14
13
16
11
15
10
0
8
14
6
14
10
10
14
13
14
10
10
14
9
11
1
15
9
0
16
11
15
14
7
10
6
0
15
1
13
1
7
10
7
14
11
10
7
1
13
7
10
0
7
7
6
6
14
13
14
15
10
9
13
15
10
9
1
13
0
7
9
10
13
15
13
9
13
7
9
11
6
6
15
0
8
7
15
13
11
9
13
10
15
13
8
16
6
6
10
0
10
16
9
13
10
10
16
1
0
16
7
10
16
7
9
15
9
15
13
11
0
15
0
10
10
8
8
15
15
10
15
8
11
0
9
6
13
16
15
7
10
0
6
0
14
8
10
16
7
14
11
13
13
9
6
0
8
16
0
13
6
11
0
0
8
14
14
14
10
8
14
0
11
1
0
7
14
13
13
11
15
13
11
6
7
9
0
1
9
11
1
9
6
9
13
8
9
16
8
10
8
16
14
0
14
9
1
0
9
1
14
11
11
11
0
15
13
0
1
9
16
10
7
7
15
9
6
10
16
11
1
14
6
10
7
13
16
7
8
15
8
16
16
11
6
9
0
6
11
11
1
15
14
0
15
7
13
15
0
9
11
