13
16
13
7
15
11
6
14
10
15
15
1
15
14
0
15
16
0
11
9
16
8
13
10
16
15
11
15
8
11
16
1
13
6
14
9
6
11
15
8
8
9
16
6
15
14
8
16
9
16
13
16
6
11
14
15
15
8
9
11
10
7
8
8
6
11
14
14
13
6
11
16
14
14
15
13
15
7
11
1
11
10
6
1
11
1
15
16
15
15
13
9
8
8
6
15
7
11
11
16
15
15
7
6
15
15
9
6
13
6
8
6
15
0
1
7
11
14
11
14
6
13
15
6
8
14
7
14
15
15
14
6
14
11
13
7
0
15
9
14
11
14
14
7
10
0
13
10
9
16
0
7
15
9
7
1
7
11
8
1
7
6
15
15
0
16
1
14
0
15
8
14
10
0
15
15
13
15
1
14
13
14
10
1
16
11
15
9
6
0
9
16
14
10
10
0
1
6
15
16
16
7
13
11
7
14
16
1
7
11
14
10
11
16
15
15
15
11
15
8
10
11
15
16
10
7
11
1
11
16
16
1
11
7
16
14
13
10
7
10
14
14
7
14
8
0
8
15
6
10
8
10
0
14
6
16
15
15
8
15
6
11
0
16
0
14
13
11
10
9
11
6
14
7
0
1
6
1
10
14
11
7
16
11
9
8
16
0
16
11
15
13
15
9
9
16
14
10
1
15
1
1
15
