15
6
13
0
0
16
8
10
6
6
11
1
16
8
14
13
13
8
10
7
9
16
6
9
10
15
10
8
10
0
15
11
8
11
14
11
11
7
10
0
6
1
14
15
14
14
15
6
11
0
14
7
10
9
1
14
10
15
8
6
1
15
15
6
7
16
10
15
11
14
8
10
16
1
0
6
10
10
1
10
6
1
9
11
7
7
11
0
9
11
15
11
15
8
15
11
10
6
9
6
8
9
13
7
15
9
8
15
15
10
7
6
7
16
0
6
14
8
15
14
16
14
11
14
14
14
7
15
10
14
8
13
7
9
15
10
9
0
9
10
9
10
15
14
1
11
1
10
14
11
1
1
6
9
15
1
10
14
9
1
15
10
10
6
15
0
10
1
9
10
6
8
1
7
9
14
11
15
10
14
13
0
8
9
0
7
11
14
13
7
0
15
7
10
15
6
8
0
6
13
16
6
10
16
13
9
6
6
10
0
13
10
1
1
1
9
11
9
11
1
13
1
6
1
8
13
6
11
0
16
8
0
10
15
16
13
13
1
6
16
9
1
8
0
11
16
16
7
16
11
10
16
10
9
6
16
10
16
15
8
0
16
16
8
11
10
15
6
11
8
16
6
15
14
8
10
6
11
15
10
13
8
16
16
1
8
9
9
0
6
7
13
13
8
11
9
1
8
7
8
13
1
8
