6
14
1
1
6
8
6
14
10
14
8
14
10
7
13
8
13
7
9
7
15
10
6
16
9
1
0
1
14
1
1
10
13
10
10
15
16
11
16
0
9
14
1
15
14
15
0
8
8
6
15
13
14
10
16
9
11
11
14
16
13
1
0
7
15
13
15
8
1
13
14
6
16
15
9
14
6
14
1
9
16
16
11
6
11
9
6
14
14
7
10
14
0
13
7
13
14
10
13
13
6
7
14
7
16
10
10
14
13
7
13
8
8
13
8
8
7
15
9
6
10
14
6
16
16
15
14
11
9
13
15
11
0
15
16
6
8
11
15
7
13
16
10
14
15
9
7
15
11
11
16
10
11
6
11
13
7
11
16
6
1
16
15
11
13
9
13
8
1
16
15
11
1
14
6
13
7
10
1
1
9
9
1
0
6
0
13
8
11
16
10
8
14
14
10
16
16
1
13
6
8
14
11
14
6
9
16
0
8
16
13
13
10
10
16
15
14
14
14
0
7
0
0
0
11
11
16
6
8
14
9
15
6
13
0
7
0
14
13
9
14
16
11
14
14
13
6
1
14
10
9
8
15
0
9
15
7
15
14
10
13
10
1
11
7
10
13
8
8
13
7
7
0
14
16
8
9
15
13
15
13
9
1
8
16
13
6
16
8
13
6
9
13
10
6
10
10
10
11
11
6
11
11
