0
15
16
0
15
11
10
14
8
11
1
6
15
14
10
0
6
9
6
0
16
7
11
10
9
10
8
6
6
15
8
1
13
6
7
6
9
11
16
8
7
14
0
14
15
14
6
10
13
7
10
16
6
7
10
1
11
7
0
11
10
7
0
8
15
11
9
16
8
0
6
1
14
0
13
10
15
13
9
14
1
14
6
10
14
1
8
14
7
1
8
1
16
8
0
15
16
11
11
16
11
15
13
11
7
1
13
6
9
14
14
16
14
0
15
6
7
6
9
14
6
8
16
9
13
8
16
6
11
13
1
6
7
11
10
15
0
9
6
11
11
9
14
1
11
15
13
11
1
14
6
15
16
10
14
1
1
1
15
1
7
0
6
7
14
0
13
15
11
15
0
16
1
0
15
13
9
11
0
13
16
13
11
1
9
10
13
14
7
0
0
15
7
10
16
10
1
13
1
1
1
6
0
14
11
8
9
1
11
0
14
11
7
9
13
0
9
9
15
1
9
0
15
1
15
7
11
8
7
7
16
14
13
14
0
15
15
16
15
0
13
8
7
14
7
8
16
9
7
7
11
6
11
10
8
9
11
15
14
9
14
11
15
16
15
14
15
14
16
9
7
14
14
9
8
7
1
0
6
9
1
11
13
13
13
8
16
7
9
7
15
10
13
8
7
16
11
10
1
15
9
16
8
