9
16
13
14
15
13
6
10
7
15
16
1
15
14
14
10
10
0
11
9
13
11
13
10
7
15
16
15
8
14
10
1
13
0
15
9
6
11
15
8
16
9
15
16
15
7
8
16
9
0
13
11
14
11
14
15
14
8
9
11
10
0
8
0
7
14
14
7
13
13
11
1
14
0
7
1
15
14
11
1
7
14
6
10
10
1
7
6
15
1
13
8
8
8
8
15
7
11
11
16
15
15
11
6
15
1
9
8
9
6
8
6
11
15
1
7
11
14
16
15
6
13
6
6
8
11
11
9
11
9
1
11
14
13
13
7
0
15
10
14
11
1
14
16
10
0
13
10
9
15
14
7
7
9
7
1
0
16
8
1
7
14
15
15
0
1
1
14
16
15
8
16
10
0
15
7
13
11
1
14
16
14
11
1
1
8
8
9
8
0
15
16
10
10
10
9
1
6
15
10
1
6
11
7
16
14
16
0
9
11
8
10
14
6
15
15
6
9
15
8
10
0
15
1
10
7
16
1
8
16
16
1
13
0
7
8
0
16
7
10
9
14
7
14
8
7
0
11
6
7
13
10
0
14
6
9
11
15
15
15
14
11
0
9
0
14
8
11
8
10
15
14
14
7
11
0
11
6
10
14
11
16
16
7
9
8
16
7
16
11
15
13
15
1
16
16
11
10
1
15
9
11
15
