15
6
11
16
7
0
14
6
9
8
14
13
15
7
9
7
8
11
6
0
14
8
14
1
14
11
8
16
16
13
14
14
10
10
16
0
14
15
1
8
16
16
1
7
9
10
8
13
10
6
13
9
6
15
8
10
10
6
0
16
14
16
11
15
8
8
10
9
6
7
6
7
13
16
8
7
0
8
15
8
9
15
7
6
0
6
1
10
9
11
1
15
9
10
0
0
14
11
9
8
0
1
7
7
11
8
6
14
13
15
7
9
11
0
14
9
13
9
15
16
16
11
13
14
15
9
15
14
14
11
15
14
14
0
14
8
15
16
16
6
9
8
16
14
7
13
6
16
9
11
7
14
9
13
6
0
7
0
7
11
8
15
7
15
1
8
13
11
6
10
15
10
13
14
16
7
7
9
0
15
14
6
1
15
6
1
10
7
11
15
7
11
14
9
10
10
16
11
11
13
9
8
0
7
15
13
8
14
7
0
11
1
15
16
7
15
6
9
15
15
16
1
15
14
6
7
7
14
6
16
9
13
16
13
8
10
10
15
1
15
0
16
8
10
1
13
6
9
13
0
11
10
0
15
1
14
6
8
10
8
8
1
8
1
9
0
16
16
0
9
16
15
16
15
8
7
0
10
10
11
11
10
14
11
7
1
11
7
0
1
10
13
16
13
10
16
10
16
10
14
14
16
16
