15
16
13
14
15
11
13
14
10
6
16
7
15
6
8
10
10
6
8
13
16
10
14
10
0
7
11
15
8
11
6
6
10
13
15
16
9
8
15
13
14
9
15
6
15
16
8
16
10
13
11
16
15
7
14
15
7
8
11
15
15
11
6
8
7
11
16
0
7
6
11
11
14
9
1
13
15
9
9
1
10
13
6
10
13
1
7
11
15
1
14
8
6
13
8
13
16
13
11
7
15
15
13
6
15
1
1
1
11
14
16
6
14
13
1
7
10
13
16
10
0
15
11
9
1
11
14
14
14
9
1
11
11
11
16
14
14
15
16
15
11
16
16
7
16
10
16
15
1
8
1
11
15
9
13
11
10
11
13
7
7
0
15
6
0
0
16
14
16
15
10
0
1
0
15
7
13
11
7
9
16
14
10
1
13
14
11
9
8
0
15
16
14
10
9
9
10
14
16
14
14
9
13
1
1
14
16
0
9
11
6
0
8
6
11
15
6
9
16
8
15
0
15
15
10
7
8
1
7
13
14
1
14
8
10
15
0
16
14
1
9
6
15
11
15
7
16
9
9
11
1
9
16
16
6
9
14
15
13
16
14
1
0
16
13
14
13
11
13
14
13
14
7
1
11
0
11
6
10
14
1
1
1
16
0
8
11
7
8
11
15
13
15
6
16
16
11
10
1
11
11
16
10
