16
0
14
13
15
9
1
8
1
8
9
11
16
8
14
13
13
8
15
15
10
6
0
16
11
0
13
8
7
9
11
14
8
7
15
7
15
16
10
15
10
6
15
11
1
11
6
8
16
10
11
16
16
10
16
11
14
13
1
10
0
11
8
1
15
10
1
14
9
14
8
9
6
0
15
7
6
15
6
0
10
8
15
15
15
9
1
6
8
8
10
8
10
0
15
13
0
7
0
1
0
13
0
13
13
13
6
8
16
16
6
14
7
8
6
10
6
10
15
14
0
1
16
8
15
11
0
1
0
15
7
15
8
1
6
7
8
7
8
11
0
14
7
8
7
10
14
13
0
11
15
6
13
7
13
0
13
9
10
14
15
6
14
0
6
16
0
16
0
0
8
6
13
14
6
8
8
11
15
14
15
7
1
15
15
16
14
15
1
9
0
8
0
10
8
1
7
13
10
9
11
14
1
11
16
6
10
6
10
6
1
11
11
0
8
16
9
15
1
9
9
10
10
14
11
14
11
10
7
15
15
7
8
7
15
0
13
0
14
9
0
7
16
15
6
8
6
15
16
1
14
7
16
6
8
8
11
13
16
8
6
10
15
10
7
15
6
11
11
8
11
0
15
7
7
13
16
14
15
7
1
15
13
11
1
16
8
8
8
0
16
15
9
11
13
9
14
11
13
10
0
0
1
