14
16
13
14
15
13
6
14
7
15
16
1
15
6
0
10
10
0
11
9
16
11
13
10
15
9
16
15
6
11
10
1
15
0
15
9
6
11
15
8
16
9
15
6
15
7
7
16
9
14
13
16
14
7
14
15
7
8
9
11
10
0
8
8
7
11
14
0
13
13
11
15
14
0
7
1
15
14
11
1
11
14
6
6
9
7
7
11
15
0
13
8
8
8
8
15
13
10
11
16
15
15
11
13
15
1
9
7
16
6
8
6
11
7
1
7
11
14
16
15
6
13
16
6
8
14
11
9
15
9
1
11
7
11
13
7
10
15
9
14
16
13
14
7
1
0
13
14
9
9
14
16
15
1
7
10
10
16
8
1
7
14
15
15
0
1
1
1
16
1
8
16
10
8
9
7
13
11
9
13
16
14
11
1
1
11
8
9
8
0
6
16
11
10
10
1
10
6
15
16
1
6
13
7
16
14
16
0
15
11
16
10
14
6
15
0
9
9
11
8
10
0
10
1
10
7
11
6
11
16
16
1
11
6
10
8
0
16
7
10
10
14
7
13
8
7
11
8
6
7
13
10
0
14
6
9
15
15
15
15
8
11
0
16
0
14
8
14
9
11
15
14
14
7
11
0
11
6
10
14
11
16
0
7
9
8
16
7
16
14
15
13
15
6
7
16
11
10
1
15
9
11
1
