15
16
13
14
15
11
13
8
10
10
16
7
15
6
8
15
10
6
16
13
16
10
0
10
13
9
16
15
8
11
6
8
14
11
16
16
6
8
15
13
14
9
14
6
15
16
8
16
10
1
11
15
15
7
11
15
7
8
9
10
15
11
6
8
7
1
16
0
10
10
11
11
14
9
1
13
15
6
11
1
10
13
13
13
13
11
7
0
15
1
14
15
14
13
8
11
16
11
11
7
15
16
13
1
15
1
1
11
11
14
16
6
14
13
1
7
11
13
6
10
0
15
10
6
1
11
14
14
14
9
1
13
11
11
16
14
14
15
10
15
11
16
14
7
16
10
13
15
1
8
9
7
10
1
0
15
10
13
13
7
8
0
15
6
0
0
13
0
16
15
10
13
1
0
14
8
13
11
7
9
6
0
15
1
1
14
15
9
8
6
11
16
14
10
9
9
9
14
16
14
9
6
6
1
8
14
16
0
14
11
10
11
7
6
11
15
6
9
16
8
15
0
15
15
10
7
8
14
11
13
7
1
7
8
10
15
13
16
14
15
10
13
15
6
15
7
16
16
9
7
13
9
8
16
13
9
14
15
13
6
14
8
0
16
16
14
0
11
13
14
14
14
7
1
11
1
11
0
10
10
1
1
11
9
0
0
0
10
16
11
15
13
15
6
9
6
11
10
1
11
14
16
10
