6
14
1
1
6
8
6
14
10
14
8
14
14
7
14
8
7
8
9
7
15
10
6
16
9
1
7
1
14
1
9
10
13
10
10
14
16
7
14
0
9
8
1
15
14
15
9
1
8
6
15
13
13
7
16
9
6
11
14
9
13
1
0
7
15
13
15
8
1
13
14
14
16
15
9
14
8
14
1
9
16
16
11
6
11
9
6
14
14
7
10
7
0
13
7
13
14
10
13
13
15
7
14
7
16
10
10
14
13
7
13
8
8
13
8
8
7
15
13
6
11
13
16
16
9
15
14
11
8
13
7
11
0
15
16
13
8
11
11
6
13
16
16
6
15
9
7
11
11
11
16
10
11
6
9
13
7
11
16
6
1
16
15
11
13
9
13
8
1
16
10
11
1
14
6
13
7
14
11
1
6
9
1
0
6
14
13
8
7
16
10
6
14
14
10
6
16
1
13
6
8
1
11
14
10
9
16
0
8
16
13
13
7
10
16
8
14
14
6
6
7
11
0
0
11
16
16
6
8
6
9
15
6
13
6
1
0
14
7
1
14
16
11
14
14
13
6
1
1
10
9
8
11
6
9
15
7
15
14
10
6
10
1
11
11
10
13
10
8
8
15
6
9
14
16
8
7
15
13
15
13
9
8
8
10
13
6
10
8
9
6
9
13
7
6
10
6
16
11
11
1
11
11
