16
16
6
14
15
11
7
7
7
15
16
13
15
1
0
11
10
0
8
8
16
11
13
10
7
7
16
15
8
11
6
1
14
13
15
11
9
8
15
16
7
9
15
11
16
16
11
16
9
14
13
0
15
7
14
15
7
11
9
13
15
7
8
8
0
11
16
0
7
6
11
14
14
0
1
13
14
9
9
1
7
16
6
13
11
6
7
6
15
13
14
0
10
13
6
14
16
11
11
16
15
15
8
10
10
1
1
8
0
14
7
6
14
16
1
14
10
14
8
10
6
13
11
9
10
16
14
10
1
11
6
6
7
11
10
7
11
11
9
15
11
13
14
0
16
11
13
10
1
14
15
7
14
1
0
1
10
11
13
13
15
0
15
6
0
14
11
9
16
15
10
16
1
0
15
7
13
11
13
13
16
14
11
1
13
11
6
9
7
0
1
16
14
10
9
9
11
14
1
1
15
16
10
1
16
14
14
0
9
11
8
10
11
6
11
15
13
9
15
8
15
0
15
13
10
7
11
10
7
16
6
1
11
8
0
15
0
16
11
9
9
16
8
6
1
7
16
9
9
7
11
6
16
0
6
0
15
15
8
15
16
11
0
16
16
14
8
11
10
14
15
14
14
1
6
0
11
6
10
9
1
16
13
11
6
6
16
7
16
11
15
13
15
6
16
0
11
10
1
11
9
16
15
