10
13
14
11
10
1
11
6
9
13
13
9
0
7
7
10
11
11
6
0
11
13
10
13
8
1
0
7
11
14
14
9
16
6
15
13
14
15
13
10
6
6
1
11
13
15
11
11
7
16
13
9
1
10
7
7
0
15
0
11
16
11
11
15
13
16
0
13
11
7
15
1
15
10
8
11
15
16
6
6
7
15
1
8
6
6
1
15
6
6
0
15
10
9
14
11
9
1
7
11
8
11
16
6
15
9
9
13
1
14
9
0
16
13
14
10
7
1
0
16
16
9
13
0
9
15
15
16
14
11
11
9
10
0
6
11
10
0
1
13
11
8
15
13
11
6
16
1
11
0
6
6
6
9
6
16
7
0
14
11
13
15
10
15
8
15
8
13
0
14
7
9
13
6
16
11
13
7
8
6
6
0
11
0
15
15
9
15
1
7
6
8
14
10
1
10
14
16
16
15
14
7
0
14
16
10
0
16
13
15
13
1
7
7
8
14
6
6
8
14
13
1
1
8
15
10
7
15
11
0
9
13
11
15
14
11
10
15
1
8
0
16
8
11
14
13
1
6
7
14
7
10
16
0
7
6
6
8
16
14
8
14
8
11
13
11
8
6
1
16
16
9
11
7
9
8
13
11
9
8
14
16
10
14
15
11
7
14
14
14
10
13
14
13
13
14
11
10
14
0
14
14
11
