1
6
16
14
14
11
13
11
7
14
9
16
15
7
7
15
11
8
16
9
14
16
6
6
8
11
14
11
0
14
14
13
16
15
0
13
14
0
8
16
13
6
16
11
1
6
11
7
13
16
14
0
6
10
16
0
8
15
8
10
6
10
10
11
7
14
14
8
6
14
0
1
14
16
8
16
15
1
15
15
16
0
1
7
1
15
13
10
10
11
9
10
10
8
14
6
13
16
1
6
8
10
16
13
15
13
16
13
8
6
10
0
16
13
10
13
13
0
1
1
10
14
13
11
9
13
16
9
6
11
11
7
16
0
10
7
15
0
16
13
11
10
1
13
15
8
0
15
7
9
11
11
9
16
9
0
10
1
14
11
13
15
9
14
16
16
14
13
0
14
16
13
16
6
14
15
6
7
9
10
8
8
6
6
10
6
11
9
7
6
16
9
8
15
15
0
13
15
16
16
13
7
0
15
0
10
8
16
15
0
16
6
9
9
6
14
8
16
10
7
13
10
16
11
15
13
8
7
14
0
15
0
13
7
14
10
10
8
8
9
7
16
14
15
16
13
16
9
7
16
7
11
8
14
15
7
1
6
1
14
6
14
1
1
0
14
8
14
7
9
8
0
7
15
6
15
9
11
6
1
10
10
7
11
16
11
9
14
11
11
14
0
8
7
10
15
1
1
14
10
10
14
16
