13
16
13
7
15
13
6
14
10
15
6
1
15
14
0
15
10
8
11
15
6
11
13
10
1
15
11
15
8
11
10
1
6
15
14
10
6
1
1
8
8
9
16
6
15
15
11
16
9
14
13
16
14
11
14
9
15
8
9
11
10
8
8
10
7
11
14
14
0
6
11
1
14
14
7
11
15
7
8
1
14
14
6
15
1
1
7
16
8
1
13
8
8
8
6
15
7
15
11
16
9
15
7
6
15
15
9
15
15
6
8
6
11
0
1
7
14
14
16
14
11
10
8
6
8
0
7
14
15
10
1
0
8
11
13
7
0
15
9
1
11
13
14
7
10
0
13
10
9
13
0
7
15
9
7
13
16
11
7
1
15
9
16
15
0
1
13
7
0
15
9
13
10
0
15
7
13
11
1
13
14
0
11
1
6
11
15
9
8
10
9
15
14
10
6
0
10
16
15
16
16
6
7
11
16
6
16
7
9
11
14
10
14
16
6
15
15
16
15
16
8
11
15
11
10
7
11
1
7
16
16
1
6
6
7
8
13
10
7
11
16
14
13
14
10
7
8
11
6
10
8
10
0
14
6
16
15
15
8
13
6
11
0
16
0
14
8
11
10
10
10
6
14
7
11
0
11
11
10
14
11
16
6
11
11
14
16
8
16
11
15
13
11
1
9
16
11
10
9
14
15
1
15
