15
16
9
14
15
11
16
14
10
9
16
7
15
8
8
15
10
6
8
13
16
10
14
10
13
9
16
15
8
11
6
6
14
13
16
16
6
13
15
13
11
9
0
1
15
16
8
16
10
10
11
15
15
7
10
15
1
8
16
15
15
11
6
8
7
1
16
0
10
10
11
11
14
9
1
13
15
9
11
1
10
10
13
10
13
11
7
6
15
1
14
15
14
13
8
11
16
11
11
7
15
16
0
1
14
7
15
11
11
14
14
6
14
0
1
7
11
13
6
11
0
15
11
9
1
11
14
14
14
9
13
6
11
11
16
14
14
15
10
1
11
16
14
9
16
10
13
15
1
0
1
7
10
1
0
16
10
13
13
7
8
0
15
6
0
0
13
0
16
15
10
13
1
0
14
7
9
11
7
9
6
14
15
1
1
14
15
1
8
6
11
16
14
10
9
15
9
14
16
14
14
6
10
1
8
14
16
0
0
11
10
0
7
6
11
15
6
9
16
14
15
0
15
15
10
7
8
1
16
14
7
1
7
8
10
15
9
16
14
15
10
6
15
13
15
14
15
9
6
11
7
9
8
16
6
11
14
15
13
6
14
11
0
16
13
14
0
11
13
14
14
14
6
1
11
1
7
0
10
10
15
1
1
9
1
0
0
7
16
11
15
13
15
1
9
16
11
10
1
11
11
11
10
