6
10
1
1
10
15
6
14
14
14
7
11
14
7
8
16
13
7
6
7
15
10
13
8
0
1
0
6
14
8
9
10
8
10
0
14
8
11
16
13
11
13
1
16
14
6
0
0
8
6
6
16
0
16
0
9
11
11
14
10
14
1
0
7
15
1
14
14
8
15
7
8
16
8
9
13
6
14
9
6
10
1
11
1
1
9
8
14
9
0
10
14
8
13
6
13
6
16
14
13
9
14
14
7
7
16
14
14
8
7
13
6
8
13
10
8
16
6
11
6
10
7
6
16
9
13
11
15
8
6
15
11
8
15
16
6
13
11
11
6
13
1
10
14
16
13
9
13
11
16
15
10
9
16
1
15
7
11
13
6
10
16
15
16
9
11
7
16
1
10
10
11
7
14
6
13
7
10
7
6
7
9
0
14
6
10
13
6
9
16
10
10
0
14
10
6
16
1
13
16
15
14
9
14
10
9
16
14
15
7
11
13
10
10
9
16
14
6
0
6
7
11
0
13
11
11
10
6
8
14
13
10
8
1
0
7
0
14
13
16
7
16
10
14
14
13
6
6
14
9
6
6
15
13
6
16
10
15
11
8
7
0
15
11
11
1
13
11
11
6
16
1
14
7
1
7
15
15
7
0
13
9
1
9
10
13
6
9
16
13
6
6
14
0
6
10
10
10
11
11
6
6
11
