8
6
16
14
14
0
1
11
7
11
9
16
15
14
7
15
11
10
16
9
1
0
10
6
8
13
14
11
6
15
14
0
16
16
0
9
15
0
11
9
13
11
16
13
1
10
11
7
11
6
14
10
15
10
16
14
8
16
8
10
6
10
7
11
8
14
14
8
6
14
6
1
7
16
8
16
15
6
7
15
16
0
16
7
11
15
13
11
7
15
9
10
1
8
15
16
13
16
1
1
8
10
13
13
10
13
8
8
8
6
10
0
9
13
10
0
13
6
10
13
9
14
9
13
6
13
16
0
6
11
13
6
16
15
14
7
15
0
14
13
11
14
1
13
16
8
10
6
15
9
11
6
7
16
9
9
10
1
14
11
13
15
9
14
16
16
7
13
0
15
16
13
16
16
14
15
10
13
9
15
10
13
6
15
10
9
11
15
7
6
10
9
11
16
13
0
13
15
16
16
1
7
0
0
0
10
8
6
9
1
16
1
15
11
11
9
15
8
10
11
13
10
16
0
10
13
15
10
14
0
15
13
13
7
14
10
10
8
0
9
7
16
14
15
16
13
16
11
11
16
6
1
8
14
10
7
1
0
1
0
10
14
1
1
0
14
7
14
7
15
8
0
6
0
6
0
9
1
6
16
10
9
8
16
16
16
9
7
10
11
14
14
10
7
14
15
1
14
10
8
10
11
16
