15
13
16
14
15
11
13
8
10
6
14
8
14
6
1
15
10
6
15
10
15
6
9
10
13
16
16
15
8
6
6
10
14
13
16
13
7
16
15
10
10
9
16
6
15
7
8
16
10
1
11
15
15
16
10
6
7
14
7
15
15
11
11
15
15
1
16
10
10
8
11
11
14
9
9
13
15
9
11
1
10
13
9
0
1
11
7
6
15
13
14
15
9
13
6
16
16
6
11
0
15
16
13
16
11
15
1
10
11
14
16
11
14
13
1
7
14
13
13
10
0
15
14
9
11
11
14
9
15
9
16
13
11
11
16
14
14
15
16
16
11
16
14
7
16
10
13
15
1
8
1
1
10
6
13
11
10
13
15
8
8
15
15
6
0
0
13
0
16
15
7
10
1
0
13
7
15
1
7
9
6
14
15
1
13
14
15
14
10
6
11
16
6
10
9
9
9
14
16
14
14
1
10
1
8
14
16
0
1
11
10
0
7
6
11
15
8
13
16
8
15
0
15
7
10
1
8
1
1
13
14
1
7
8
15
14
0
16
14
14
10
6
15
13
11
6
16
9
8
11
7
16
10
16
1
9
14
15
11
16
14
11
0
16
15
16
0
11
13
14
14
14
7
1
11
9
15
0
10
14
1
11
11
9
7
0
11
1
14
11
15
13
9
6
9
16
10
11
1
11
11
16
10
