0
10
1
0
15
8
10
14
8
11
1
14
15
14
10
10
6
9
14
0
16
7
13
10
9
15
16
8
6
11
8
1
13
0
15
9
6
11
16
8
7
9
15
14
15
1
8
10
9
7
10
16
13
7
1
15
11
8
0
11
10
7
0
8
1
11
9
16
11
6
11
1
14
0
13
11
15
13
9
1
13
14
6
10
14
1
11
6
15
1
8
8
16
8
0
15
16
11
11
8
9
15
13
6
7
1
13
8
9
8
14
16
14
0
15
14
10
6
16
15
6
13
16
9
10
8
14
14
11
9
1
6
7
0
10
16
1
11
13
15
11
9
14
1
11
0
13
0
1
14
14
7
15
15
14
1
7
15
6
1
7
0
6
15
8
1
13
14
11
15
0
16
1
0
15
6
9
11
0
13
16
14
11
1
14
10
0
14
8
0
14
10
7
10
16
13
1
1
9
1
1
6
0
14
11
8
9
10
11
15
14
11
7
9
11
13
9
9
15
1
15
0
15
1
15
7
11
8
7
16
16
1
1
8
0
15
15
16
7
13
13
8
7
14
7
7
16
9
6
7
11
8
8
10
6
9
11
15
15
9
14
11
0
16
0
14
8
11
16
7
15
14
14
9
6
14
1
6
11
9
1
8
13
13
13
7
16
7
9
11
15
10
13
8
7
16
11
7
1
15
9
16
15
