15
10
13
16
7
10
8
14
16
7
14
7
15
8
6
11
6
11
8
16
11
10
14
15
0
16
13
10
8
14
1
13
14
0
1
8
0
7
10
6
9
7
1
7
6
9
13
6
10
8
14
11
9
13
8
13
6
9
9
13
13
16
14
7
1
9
11
11
9
0
7
11
8
0
13
11
6
14
0
6
6
15
7
1
8
6
1
0
15
7
13
10
6
1
10
1
10
13
6
16
8
11
15
9
16
16
8
15
7
11
0
1
16
13
13
8
1
9
16
6
16
11
13
0
14
10
7
16
10
9
6
10
15
14
13
14
9
15
13
15
13
15
11
14
7
0
7
10
14
14
1
10
9
11
15
8
13
13
1
11
13
10
10
15
16
0
16
10
13
7
8
6
0
1
10
11
9
1
14
6
8
9
8
6
14
16
7
9
15
11
1
1
15
9
0
8
8
15
0
9
9
1
10
9
6
13
16
9
7
15
0
9
8
14
11
11
16
9
0
6
15
9
13
14
1
8
7
15
13
10
11
14
14
8
15
16
10
9
6
16
11
15
15
13
1
16
11
16
11
14
16
16
13
7
6
8
1
10
6
8
0
6
0
13
1
6
1
11
10
9
11
15
9
11
11
6
15
10
7
0
14
10
10
9
10
0
16
6
1
11
0
13
14
10
14
9
8
11
14
0
10
8
14
