6
11
1
1
6
8
6
14
10
14
8
14
16
13
8
15
13
8
9
11
15
10
16
8
9
1
0
6
14
14
9
10
11
10
7
16
9
11
0
10
11
1
1
11
14
11
0
8
8
8
6
16
7
10
0
11
11
11
14
16
11
11
0
16
15
13
14
8
7
15
7
10
16
11
9
13
16
14
0
9
10
6
11
1
0
9
6
14
9
15
16
14
0
13
8
9
14
0
14
16
11
1
14
6
16
10
11
14
13
7
13
13
8
13
8
8
7
0
8
6
16
11
6
11
9
13
6
13
8
6
7
11
9
7
16
6
13
11
15
16
13
1
10
10
15
16
9
11
11
9
15
10
9
6
11
16
10
10
1
11
10
16
15
0
1
11
8
0
1
9
13
7
14
9
6
16
7
0
11
14
9
9
0
10
13
14
6
8
9
16
10
7
0
14
10
6
15
1
15
6
10
14
14
14
14
9
16
7
15
16
6
13
10
11
16
1
10
14
9
8
8
0
1
0
13
9
10
6
8
10
10
11
8
10
0
6
0
14
13
0
15
13
9
14
14
14
6
13
10
10
9
6
15
8
8
15
7
7
14
10
6
14
15
11
1
11
7
9
14
7
16
1
0
14
1
8
9
9
13
13
0
9
6
8
1
13
13
6
16
13
6
6
13
10
6
10
10
10
11
8
6
1
11
