0
10
16
0
10
1
10
14
8
11
1
14
15
14
10
0
6
9
15
0
16
7
0
10
8
10
8
6
6
15
8
1
13
6
7
0
6
11
16
8
7
14
9
14
15
14
6
10
9
7
10
16
6
7
10
1
11
7
0
11
14
7
0
8
15
11
9
16
8
6
11
1
11
13
14
11
15
13
9
16
13
14
11
10
14
1
8
13
7
1
16
8
16
8
7
16
16
11
11
16
11
15
8
15
7
1
13
8
9
14
14
10
14
0
15
14
7
13
9
14
6
8
16
9
13
6
13
6
8
7
1
14
7
11
9
15
10
11
11
11
15
9
11
0
11
15
13
11
1
14
6
15
15
10
14
1
1
8
15
1
7
16
7
8
8
0
13
14
11
15
0
6
1
16
15
13
9
11
0
7
16
13
11
1
14
14
0
14
13
0
14
15
7
9
16
10
7
13
10
16
1
6
0
11
9
8
9
13
11
0
14
11
11
9
11
13
6
9
15
0
9
0
15
1
15
11
7
8
7
7
16
16
13
8
16
15
6
16
13
14
13
8
7
16
16
8
8
0
7
7
11
6
11
10
1
9
11
9
15
9
14
13
15
9
15
14
15
15
16
7
7
14
13
9
6
7
15
0
9
1
1
16
13
13
6
13
16
7
16
14
15
10
13
8
7
16
11
11
0
16
15
16
6
