6
16
11
7
0
1
11
9
14
0
13
14
11
8
10
14
14
16
16
7
1
11
0
11
1
6
10
0
9
14
6
6
15
10
0
16
9
9
7
0
8
6
1
8
6
16
9
1
16
6
1
10
16
9
15
1
0
13
1
1
0
0
15
7
0
16
1
7
14
8
15
15
13
6
1
9
7
9
1
13
6
16
16
7
13
1
6
1
11
6
0
14
1
10
0
10
11
1
15
16
16
0
7
8
6
7
15
13
0
6
7
13
6
16
13
13
10
9
15
6
8
8
8
7
14
1
7
8
6
6
1
15
9
14
11
14
8
10
9
11
1
9
8
10
1
1
10
9
7
6
6
8
7
1
15
8
1
8
0
15
15
11
13
13
14
15
14
11
7
7
6
0
15
13
15
9
10
0
13
14
9
9
7
1
11
6
11
6
0
14
0
15
9
13
13
1
0
8
16
10
1
6
13
11
13
6
13
0
7
8
11
9
13
7
13
14
10
0
1
11
6
15
0
13
1
10
14
10
13
15
15
11
13
16
8
1
10
9
13
14
6
11
8
14
1
11
8
16
15
13
8
1
8
14
14
6
10
10
14
14
10
15
7
11
1
0
15
8
11
6
14
15
1
9
9
16
0
1
11
9
16
11
8
7
11
7
13
10
6
6
6
1
15
14
11
15
6
1
10
11
10
16
8
