6
14
15
1
8
8
6
15
16
9
9
14
13
7
13
8
13
7
9
7
15
9
10
16
9
1
10
6
8
1
1
10
13
10
10
14
16
13
16
0
9
8
13
16
11
15
13
8
7
6
16
13
14
10
11
9
11
16
14
16
13
10
8
7
15
13
15
8
15
13
14
6
16
15
9
16
6
14
11
9
15
13
11
6
14
9
6
14
14
15
10
6
1
13
7
13
14
10
6
16
6
7
14
7
16
10
6
14
13
7
8
8
14
8
8
8
10
15
9
6
10
14
13
11
9
15
14
9
8
13
1
11
0
8
16
6
8
11
15
0
13
16
7
14
15
9
7
11
11
11
16
10
11
6
11
13
7
11
16
6
9
7
15
11
13
9
13
8
1
16
10
11
10
14
6
13
7
10
7
1
9
9
1
0
10
0
13
8
9
16
10
8
14
14
10
13
16
16
13
8
8
1
11
14
10
9
16
0
8
16
13
13
11
10
16
15
14
8
14
0
7
0
11
1
8
11
1
6
14
14
9
15
6
13
8
7
0
16
13
11
14
16
10
14
7
13
6
0
16
6
9
8
15
0
9
0
7
15
14
10
6
7
1
11
11
8
13
10
8
8
15
9
0
14
16
8
7
15
13
15
16
9
8
8
11
13
11
9
9
11
6
9
13
10
6
10
10
10
10
6
0
9
11
