6
1
1
1
6
8
13
14
10
14
8
11
14
6
11
13
11
7
1
11
15
8
6
8
9
1
0
6
14
14
9
10
14
1
10
13
16
11
0
10
11
13
14
16
8
15
15
8
8
6
15
16
14
10
16
9
11
11
0
16
13
1
0
7
13
13
14
8
7
15
7
1
16
9
9
13
6
14
11
7
10
1
14
13
11
9
6
14
9
7
10
14
0
15
8
13
14
13
14
13
11
14
14
7
7
10
8
14
13
6
13
13
8
15
8
14
7
6
0
6
1
7
11
16
16
13
14
15
8
6
6
11
7
15
16
13
8
11
15
6
13
1
10
14
15
15
9
14
11
11
15
10
9
6
11
8
10
14
16
0
6
16
15
16
9
11
16
0
1
16
10
11
14
14
6
13
7
10
11
14
0
9
1
14
6
10
13
11
9
16
10
7
0
14
10
6
15
1
13
6
8
14
14
14
10
9
15
14
6
16
11
14
10
10
15
16
14
16
0
6
7
14
0
0
11
11
10
15
8
8
9
10
8
13
0
7
0
14
13
0
15
16
9
14
16
14
6
1
8
10
9
6
15
0
15
15
7
15
14
10
6
6
15
11
1
1
13
11
14
8
15
1
8
14
10
6
9
15
13
1
13
13
13
16
10
13
6
9
16
13
6
6
1
11
6
10
10
10
11
11
6
9
16
