13
16
13
7
15
13
6
14
10
15
15
1
15
14
0
15
10
0
9
9
16
11
13
10
16
15
15
14
8
11
10
15
0
0
14
9
6
11
13
8
14
9
16
16
15
15
8
14
9
1
13
16
14
11
14
6
15
8
9
11
10
7
8
8
6
11
14
14
13
6
13
1
14
15
7
13
15
7
1
1
7
14
6
1
11
1
7
8
15
1
13
8
8
8
6
15
7
11
11
16
15
15
7
11
15
15
9
15
16
6
8
6
11
0
1
7
11
14
16
14
6
13
8
6
8
8
6
10
15
10
1
11
14
11
13
7
0
15
9
7
10
13
14
16
10
0
13
10
9
16
14
7
15
9
7
1
16
11
8
1
7
8
15
15
0
1
14
14
0
15
8
14
10
0
15
7
13
15
14
1
14
14
11
1
8
11
15
9
8
0
9
16
14
10
10
0
1
6
15
16
10
6
13
11
16
14
16
1
9
11
14
10
14
15
15
15
15
9
15
8
10
11
15
14
10
7
11
1
7
16
16
1
11
7
9
8
13
10
7
10
9
14
7
14
8
7
13
1
6
10
8
14
0
14
6
10
15
15
8
13
6
11
0
16
0
14
8
11
10
10
11
6
14
7
1
0
11
1
10
14
11
16
16
11
9
9
16
8
16
11
6
14
8
1
9
16
0
10
1
15
9
1
10
