15
13
6
16
7
14
7
14
1
7
14
15
14
0
6
16
6
14
8
7
1
13
7
16
16
16
13
13
8
6
0
13
11
0
1
8
6
10
11
13
10
6
1
11
8
9
11
6
15
6
14
6
11
0
13
1
6
14
0
7
16
16
6
16
8
13
16
11
16
11
7
13
11
8
13
10
6
9
0
9
6
15
7
1
14
6
9
8
15
8
10
15
6
14
14
10
8
13
7
7
8
11
15
9
16
1
10
16
15
11
0
11
10
9
14
11
1
9
9
7
8
13
0
8
16
13
15
16
14
11
7
14
15
14
7
8
9
0
13
6
1
1
6
0
7
10
14
1
16
7
11
0
9
15
6
8
13
7
16
11
11
11
10
6
8
14
14
8
6
7
13
6
13
1
11
0
11
0
10
10
11
13
8
6
16
14
14
6
14
14
16
10
6
9
1
11
0
15
15
9
14
7
13
14
7
11
16
9
7
10
16
11
11
14
9
14
6
11
0
16
8
16
1
14
1
7
7
15
9
16
16
14
14
16
7
9
9
9
15
16
7
1
8
11
16
16
11
8
14
14
8
0
0
7
13
8
6
8
15
16
14
13
0
13
1
13
9
11
10
9
10
15
9
8
6
15
13
15
8
1
14
10
0
6
6
1
0
8
9
7
6
13
10
13
8
6
16
11
14
0
13
14
16
