16
0
9
11
9
13
16
15
9
14
14
7
7
7
0
7
1
11
6
14
6
11
8
1
11
0
0
7
7
9
14
14
0
8
11
6
14
9
13
6
14
6
1
11
10
9
9
6
15
16
14
1
7
13
8
10
11
14
0
7
6
9
13
13
13
16
1
7
11
11
6
8
14
16
7
7
9
7
13
0
13
15
10
7
15
13
14
10
8
10
1
15
7
9
14
1
11
15
9
6
9
16
16
1
7
13
14
10
6
8
10
10
11
0
0
9
13
9
9
16
16
15
13
11
9
1
15
8
7
11
14
11
6
14
7
8
15
0
16
11
15
8
15
15
7
11
15
1
15
0
6
0
9
15
6
1
7
0
16
11
11
7
0
10
0
1
1
9
10
14
8
9
8
6
15
7
13
7
1
13
6
9
14
1
0
16
11
16
6
16
7
8
14
13
14
7
0
8
13
15
14
6
10
14
16
13
16
16
7
10
1
1
9
0
16
14
6
13
10
16
6
9
15
13
11
10
7
16
14
0
9
0
16
16
7
10
10
15
1
9
1
16
8
16
14
13
9
10
13
0
14
0
16
13
14
6
6
8
16
11
15
7
14
1
9
13
16
10
13
9
16
14
1
8
10
14
14
1
0
11
14
10
1
7
8
8
11
0
13
16
8
9
16
9
10
11
10
6
15
0
10
10
11
