7
16
13
6
15
11
13
14
0
1
6
14
15
14
14
10
6
0
7
9
16
11
13
10
7
15
16
15
8
11
6
1
13
0
15
9
6
6
14
8
7
9
15
11
15
7
8
16
9
14
13
16
14
8
14
15
7
8
9
11
15
7
8
8
10
6
10
15
13
11
11
9
15
0
15
13
13
9
9
1
13
14
6
10
11
1
7
7
15
1
11
9
8
8
8
15
16
11
11
16
8
15
13
6
15
1
8
0
15
10
10
10
14
14
9
14
10
11
16
15
6
13
10
0
10
14
15
13
1
9
1
6
9
11
13
7
10
15
10
10
11
13
14
7
16
0
13
10
16
14
14
10
15
9
7
1
0
10
6
1
1
0
15
15
0
1
1
14
16
15
6
7
10
0
15
7
13
11
9
6
16
10
14
15
1
11
6
9
7
0
13
16
14
10
9
9
1
1
15
1
8
6
13
7
16
14
9
0
9
11
8
10
7
6
11
15
11
9
15
8
15
0
15
11
6
0
11
1
7
16
6
8
11
8
10
15
0
16
10
10
9
13
7
14
8
11
16
9
9
10
11
14
16
10
6
0
15
15
15
15
14
11
0
16
8
14
8
11
14
13
13
14
14
1
14
14
11
9
13
9
1
16
13
7
13
11
16
7
16
11
6
13
1
14
7
16
11
10
1
15
9
16
13
