15
14
9
11
15
13
16
0
10
9
16
7
15
8
0
15
15
6
14
13
15
11
14
13
13
15
16
15
8
11
8
6
14
13
16
16
6
13
15
13
11
6
0
15
15
16
8
16
10
10
11
15
9
7
9
15
6
16
16
7
15
1
6
10
10
8
16
16
10
10
11
13
16
16
16
9
15
10
11
13
10
7
10
14
13
11
7
11
15
1
14
11
1
13
16
8
16
11
11
7
15
9
14
1
11
1
10
11
11
14
14
15
14
13
1
7
11
13
15
11
0
15
7
0
1
11
14
14
16
9
13
6
11
11
16
14
9
1
7
15
6
16
14
15
7
10
13
15
16
0
10
15
0
1
0
16
10
13
6
7
11
0
15
6
14
8
13
6
16
15
8
13
0
15
0
7
9
10
7
13
0
14
13
16
15
0
15
16
11
11
11
16
14
10
9
16
9
14
16
14
14
11
10
1
8
14
16
9
14
11
15
14
15
11
11
15
6
0
16
6
10
0
15
8
10
6
8
1
16
14
7
1
7
9
0
1
16
16
14
15
10
6
15
13
15
14
14
9
6
11
7
15
8
16
6
11
14
15
13
8
14
11
8
9
13
14
13
11
13
14
14
14
13
6
14
16
7
13
10
10
10
0
1
9
6
0
0
16
14
10
15
13
15
6
0
16
10
10
1
11
11
11
10
