15
6
6
11
0
0
16
11
10
14
14
1
0
7
6
7
16
14
6
16
11
13
11
16
11
8
10
7
16
8
14
14
16
6
8
13
14
9
16
6
14
16
11
9
8
9
14
6
10
6
14
9
1
13
13
10
1
14
0
11
6
9
11
15
13
16
10
7
8
7
15
1
13
15
6
10
9
16
11
14
7
9
10
11
0
6
1
11
16
14
9
15
10
14
14
11
11
15
7
6
8
11
16
7
7
13
10
10
6
11
13
10
16
13
14
9
13
9
9
16
16
11
13
13
0
13
15
16
0
11
7
11
7
1
7
8
14
10
0
11
15
8
6
9
7
13
16
1
16
13
6
0
9
15
6
8
7
0
15
11
11
8
14
15
11
8
6
13
6
0
10
9
13
6
15
7
11
6
14
15
6
9
1
0
9
13
11
10
6
7
7
8
14
9
13
0
14
15
16
15
14
7
1
14
6
10
16
16
14
1
11
1
0
7
7
10
13
6
0
15
7
9
15
14
0
7
7
14
1
0
0
0
6
16
13
10
13
10
1
8
10
16
8
11
14
7
9
10
13
0
16
16
16
7
14
7
6
8
16
16
15
7
8
8
9
13
6
10
1
9
16
14
0
8
10
8
1
1
6
11
14
10
10
0
10
1
11
8
13
16
10
13
9
7
10
14
13
6
13
0
10
10
11
