6
10
1
1
6
8
6
14
10
14
8
11
14
13
11
1
13
14
9
8
6
10
6
8
9
1
0
6
14
14
9
10
11
9
15
14
16
11
0
0
11
13
1
16
14
11
0
8
6
6
15
16
14
10
16
7
11
11
14
16
13
1
0
7
15
13
15
6
7
15
7
1
16
15
9
13
6
14
16
9
11
1
0
1
11
13
6
14
9
7
14
14
0
16
13
15
14
10
6
11
11
14
11
7
7
1
11
14
13
7
6
13
8
13
9
8
7
6
0
6
10
7
6
16
9
13
14
15
8
6
15
11
7
15
16
6
8
1
16
6
13
14
10
14
15
9
9
14
11
11
15
10
9
6
10
10
10
11
16
6
8
0
15
16
13
0
16
8
1
16
10
9
16
14
6
13
7
13
11
8
9
9
1
14
6
10
8
8
9
16
10
8
0
14
10
6
15
1
13
6
15
14
0
14
10
7
16
14
15
14
11
13
10
10
14
16
14
14
0
8
7
11
0
16
10
7
13
6
8
14
9
10
8
13
0
7
0
14
13
0
1
16
9
14
14
14
6
1
14
7
14
6
10
15
7
15
7
15
16
10
7
14
15
11
1
1
13
11
14
8
15
1
8
14
1
16
9
15
13
13
13
1
0
8
10
15
14
9
16
13
6
6
0
10
6
10
10
10
11
11
6
1
15
