1
10
0
11
9
16
8
15
1
11
6
9
15
8
14
14
9
10
8
10
7
9
10
13
14
0
9
11
16
8
8
11
13
0
14
1
0
1
11
8
0
14
9
14
0
11
1
15
13
11
7
16
11
6
14
6
6
7
16
11
9
7
1
10
11
14
7
11
8
6
11
13
1
0
13
13
6
16
1
6
7
14
1
14
6
7
0
11
7
16
11
14
10
16
1
16
15
9
11
16
14
7
9
15
13
1
13
13
13
13
7
10
10
6
15
15
7
14
16
16
11
1
7
11
0
15
13
8
1
0
1
10
7
1
7
14
0
11
14
14
13
15
15
10
15
11
7
11
13
14
11
15
6
13
0
16
6
14
15
0
10
0
16
14
8
0
8
15
13
6
14
10
1
16
0
0
10
11
15
15
16
13
10
6
16
6
7
13
11
0
1
6
11
1
16
16
1
1
9
16
6
6
16
9
0
10
16
1
11
14
14
15
8
8
1
1
8
10
9
1
9
0
15
1
15
14
7
16
13
6
15
6
15
11
10
16
9
14
14
6
13
13
6
15
11
11
7
8
11
7
9
6
11
15
14
8
15
8
14
11
11
11
13
8
15
14
9
10
11
15
7
10
11
13
6
15
1
6
1
15
0
14
10
0
10
0
15
9
1
16
7
16
9
8
7
16
0
0
8
0
15
16
15
