15
6
8
14
11
15
8
9
6
14
14
9
0
7
15
10
13
0
6
14
11
13
8
6
11
8
0
15
15
8
1
13
10
0
15
10
7
15
13
15
10
6
13
13
10
6
14
9
10
7
13
1
6
13
13
7
10
7
0
11
6
10
1
15
13
16
6
7
11
1
15
1
14
14
8
11
13
7
0
6
7
15
1
11
15
10
1
11
8
10
0
15
7
9
14
13
9
14
0
8
14
6
16
10
14
13
10
11
6
14
13
0
11
13
14
9
13
7
13
16
16
9
13
11
9
9
15
16
6
11
7
8
10
9
13
8
14
7
10
13
1
0
15
14
10
6
11
1
10
1
6
0
0
6
6
13
7
0
16
11
13
13
10
15
0
10
1
13
0
14
6
9
8
6
15
1
13
6
16
7
10
0
1
0
15
15
16
16
14
7
16
11
14
10
1
16
15
15
7
10
14
14
0
14
16
10
1
16
8
15
13
9
7
14
8
14
7
6
8
14
0
0
14
10
15
0
7
7
14
14
9
6
6
16
1
10
10
15
1
8
16
7
7
11
14
13
9
14
7
0
0
16
16
7
14
13
15
8
16
14
8
14
0
1
13
1
6
16
6
14
16
0
0
11
10
14
13
11
6
11
14
16
10
11
15
11
16
14
13
14
10
13
14
11
10
14
6
6
14
0
1
14
11
