15
6
15
10
7
16
16
7
9
14
0
7
7
6
6
7
0
11
9
1
16
11
7
16
11
11
14
13
13
8
13
6
1
13
0
13
15
13
13
14
14
16
1
11
8
9
9
6
15
6
14
1
1
6
7
1
13
10
0
15
13
9
11
9
11
16
10
7
13
11
8
14
14
1
14
8
9
7
0
6
7
15
10
8
14
16
7
14
8
14
9
15
10
9
14
1
8
15
7
6
8
16
16
15
14
15
10
10
7
0
13
7
11
13
14
1
6
1
9
16
16
15
16
11
9
1
1
16
14
11
6
11
6
0
16
14
9
9
16
11
15
8
13
13
6
10
16
13
16
13
6
13
9
14
7
16
7
0
6
11
16
8
10
7
15
15
1
15
7
0
14
1
13
10
10
7
13
0
1
15
6
11
1
16
9
7
11
11
11
14
7
0
6
16
11
9
1
15
10
15
14
14
0
14
0
10
9
1
8
7
11
1
8
11
11
14
6
1
0
1
9
1
15
6
13
0
7
14
14
0
11
7
16
16
6
10
10
16
1
7
1
7
10
11
14
16
16
10
9
0
9
7
10
11
14
10
13
8
8
11
8
7
14
10
9
6
8
6
1
9
13
15
14
14
10
15
11
10
16
11
14
6
10
7
14
1
11
1
15
16
8
13
14
13
8
13
1
6
14
0
9
10
1
