10
1
1
13
8
0
7
15
14
11
0
7
13
10
9
8
15
11
7
10
1
13
14
11
11
15
13
9
0
16
0
7
16
11
15
13
1
0
16
15
13
16
14
7
13
16
9
1
15
6
14
0
10
7
7
0
14
14
15
11
10
9
1
15
16
9
6
15
11
11
9
0
11
8
10
10
15
10
10
9
13
11
10
7
13
13
7
15
0
8
9
15
14
11
11
1
8
14
7
6
13
16
11
8
14
0
1
11
13
13
14
7
6
0
14
9
15
15
7
16
16
7
14
14
13
1
1
0
16
15
10
11
6
14
11
11
14
11
14
11
13
8
14
6
6
13
16
11
16
13
6
0
8
11
9
8
7
16
6
11
14
8
10
14
0
15
13
11
6
1
7
1
11
10
15
7
13
15
13
15
7
11
8
10
16
10
11
16
10
15
7
11
6
1
13
9
14
15
8
11
10
11
0
6
0
10
9
1
1
7
10
7
8
1
7
16
8
16
0
13
14
16
14
6
6
10
8
14
14
15
9
7
10
14
7
10
10
15
9
8
16
16
8
11
14
10
6
10
13
1
8
16
16
6
0
16
11
10
6
9
0
7
10
8
16
14
0
15
1
9
14
14
7
8
14
11
13
10
6
11
1
10
10
7
14
1
11
1
6
16
11
13
14
9
8
13
10
11
9
0
10
10
11
