0
11
13
14
15
13
13
14
7
15
16
1
15
14
0
10
10
0
11
9
16
11
13
10
7
15
16
15
7
11
10
0
13
0
14
9
6
11
15
8
16
9
16
6
15
7
8
7
9
8
13
16
14
7
14
15
15
8
9
11
10
7
8
8
7
11
14
0
13
6
0
1
14
14
7
13
15
7
11
1
7
14
6
10
11
1
7
6
15
1
13
8
8
8
6
15
16
11
11
16
15
15
11
6
10
15
0
15
9
6
8
6
11
0
1
7
11
14
16
15
6
13
8
6
8
11
11
9
15
10
1
11
14
11
13
7
0
15
9
11
11
13
7
7
10
0
13
10
9
9
11
9
15
9
7
1
0
11
8
1
7
13
15
15
1
1
1
14
16
15
8
15
10
0
15
7
13
11
1
13
16
14
11
1
1
11
14
9
8
0
9
6
14
10
11
1
1
6
15
16
13
6
13
11
16
14
16
0
11
15
8
10
14
6
15
15
14
9
15
8
10
0
15
9
7
7
11
1
7
16
16
1
11
6
10
8
14
16
7
10
9
11
7
14
1
7
8
15
6
15
13
10
0
14
6
9
10
15
0
15
14
11
1
16
0
14
13
11
10
11
6
14
14
7
11
0
11
6
10
14
11
16
15
7
9
8
16
7
16
11
15
16
15
1
7
16
11
10
1
15
9
11
15
