15
14
9
11
15
11
16
14
10
9
16
7
15
8
11
10
6
6
14
13
16
11
14
11
13
8
16
15
8
11
8
6
14
13
16
16
6
13
0
13
11
16
0
15
15
16
8
16
10
10
11
15
15
7
10
15
7
1
16
7
15
11
6
8
7
1
14
9
10
10
16
13
16
16
1
9
15
10
11
13
10
13
0
1
13
13
11
6
15
15
14
15
14
13
8
11
16
11
8
7
15
16
14
1
15
1
10
11
11
14
14
6
14
11
1
7
7
13
6
11
0
15
11
0
1
11
14
14
14
9
13
6
11
11
16
14
14
7
14
15
11
16
14
15
0
10
13
15
16
16
1
16
0
1
16
16
10
13
15
7
8
0
15
6
16
8
13
0
16
15
10
13
1
0
0
7
9
14
16
9
0
14
13
1
15
6
15
9
8
11
15
16
1
10
9
16
7
14
16
14
14
10
10
11
8
14
16
0
11
0
10
0
15
11
11
15
0
8
16
6
15
0
15
15
10
7
8
7
16
14
7
1
7
6
10
15
11
16
14
15
10
6
15
13
15
16
15
9
6
11
7
15
8
16
6
11
14
15
13
6
9
11
8
15
13
14
0
11
13
14
14
14
7
1
11
15
11
8
10
10
15
0
1
9
1
0
0
7
14
10
15
13
15
1
8
16
11
10
1
11
11
11
10
