6
16
10
11
6
8
11
8
15
1
8
6
7
7
13
8
13
7
9
7
15
10
9
16
9
1
0
9
14
1
9
10
7
10
13
14
13
11
16
14
0
14
13
14
16
6
0
8
11
6
15
8
14
10
6
6
11
11
14
9
8
10
14
6
6
13
15
8
13
1
14
6
14
15
9
14
1
11
1
14
13
16
11
6
11
9
13
15
14
7
10
13
13
1
13
13
1
8
13
0
16
14
14
7
16
10
10
14
13
7
13
11
8
0
6
8
7
15
10
6
10
14
1
8
1
15
9
11
6
13
15
1
6
1
7
15
11
11
15
11
13
16
10
14
15
9
11
11
11
11
16
10
9
6
11
13
7
11
16
6
1
16
15
11
14
9
13
8
0
16
10
9
0
14
9
13
6
10
14
10
11
9
11
16
6
10
13
7
0
10
14
8
9
14
16
7
13
1
13
6
8
13
11
14
10
9
16
0
8
16
11
13
1
10
16
0
14
14
14
0
7
0
0
13
9
14
15
6
8
9
9
15
16
13
0
14
0
14
15
7
14
6
6
14
11
13
6
13
14
10
9
1
15
0
9
15
7
15
11
10
14
1
8
15
11
6
13
10
8
8
14
10
0
6
16
8
13
15
13
15
13
6
8
8
10
13
7
9
8
1
6
10
13
10
9
9
13
6
11
6
10
6
1
