15
8
6
11
10
6
16
9
9
14
14
7
14
7
6
7
7
11
16
0
0
13
8
16
11
8
0
0
9
14
14
13
16
6
13
0
14
9
13
13
14
16
1
11
8
9
13
6
14
9
10
9
1
13
8
10
8
14
0
11
6
11
0
10
13
16
16
7
16
11
0
1
13
16
14
10
9
7
0
0
6
15
14
1
15
6
1
1
8
11
9
15
10
9
10
6
11
15
0
6
8
11
11
7
7
6
10
10
6
14
0
10
11
1
0
9
13
9
9
16
16
15
8
11
10
14
15
16
14
11
7
11
6
0
7
8
1
0
16
14
13
7
1
9
7
6
11
1
0
16
15
13
9
15
6
9
11
10
16
11
11
8
10
7
0
15
11
11
6
0
13
9
13
8
0
14
10
7
1
14
6
9
14
0
9
16
16
11
13
10
11
9
16
14
1
9
14
15
16
15
0
7
0
14
16
11
16
1
14
16
6
1
0
11
11
14
6
6
0
1
6
1
15
6
13
10
9
14
14
0
9
6
16
16
8
10
16
15
0
8
1
16
8
11
14
13
1
10
13
0
14
16
16
7
16
0
6
8
13
14
15
16
14
1
6
13
11
10
1
9
16
14
0
8
10
14
10
9
6
7
14
0
10
10
10
1
11
1
13
16
8
0
14
13
11
13
10
6
14
0
10
10
11
