1
10
0
11
14
16
1
14
1
11
1
14
7
14
1
11
9
9
8
10
16
9
0
13
14
0
16
6
14
8
8
1
13
6
14
1
0
13
8
8
8
14
9
1
15
7
1
16
13
14
1
16
11
6
14
6
11
7
16
11
9
7
1
1
6
11
15
16
8
6
1
1
11
0
13
11
6
13
1
10
13
14
1
14
6
7
0
10
7
16
14
8
9
8
14
16
15
14
11
16
14
9
10
15
15
1
13
13
13
13
7
7
10
10
15
0
7
14
16
10
11
1
0
11
11
11
13
6
15
16
1
10
7
6
7
15
0
11
14
14
13
15
14
16
15
13
16
11
1
1
15
15
16
1
0
9
6
14
15
0
1
0
15
8
8
0
8
15
11
6
14
10
1
9
15
7
8
11
15
6
16
13
10
13
16
14
7
13
11
1
1
15
11
1
16
6
1
1
9
16
1
6
16
9
0
10
9
1
11
14
14
15
6
6
14
1
8
16
9
1
9
14
15
1
15
9
7
8
11
6
15
16
10
11
7
16
9
14
14
6
1
13
7
15
14
11
7
11
11
7
11
6
11
10
14
9
8
8
14
11
16
11
13
14
15
14
15
15
11
15
7
14
14
8
6
15
1
6
1
15
0
10
13
6
13
0
16
9
9
16
7
16
8
8
7
16
0
0
9
16
15
16
14
