15
7
6
16
7
6
7
14
1
7
14
7
15
16
7
7
15
11
8
7
11
9
14
16
11
16
13
7
8
6
1
13
14
0
1
8
0
10
11
13
10
11
1
10
1
9
9
6
6
6
14
6
11
13
13
10
6
14
0
7
8
16
10
9
13
13
16
11
9
0
7
9
11
8
6
10
6
1
0
6
6
7
7
1
11
6
15
13
15
11
10
15
6
14
13
15
8
13
7
7
8
11
15
9
16
1
14
16
7
13
0
13
14
10
14
0
1
9
9
7
16
0
13
8
14
13
7
16
1
11
7
14
15
14
7
8
14
0
13
6
16
10
6
14
7
9
6
1
11
14
9
0
9
15
6
8
13
15
10
11
11
10
10
15
16
14
14
6
6
7
13
6
10
1
11
11
15
0
15
8
8
9
8
9
13
14
14
9
14
14
1
11
6
9
9
8
13
15
10
9
14
7
13
14
7
11
16
9
7
15
16
11
16
14
13
14
8
6
0
16
16
9
1
14
1
13
7
15
9
16
16
6
15
16
7
9
10
9
15
0
1
15
8
11
0
16
11
8
14
14
10
15
16
11
13
8
6
8
1
8
14
14
0
6
10
13
6
11
10
15
10
15
9
8
6
6
13
1
8
11
14
10
13
9
10
1
11
8
6
7
10
8
0
13
8
16
16
7
14
0
13
14
16
