16
16
13
14
15
11
13
14
7
6
16
7
15
1
7
9
10
6
8
13
16
11
13
10
7
7
16
15
8
11
6
6
6
13
13
16
9
8
9
13
14
9
15
14
15
16
11
7
10
13
11
16
15
7
14
15
7
8
9
15
15
16
15
8
7
11
16
0
7
6
11
11
13
9
10
13
15
9
9
1
9
13
6
10
13
1
7
6
15
1
14
10
14
13
14
13
16
11
11
7
15
15
13
6
15
1
1
1
9
14
7
0
14
13
1
7
10
13
16
10
6
15
11
9
1
11
14
14
14
9
1
11
7
14
16
7
0
15
10
7
11
13
14
7
16
10
13
10
1
14
10
7
15
14
0
11
10
11
13
7
7
0
15
6
0
0
14
14
16
16
10
16
1
0
15
7
13
11
7
13
16
14
6
1
13
14
15
9
7
1
15
16
14
10
9
9
9
14
16
14
14
6
13
1
1
14
16
0
16
11
14
1
7
6
11
15
6
6
11
8
15
0
15
11
10
7
15
1
7
13
7
1
11
8
10
15
0
16
14
1
9
14
15
6
15
15
16
16
9
11
1
9
0
16
6
13
11
15
13
0
14
11
9
16
13
14
8
11
13
14
14
14
7
1
6
0
11
7
10
14
7
1
1
9
9
8
6
7
11
11
7
13
13
6
16
16
11
7
1
11
11
16
10
