0
16
13
14
15
11
7
14
7
15
16
14
15
11
13
10
0
14
7
9
16
11
13
10
11
15
16
9
11
11
16
11
13
14
15
9
6
11
15
16
7
9
15
11
15
16
11
16
9
14
13
16
10
7
14
15
7
14
9
11
15
0
14
1
15
11
9
0
13
6
11
8
14
0
7
16
15
9
8
8
11
14
6
10
11
1
7
6
15
1
14
11
8
8
8
15
16
11
11
16
15
15
14
6
15
1
6
16
9
8
16
6
14
0
1
14
10
14
16
10
6
13
8
9
7
6
11
14
11
7
0
6
7
13
13
7
16
14
0
15
11
9
14
7
16
13
13
10
1
14
14
7
15
1
7
7
8
8
6
7
6
0
15
15
0
7
1
14
11
11
6
1
7
0
15
7
6
0
8
6
16
14
1
13
1
11
8
9
8
0
15
1
14
10
9
9
11
1
16
1
1
6
13
7
16
15
15
0
9
11
8
10
7
6
11
15
6
9
15
8
15
0
15
0
10
7
13
13
8
14
6
1
13
8
10
15
16
16
11
1
15
6
16
14
8
1
16
7
9
0
8
14
16
10
6
9
15
14
15
15
14
11
0
16
13
1
8
11
13
7
9
11
14
14
10
0
13
6
14
9
1
14
13
0
9
8
15
7
14
11
13
13
15
16
9
16
11
11
14
11
9
16
15
