15
1
8
16
11
14
13
0
1
7
14
7
15
8
6
11
16
11
15
16
1
7
14
16
0
16
13
16
8
14
1
10
10
0
14
7
9
15
6
6
9
13
1
11
6
7
13
16
10
8
14
0
7
13
13
13
6
6
0
8
9
16
14
16
9
9
9
11
16
0
7
13
8
0
13
16
6
0
0
6
6
15
7
1
8
1
8
0
15
11
15
15
6
16
10
1
10
13
6
16
8
11
15
9
16
8
11
16
7
11
0
1
14
7
14
1
1
9
9
11
16
11
13
0
14
13
7
16
14
11
14
14
15
14
8
8
9
15
13
6
16
16
7
14
14
0
14
14
14
14
1
0
9
11
1
8
13
13
1
16
13
10
6
15
16
0
16
10
13
7
16
15
13
1
10
11
6
1
14
1
8
9
8
6
16
14
14
9
10
11
9
11
6
9
6
8
0
15
15
9
9
1
10
13
6
11
16
9
7
15
0
15
11
14
11
11
16
15
0
16
1
9
1
14
1
13
7
15
7
0
1
11
14
8
7
13
10
9
9
16
11
15
15
13
1
16
11
8
11
14
15
0
7
7
13
1
6
10
6
8
0
8
0
7
1
6
1
11
10
9
15
7
9
6
11
1
15
8
8
0
15
10
10
9
6
6
16
8
10
11
0
13
0
10
9
13
8
11
14
16
10
13
11
