15
16
16
14
15
11
13
7
10
6
14
7
14
0
8
15
0
9
16
13
15
6
14
10
13
9
16
15
8
11
6
10
14
13
11
16
11
16
15
10
11
15
16
6
15
11
8
6
10
9
11
15
15
16
10
6
7
8
9
15
15
11
9
8
15
1
16
10
10
8
11
11
14
9
1
13
15
9
11
11
10
13
11
10
13
11
7
6
15
6
14
15
14
13
15
7
16
11
11
0
15
16
8
1
15
6
1
10
11
14
16
6
14
13
1
7
14
13
13
10
0
15
10
9
11
11
10
9
14
9
16
13
11
11
16
14
14
14
10
15
11
16
14
7
16
10
13
15
1
8
1
7
10
6
9
11
10
13
13
7
8
15
15
6
10
0
13
0
16
15
10
13
7
0
14
7
13
11
15
9
6
14
15
1
13
14
15
14
8
7
11
16
6
10
15
9
14
14
16
14
10
6
10
1
8
14
16
0
1
11
10
0
7
6
11
15
8
9
16
8
15
0
15
15
15
1
8
1
1
13
0
1
7
8
13
13
11
16
14
15
10
6
15
13
11
7
16
9
8
11
7
9
10
16
15
9
14
15
13
11
14
11
0
16
13
16
0
11
11
14
14
15
7
13
11
1
15
0
16
14
1
1
7
9
0
0
0
7
16
11
15
13
6
6
9
16
11
10
13
11
11
16
10
