7
10
16
0
14
6
10
14
8
11
1
14
7
14
10
0
6
9
6
10
16
7
13
10
8
10
8
6
14
15
8
1
13
6
14
0
16
11
15
8
7
14
9
13
15
14
6
10
13
14
10
16
6
6
10
1
11
7
16
11
9
7
0
8
8
11
6
16
8
6
1
1
11
0
14
11
6
13
1
16
13
14
15
10
14
1
8
14
7
16
8
8
13
8
9
16
16
14
11
16
14
15
13
15
14
1
13
8
8
13
7
15
14
10
15
7
7
14
13
14
6
11
16
11
8
16
13
6
15
8
7
6
7
14
9
15
0
9
11
14
15
14
14
8
9
15
13
11
1
1
6
15
16
15
14
16
6
8
15
1
7
0
7
8
8
0
8
14
11
6
0
10
6
13
15
10
8
11
0
13
16
13
11
13
9
14
0
15
13
0
11
15
13
1
16
6
1
1
9
16
1
6
0
9
0
8
9
10
11
0
14
9
11
8
14
1
8
16
15
1
9
11
15
1
15
7
11
8
7
7
16
14
13
11
7
16
9
7
13
10
13
8
7
16
16
8
6
11
7
7
11
7
11
10
14
9
8
9
15
9
16
13
16
16
15
14
15
15
6
7
8
14
13
13
6
15
1
6
9
6
1
8
13
6
13
13
15
7
9
14
7
7
13
8
7
16
11
11
0
16
15
16
6
