15
7
6
0
14
0
16
11
9
14
14
7
7
9
6
7
16
11
16
15
11
13
8
7
11
8
11
7
0
14
0
10
11
6
15
14
1
9
13
6
16
16
1
10
8
9
0
8
14
0
16
10
1
13
11
16
8
13
13
11
6
11
14
13
6
16
10
7
9
0
15
7
13
16
9
10
14
9
0
7
1
15
15
1
15
6
0
15
8
10
9
15
11
9
15
14
14
8
15
6
14
0
6
6
14
13
10
7
13
14
9
11
16
13
14
9
13
9
13
16
16
15
13
11
8
0
15
9
15
11
7
11
6
0
16
13
11
0
1
15
13
16
9
9
11
0
11
1
0
1
11
10
0
0
14
6
14
11
16
11
11
13
10
7
16
15
1
1
6
0
13
1
13
6
15
7
13
7
1
8
1
9
16
0
8
10
11
11
6
11
7
15
14
14
1
10
14
1
16
15
14
7
0
14
16
10
16
1
7
10
11
10
15
11
7
14
6
6
0
1
6
15
15
6
6
10
15
11
14
0
9
6
16
16
8
8
16
15
0
8
1
16
8
11
7
10
9
8
13
0
11
16
11
14
8
0
6
8
16
14
0
7
8
8
8
0
11
1
13
16
16
13
0
8
10
7
16
1
6
7
14
15
13
8
10
1
11
1
15
1
8
13
7
13
10
7
9
6
14
16
16
10
11
