9
8
8
7
8
0
1
11
10
8
10
0
7
9
7
1
10
11
6
6
8
7
13
6
6
16
16
11
1
13
0
0
8
1
8
0
6
15
13
10
13
0
14
6
14
8
16
16
10
10
16
1
8
16
15
0
9
7
1
11
15
14
1
13
7
10
0
0
16
10
6
1
9
0
7
15
10
9
13
1
7
6
15
0
7
9
11
0
8
7
9
6
1
10
8
15
7
1
0
16
8
9
1
9
0
6
6
13
13
11
7
13
9
0
0
1
8
9
14
13
8
8
8
13
16
10
8
6
6
0
16
9
7
16
16
16
8
16
11
0
9
6
9
7
7
16
16
0
14
15
11
13
16
15
8
0
9
10
8
15
9
8
8
15
0
1
6
7
9
15
11
7
6
11
11
9
10
13
15
16
0
15
9
10
0
13
7
9
15
1
9
0
15
8
15
15
13
15
10
6
16
14
16
0
8
10
14
6
8
6
9
1
7
11
1
16
11
7
9
7
1
13
14
15
9
1
9
8
11
13
16
15
0
15
14
10
10
0
8
8
8
6
6
11
9
1
11
0
16
14
9
0
11
15
13
9
0
13
14
10
13
0
7
9
8
9
13
1
15
6
15
13
14
16
0
6
0
7
6
11
14
6
7
10
1
11
1
0
0
7
16
8
14
10
7
9
0
0
0
14
11
6
11
