15
16
9
11
15
11
16
14
10
9
16
7
15
8
8
15
7
6
8
13
16
11
14
11
13
8
16
15
8
11
8
6
14
13
16
16
6
13
0
13
11
16
0
15
15
16
8
16
10
10
11
15
15
7
10
15
7
8
16
7
15
11
6
8
7
1
16
9
10
10
11
13
16
16
1
9
15
9
11
1
10
13
13
10
13
11
7
6
15
1
14
15
14
13
8
11
16
11
11
7
15
16
1
1
15
1
1
11
11
14
14
6
14
13
1
7
11
13
6
11
0
15
11
0
1
11
14
14
14
9
13
6
11
11
16
14
14
15
14
15
11
16
14
15
7
10
13
15
1
0
1
15
0
1
0
16
10
13
15
7
8
0
15
6
0
0
13
16
16
15
10
15
1
0
0
7
9
11
7
9
14
14
13
1
15
14
15
9
8
11
11
16
14
10
9
16
13
14
16
14
14
6
10
1
8
14
16
0
14
11
10
0
15
11
11
15
6
8
16
6
15
0
15
15
10
7
8
1
16
14
7
1
7
6
10
15
9
16
14
15
10
6
15
13
15
14
15
9
6
11
7
9
8
16
6
11
14
15
13
6
14
11
0
9
13
14
0
11
13
14
14
14
7
1
11
1
11
8
10
10
15
0
1
9
1
0
0
7
14
10
15
13
15
1
0
16
11
10
1
11
11
11
10
