0
16
10
14
10
11
7
14
16
15
16
13
15
1
0
10
10
0
8
8
16
11
13
10
7
7
16
15
8
11
14
1
13
0
6
9
9
8
15
8
7
14
15
11
15
16
8
16
9
14
13
16
7
7
14
1
16
8
14
6
15
7
8
8
14
11
16
13
7
6
11
14
14
0
1
13
15
9
9
1
7
14
11
10
1
1
7
6
15
1
14
8
11
13
8
14
16
14
11
6
15
15
15
6
15
1
1
8
9
14
14
10
14
16
1
0
10
14
16
10
6
13
11
9
8
11
15
1
1
9
1
6
7
11
13
7
11
15
0
15
11
13
14
7
16
11
16
10
15
14
6
7
15
1
0
1
10
11
13
1
7
15
15
6
0
1
14
14
14
15
9
16
16
7
15
1
1
11
8
13
16
14
11
10
13
11
11
9
15
11
15
16
14
16
9
9
1
14
16
1
1
6
13
11
16
11
10
0
11
11
8
10
7
6
11
15
6
9
15
8
15
0
9
11
10
7
11
1
7
16
6
1
11
8
10
15
0
16
13
10
16
6
7
13
1
7
16
9
9
7
11
9
16
10
6
16
11
15
8
15
16
11
8
16
13
14
8
9
14
14
15
14
14
1
6
7
1
6
10
9
1
16
1
15
14
8
16
7
16
11
15
16
9
6
16
16
11
7
1
11
9
16
15
