15
16
16
14
15
11
13
14
10
6
14
7
14
6
8
15
10
6
8
13
15
6
14
10
13
9
16
15
8
11
6
10
14
0
16
16
11
16
15
10
10
9
16
6
15
6
8
16
10
8
11
15
15
16
10
6
7
8
9
15
15
11
13
8
15
1
16
10
10
8
11
11
14
10
1
13
15
9
11
1
10
13
13
10
13
11
7
6
15
13
14
15
14
13
6
7
16
11
11
0
15
16
13
1
15
6
1
11
11
14
16
6
14
13
1
7
14
13
13
10
0
8
14
9
11
11
14
0
14
9
16
13
14
11
16
14
14
15
1
15
11
16
14
1
16
10
13
15
1
8
1
7
10
6
9
16
10
13
13
7
8
15
15
6
0
0
13
0
16
15
10
13
1
0
14
7
13
11
7
9
6
14
15
1
13
14
15
14
8
6
11
16
6
10
9
9
9
14
16
14
14
6
10
1
6
14
16
0
1
11
10
0
10
6
11
15
8
9
16
8
15
0
15
15
10
1
8
1
1
13
15
1
7
8
13
15
0
16
14
15
10
6
15
13
11
7
16
9
8
11
7
9
10
16
15
9
14
15
6
16
14
11
0
16
13
16
0
11
13
14
14
14
7
1
11
15
15
0
10
14
1
1
1
9
0
0
0
7
16
11
15
13
15
6
9
16
11
10
1
11
11
16
10
