16
11
13
16
7
13
11
14
10
6
11
10
10
9
7
14
11
6
8
14
14
16
1
8
11
15
15
0
15
0
11
16
11
7
10
15
6
7
13
13
6
0
15
7
0
16
8
9
16
11
7
7
13
9
7
10
6
9
14
8
10
11
1
13
6
16
0
13
7
9
6
13
8
14
1
7
11
8
13
8
14
15
15
13
10
9
7
9
13
9
1
1
6
6
7
11
11
0
14
15
6
15
13
11
7
8
0
16
13
11
6
6
15
13
13
7
10
6
7
14
9
7
14
1
14
9
13
1
15
8
0
7
8
13
0
1
9
13
13
14
13
6
0
1
11
7
14
10
15
9
8
11
8
15
9
7
1
13
7
13
1
16
15
11
1
8
8
11
1
8
9
15
8
10
9
11
15
9
14
8
0
6
8
7
13
8
7
10
11
16
1
0
13
11
9
14
11
9
0
11
6
0
6
6
11
13
1
10
15
11
7
10
9
10
7
10
16
16
6
15
9
1
15
15
14
9
8
0
10
7
1
13
11
7
16
0
8
15
11
14
14
6
16
6
0
14
1
7
15
0
13
0
15
8
16
14
6
15
8
8
7
7
6
16
14
15
11
10
13
16
10
1
8
8
8
1
8
10
6
16
11
14
7
16
9
11
16
0
7
11
11
7
6
6
9
1
15
0
14
6
9
13
1
