15
14
0
6
6
7
15
15
13
13
14
7
7
7
13
7
8
11
8
0
16
13
10
16
11
8
15
14
9
8
1
13
11
13
16
11
14
10
13
7
15
16
16
9
0
9
9
10
14
7
14
9
1
1
13
10
6
14
0
7
0
7
11
1
13
1
16
7
11
15
15
1
7
9
8
10
0
1
0
14
7
15
10
10
15
6
0
11
8
11
6
15
7
9
14
6
14
15
14
9
13
9
16
7
14
13
8
10
6
11
7
7
11
16
14
9
13
1
6
16
6
15
13
11
13
13
11
16
14
14
11
11
14
0
7
8
14
0
16
16
13
8
6
1
7
6
11
1
16
1
9
9
9
8
0
8
7
0
16
11
11
6
10
1
0
8
1
15
0
6
13
9
7
6
15
11
0
11
1
15
10
9
1
8
7
10
11
16
11
7
9
16
14
9
10
9
14
15
1
15
14
7
0
14
14
9
14
16
6
16
8
1
6
8
14
14
6
9
8
13
16
1
15
14
13
6
7
14
13
9
9
0
16
16
7
7
15
15
0
14
1
14
13
11
14
6
13
6
13
9
16
16
16
7
6
1
6
9
15
14
9
7
8
1
6
15
11
10
1
9
16
6
0
8
8
8
0
11
1
11
14
10
10
15
10
13
11
8
1
11
10
6
16
8
8
14
9
0
8
0
10
16
11
