16
8
8
9
9
8
10
16
8
6
9
14
13
1
6
13
8
15
9
9
15
6
14
15
16
14
13
8
13
7
10
1
7
14
16
11
15
8
1
11
16
9
6
16
8
10
15
9
14
14
10
11
0
7
15
10
11
8
16
8
13
16
11
1
6
16
1
0
11
13
16
1
7
1
14
14
6
7
6
14
1
8
9
15
15
15
13
7
13
9
8
11
14
7
15
0
16
7
13
13
10
6
16
8
10
15
15
11
13
13
6
11
7
13
10
7
1
6
0
6
6
7
16
0
7
7
0
13
13
1
10
16
9
8
16
1
1
6
8
15
14
7
13
10
6
6
11
0
15
1
9
11
7
11
11
8
16
7
10
0
11
16
11
6
14
11
8
13
15
7
14
7
13
1
11
7
6
16
11
6
9
1
6
15
13
15
14
0
9
11
0
10
14
8
7
7
6
16
0
10
13
14
14
1
11
15
10
11
15
1
7
8
15
15
13
0
7
11
13
11
8
8
11
8
0
13
11
9
0
1
16
16
9
14
8
10
1
15
6
16
13
1
8
0
7
8
9
7
11
14
13
7
15
7
14
13
6
9
11
7
13
1
10
1
11
10
8
11
8
16
1
8
1
7
11
1
16
6
15
9
0
7
9
16
13
10
9
1
1
14
15
6
14
7
16
15
11
14
16
10
1
16
1
