16
16
13
14
15
16
6
15
16
15
16
13
15
14
0
10
10
0
11
9
16
11
14
10
7
15
16
15
6
11
10
1
15
0
10
11
6
11
15
8
7
9
16
6
15
7
8
16
9
14
13
16
14
11
14
15
7
8
9
11
10
7
8
1
7
11
14
0
9
7
11
8
14
1
7
13
15
16
14
6
7
14
6
10
11
1
7
6
15
1
13
8
11
8
8
15
15
11
11
16
15
15
14
6
10
1
8
8
13
14
8
6
11
0
1
7
11
16
13
15
6
13
8
11
1
1
11
9
1
7
1
11
14
15
13
7
0
0
9
16
11
16
14
7
10
0
13
10
9
9
15
15
15
9
7
16
0
11
8
7
7
14
15
14
0
1
1
14
16
15
8
14
1
0
15
7
13
15
14
13
0
7
7
1
1
11
15
9
16
0
0
16
14
10
10
9
7
1
15
16
1
13
13
7
1
14
13
0
6
11
8
10
14
6
15
15
6
15
10
8
10
7
7
1
10
7
11
1
7
16
15
15
8
14
16
8
0
16
7
10
9
14
7
14
8
7
8
8
6
7
7
10
0
1
0
9
9
15
10
10
14
11
14
16
0
14
8
11
8
11
15
14
14
7
11
0
0
6
10
9
11
16
10
7
9
8
16
7
16
11
15
13
15
1
7
16
11
10
1
15
9
11
16
