6
14
6
1
6
8
0
7
10
14
9
14
14
7
13
8
10
7
9
7
15
14
6
13
9
1
0
1
14
9
9
10
15
10
10
14
14
15
16
16
14
11
1
15
14
15
0
8
13
6
15
13
16
10
10
9
11
11
14
16
13
8
0
7
15
15
15
8
1
13
15
16
9
15
9
14
8
14
1
9
10
11
11
6
9
9
16
14
14
9
9
14
0
13
7
13
14
10
7
15
6
7
15
11
14
9
10
14
13
1
10
8
7
13
8
8
7
10
14
6
8
14
13
1
9
15
14
11
8
8
14
11
0
15
16
6
6
0
7
6
13
16
16
14
15
9
7
11
11
11
16
10
11
6
11
6
7
1
13
8
8
16
10
11
13
9
14
8
0
16
10
11
1
14
7
13
7
10
11
1
13
6
1
0
0
0
13
15
9
16
10
11
14
14
7
6
16
9
16
6
8
1
11
14
10
10
16
1
1
15
13
13
10
10
13
15
14
14
14
0
7
0
0
0
11
11
16
7
13
8
9
15
6
13
0
7
1
13
8
1
1
16
10
14
14
13
6
1
0
10
11
13
15
0
9
15
11
15
14
10
6
10
1
11
11
7
13
10
15
8
10
7
0
16
14
13
7
15
13
0
8
9
16
8
10
13
6
9
8
13
6
0
13
10
13
10
14
10
11
11
6
9
11
