6
15
10
1
7
6
0
11
8
10
11
7
15
15
14
16
1
0
16
14
7
14
9
0
11
0
15
8
6
10
15
15
11
8
9
16
6
13
10
11
8
6
8
11
14
13
9
11
11
11
7
15
16
16
7
7
9
13
6
7
10
15
16
1
0
1
15
10
16
9
0
15
10
9
15
7
15
11
0
8
14
15
15
16
16
8
7
13
6
6
10
6
14
13
9
1
14
16
16
13
1
15
1
11
0
9
7
8
8
11
0
10
11
7
11
0
15
15
7
13
16
0
14
13
1
9
9
14
6
16
16
11
9
10
10
7
8
10
10
9
10
7
10
8
15
16
10
6
11
15
0
8
7
9
14
8
6
0
14
7
7
14
1
16
8
0
10
16
0
6
13
11
0
14
7
10
11
0
13
7
11
13
14
14
6
7
1
15
11
7
0
15
9
1
13
14
6
0
15
13
15
16
14
13
7
11
8
6
7
6
9
6
8
9
1
13
15
6
10
9
11
16
9
16
0
11
11
10
0
0
1
13
10
0
9
8
16
15
9
16
11
8
7
14
0
13
6
7
16
7
7
13
14
7
11
7
1
9
16
10
11
14
14
16
0
1
1
8
6
1
7
9
8
10
16
1
7
16
7
8
1
15
14
15
13
15
13
1
15
10
14
9
1
7
7
10
13
6
15
13
0
0
11
