13
16
9
11
6
16
10
1
7
6
10
1
13
10
14
10
14
10
9
7
11
11
13
16
16
9
0
10
7
16
14
11
13
6
13
8
13
11
13
15
13
16
16
8
11
7
14
13
10
14
10
13
8
10
16
0
8
11
15
1
6
13
7
0
0
0
16
8
7
0
15
0
0
13
9
13
6
13
1
9
8
0
13
7
0
16
1
11
11
16
10
9
7
9
10
14
8
0
13
0
16
14
16
11
10
1
6
14
6
7
15
6
8
13
7
15
13
15
13
6
15
11
8
10
13
15
10
15
9
14
15
0
11
14
15
8
8
11
10
7
0
11
14
15
9
10
10
13
11
8
0
11
15
13
16
1
10
15
16
8
15
10
11
10
0
6
7
8
0
15
9
16
15
14
9
16
6
1
14
7
13
0
1
0
6
8
13
8
0
14
10
6
13
14
10
1
10
1
13
15
8
14
6
15
7
8
8
0
8
16
0
9
1
1
8
13
10
11
14
11
10
9
8
13
13
14
1
13
0
9
13
14
16
6
0
0
6
14
15
14
15
13
7
14
11
13
6
1
14
16
9
13
0
14
9
16
7
1
16
0
11
1
8
15
10
13
10
1
8
15
11
11
0
11
14
9
10
11
0
1
15
6
7
7
16
10
14
8
14
11
7
13
10
6
15
9
1
7
11
6
11
6
8
