6
15
14
1
0
7
13
13
7
11
6
13
8
14
0
16
9
14
9
0
16
15
8
8
14
9
1
13
15
1
7
0
15
15
10
13
8
10
11
15
15
15
14
8
7
10
9
14
1
0
6
8
15
10
11
10
7
11
1
14
9
9
13
13
7
10
8
8
11
6
9
13
9
10
6
10
6
16
8
16
8
8
0
15
14
6
15
11
0
0
6
13
14
13
10
7
10
1
8
14
10
9
8
16
15
15
1
9
7
13
13
6
11
11
9
16
9
1
0
13
1
16
13
13
13
6
14
1
14
11
11
11
8
9
1
7
9
11
0
1
16
0
16
0
11
11
13
7
15
1
7
14
11
14
6
14
7
7
8
7
1
11
6
1
16
13
8
16
11
7
1
8
16
9
8
1
9
1
6
14
6
6
11
14
14
13
11
16
10
0
1
0
14
14
16
11
6
8
8
10
13
1
1
15
13
6
10
15
13
10
13
9
16
16
14
13
0
10
16
6
6
15
14
15
1
16
6
15
13
1
9
1
14
16
8
1
11
15
14
7
6
10
15
11
0
13
14
11
6
0
14
0
9
7
7
0
10
8
10
6
10
10
0
14
0
16
10
0
0
16
13
6
16
6
9
0
13
0
15
16
1
6
15
13
10
13
10
9
1
16
0
13
9
15
16
14
0
10
11
10
0
1
11
