14
16
14
9
15
15
8
13
14
8
14
16
11
11
13
16
14
9
13
8
15
13
0
11
7
1
0
7
13
13
8
16
9
11
9
11
7
10
1
7
1
9
13
13
7
0
11
0
15
14
0
14
0
16
15
0
9
8
11
1
11
13
15
14
14
0
16
0
11
16
7
1
10
13
14
0
7
1
1
10
9
14
7
16
14
14
10
9
6
6
13
7
7
13
8
16
14
9
9
11
11
13
13
11
11
15
7
10
6
0
7
10
11
9
11
11
9
16
15
7
16
10
6
0
13
13
13
1
0
11
1
13
1
10
6
9
13
10
1
9
10
6
16
0
6
6
15
16
15
11
8
15
7
14
1
6
11
9
1
13
0
15
8
14
10
9
1
8
14
14
7
0
16
10
13
1
10
0
8
8
16
16
6
9
6
16
11
11
1
13
1
9
14
7
7
8
10
6
8
13
7
6
6
1
8
0
14
9
1
15
1
0
6
13
13
9
7
9
0
1
8
16
10
0
15
0
1
15
15
6
7
11
13
8
6
16
13
16
13
9
13
14
6
10
0
15
9
0
7
9
15
15
7
9
10
15
8
13
1
16
14
0
15
6
7
15
9
9
6
8
14
13
13
1
11
13
8
15
1
11
9
0
1
15
14
8
10
14
14
11
10
11
8
10
9
1
1
0
16
13
16
16
9
