7
13
6
9
1
15
10
14
14
11
7
14
6
7
1
13
6
6
0
10
10
7
6
10
11
0
8
6
14
15
13
13
16
6
15
0
16
11
6
13
7
9
0
13
15
6
6
16
15
14
13
16
6
6
10
7
11
11
16
8
14
1
0
8
10
11
14
14
6
6
8
1
11
0
14
11
6
9
1
16
13
8
15
10
14
1
8
16
7
15
8
14
13
7
9
16
10
14
11
16
14
0
11
15
14
15
13
8
15
7
13
1
14
0
0
7
7
14
13
14
6
11
16
11
8
16
10
15
15
8
7
15
7
11
1
15
0
10
11
0
15
16
13
8
6
11
13
6
1
1
6
1
13
15
7
16
6
8
14
1
7
1
7
0
6
0
8
14
11
16
0
10
6
14
15
0
8
11
0
9
16
13
13
10
9
14
9
9
11
0
1
15
15
16
16
6
1
1
10
16
14
15
0
9
0
15
15
11
0
0
10
9
11
6
1
1
8
14
1
1
13
11
15
0
15
7
11
8
6
7
6
14
10
11
1
13
6
7
1
6
14
8
7
16
16
14
6
11
7
7
15
7
11
10
7
9
8
9
15
6
16
13
9
16
15
14
11
15
6
6
8
16
11
10
10
15
1
10
14
6
16
15
13
6
6
13
1
7
1
10
7
1
15
14
7
16
15
11
0
14
15
16
6
