13
16
15
7
7
13
8
14
10
15
10
1
15
14
0
15
10
0
11
9
16
11
13
10
9
15
11
15
8
14
10
1
11
0
14
9
10
11
15
8
8
9
16
6
15
7
8
16
9
14
13
16
14
11
14
15
15
8
9
11
10
7
14
8
7
11
14
0
13
6
11
1
14
14
11
13
15
7
11
16
7
14
6
10
11
1
7
16
7
1
13
8
8
8
6
15
7
11
11
16
15
15
7
6
15
15
9
15
9
14
8
15
11
0
1
7
14
14
16
14
6
13
8
6
8
7
7
10
15
10
13
11
14
11
13
7
0
15
9
14
11
13
13
7
10
0
13
10
0
16
0
7
15
9
7
1
16
11
8
1
7
8
15
15
0
1
1
14
0
15
8
15
10
0
15
7
13
6
1
13
14
14
11
1
16
11
15
9
8
0
9
16
14
10
10
0
1
10
15
1
16
6
13
8
16
10
16
1
9
11
14
10
14
16
15
15
15
9
15
8
10
11
15
1
10
7
11
1
7
16
16
1
11
7
9
8
13
10
7
10
16
14
7
14
8
7
8
15
6
10
8
10
0
14
6
16
15
15
8
10
6
11
0
16
0
14
8
14
10
10
11
1
14
7
11
0
13
6
10
15
11
16
16
11
9
8
16
7
16
11
14
13
15
11
7
16
11
10
1
15
1
1
15
