13
16
9
11
6
16
10
0
7
14
10
1
13
10
13
10
6
10
9
7
9
11
13
16
16
1
11
13
14
16
11
14
13
6
13
15
16
11
16
1
9
16
15
8
8
7
9
13
10
14
10
13
8
10
16
11
8
11
15
1
16
10
7
0
0
0
13
8
7
1
15
0
11
13
9
13
6
13
1
9
16
7
13
10
14
11
11
11
11
16
10
9
7
0
10
14
8
0
13
0
16
14
16
11
10
1
6
14
6
7
15
6
8
13
7
15
13
15
13
6
15
11
1
16
16
15
10
15
9
15
15
1
11
14
0
1
8
11
15
7
0
11
10
15
9
10
11
13
11
11
0
11
7
13
6
1
10
15
16
8
15
10
11
10
13
7
7
7
0
11
9
16
0
14
9
8
6
1
14
0
13
0
1
0
6
10
13
8
0
14
1
11
13
14
10
1
10
1
13
15
8
14
6
15
7
8
8
0
8
16
11
9
11
10
8
6
10
14
14
9
10
9
8
13
13
14
1
13
14
9
13
8
16
6
0
16
13
14
15
14
8
1
7
14
11
13
6
1
14
16
9
13
0
9
9
16
7
1
10
0
11
6
8
15
14
13
10
10
8
15
6
7
0
0
16
9
10
0
16
1
10
6
7
14
10
0
14
8
15
15
1
11
14
10
15
9
1
7
11
0
6
6
14
