15
6
11
11
15
16
16
15
7
9
14
7
7
9
15
7
0
13
6
6
11
13
10
16
11
10
6
7
9
15
14
7
16
6
16
13
14
9
1
6
0
16
1
11
8
15
9
6
0
6
14
9
1
13
13
10
10
14
0
11
14
9
11
15
16
10
16
7
14
7
0
0
13
16
8
10
11
7
1
14
1
15
11
1
15
8
1
11
8
16
9
15
10
11
14
11
15
16
14
6
7
6
16
7
14
13
10
16
16
11
9
7
11
14
14
9
13
9
9
16
16
11
13
16
13
13
15
16
11
15
7
11
10
14
7
8
13
16
16
11
7
8
6
0
11
6
15
1
15
1
6
11
9
15
6
6
7
0
7
11
11
8
10
15
11
6
8
11
6
0
16
9
13
6
15
7
11
7
6
15
6
11
9
0
15
10
10
16
6
7
9
8
10
9
9
9
14
15
14
15
14
1
0
7
16
10
11
1
7
16
11
0
8
11
7
14
14
0
7
14
13
1
15
14
16
7
7
6
6
15
9
0
7
13
1
8
0
10
1
15
16
15
8
11
14
13
1
9
13
0
11
16
16
7
16
0
6
13
6
14
10
7
8
9
9
16
16
16
15
6
16
10
0
8
10
8
13
11
10
11
14
10
11
7
10
1
11
7
13
8
10
13
14
13
1
14
8
16
16
11
10
7
14
