6
16
10
10
6
8
6
14
16
14
8
14
7
7
13
15
13
7
9
7
15
10
6
16
9
1
0
9
7
1
0
10
13
10
13
7
1
11
16
1
9
6
1
10
16
15
0
8
9
6
15
13
8
10
8
6
11
1
14
16
16
10
11
6
15
13
15
8
6
13
14
10
16
15
9
14
6
13
1
9
16
16
11
16
11
9
6
15
14
15
10
13
13
1
7
13
14
0
10
0
16
14
14
7
16
10
10
14
13
7
8
6
6
7
6
8
7
15
0
6
10
14
1
10
15
15
9
11
6
13
15
11
13
1
8
15
11
11
15
8
13
16
10
14
15
9
11
1
11
11
8
6
9
6
9
13
7
11
16
15
1
16
15
11
13
9
13
8
0
16
10
9
0
14
9
13
6
10
14
10
11
9
14
0
6
10
13
8
9
10
14
8
9
14
10
16
15
7
13
0
8
13
11
8
13
9
16
13
8
16
11
1
1
10
15
0
14
14
14
0
7
0
0
13
6
14
10
6
8
9
9
15
16
13
0
14
7
14
15
13
6
16
6
14
11
13
6
13
14
10
9
15
8
9
9
11
11
11
11
10
14
10
1
13
11
13
7
7
13
8
15
6
14
14
16
8
7
15
0
15
13
6
6
11
6
13
14
0
8
1
6
9
11
10
9
9
13
10
11
11
14
6
14
