6
10
1
1
10
8
6
14
7
14
8
11
14
7
8
9
13
7
6
0
15
7
13
8
9
1
0
6
14
14
9
10
11
10
10
14
13
11
16
0
11
13
1
16
14
15
0
8
8
6
15
16
14
11
16
9
11
11
14
10
14
1
15
7
15
1
10
6
8
10
7
10
16
8
9
13
6
14
9
6
10
1
11
1
1
10
8
14
9
0
15
15
9
13
9
16
14
16
14
13
9
14
14
13
14
16
8
14
16
7
13
6
8
13
8
8
16
6
11
6
10
7
6
16
9
7
11
15
8
6
15
11
8
15
16
6
13
11
15
10
13
14
10
14
15
8
9
10
11
16
15
10
9
10
1
15
7
11
16
6
10
16
15
16
9
14
16
16
1
14
10
11
14
14
6
13
7
10
11
8
7
9
1
14
13
10
13
8
9
16
10
13
15
14
7
6
16
1
13
16
15
14
9
14
10
9
16
14
15
7
11
13
0
10
9
16
14
14
0
6
7
13
7
13
11
11
10
10
8
14
10
10
8
1
0
7
0
14
13
16
7
16
10
14
8
13
15
6
14
9
8
8
15
13
6
16
10
15
14
10
6
14
15
1
1
1
13
13
11
6
16
1
8
9
1
8
15
15
13
13
13
9
1
9
10
7
6
9
16
13
11
6
14
1
6
10
10
10
11
11
6
6
11
