15
6
9
9
15
0
13
15
16
14
6
14
7
6
16
16
14
11
16
0
11
1
8
16
16
8
9
15
9
8
16
16
14
6
15
16
11
15
15
15
6
16
1
11
8
9
14
13
15
6
1
13
15
10
14
1
10
15
6
11
15
8
11
16
13
6
14
9
11
8
16
0
13
15
7
10
8
7
11
0
7
14
16
10
7
6
16
10
0
11
16
15
16
1
14
16
10
16
8
6
8
16
13
13
1
13
10
14
13
13
13
9
16
10
14
15
10
9
7
16
16
6
16
11
7
14
0
9
14
11
9
6
0
15
7
9
14
8
16
8
15
9
14
0
7
6
8
15
11
1
14
0
9
7
6
8
11
0
16
11
10
15
7
8
0
15
13
13
6
16
1
14
16
6
15
6
15
0
8
15
16
14
10
0
9
10
11
16
11
0
13
9
11
16
6
11
0
13
8
13
15
7
6
13
11
10
15
11
7
7
11
1
10
11
0
14
15
13
0
6
1
9
15
11
16
10
7
14
14
0
7
13
16
7
7
0
10
15
1
0
1
14
8
15
14
1
8
6
14
11
9
16
16
7
1
10
15
8
16
11
15
15
7
0
9
13
11
16
8
15
13
1
14
11
8
8
13
10
1
6
7
10
10
16
7
0
11
1
16
16
8
16
14
9
6
10
10
6
14
10
6
10
11
