14
9
10
11
6
8
7
10
7
14
8
14
7
7
13
8
13
7
9
7
15
10
6
16
9
1
0
9
14
1
8
10
13
16
13
1
16
1
16
0
9
14
1
14
16
15
13
8
9
6
15
13
15
16
6
6
10
11
14
16
16
10
8
6
0
13
15
14
1
16
14
6
16
6
9
14
16
15
1
9
16
16
11
6
11
9
6
15
14
10
0
11
13
1
7
1
11
14
13
0
1
14
14
7
16
10
10
14
13
11
14
6
8
13
6
8
7
15
10
6
10
14
1
13
1
6
9
11
6
7
15
0
13
1
7
15
11
11
15
11
16
16
10
8
15
9
9
11
11
11
16
10
9
6
11
13
13
11
8
16
1
16
15
11
13
9
13
8
14
16
10
9
1
14
9
13
6
10
14
10
11
9
8
0
6
10
13
11
9
10
14
8
9
14
16
13
15
1
13
6
8
13
11
15
10
15
0
0
8
16
7
11
1
10
16
0
14
14
14
0
7
0
0
13
13
14
16
6
8
9
9
15
16
13
15
14
0
14
15
13
14
16
6
9
8
13
6
13
13
10
9
14
15
0
9
15
8
9
11
10
14
10
1
15
8
10
13
10
8
8
15
7
0
14
0
8
7
15
7
15
13
6
8
8
10
13
14
9
8
1
6
9
13
8
9
9
13
1
11
11
6
6
14
