15
6
6
11
7
0
16
15
9
14
14
7
7
7
6
7
0
11
6
0
11
13
10
7
11
8
0
7
9
8
14
13
16
6
16
13
14
9
13
6
14
16
1
11
8
9
9
6
10
6
13
9
1
13
13
10
10
14
0
11
6
9
11
15
13
16
6
7
11
7
1
1
13
16
8
10
9
7
0
14
7
15
10
1
15
6
1
11
8
11
9
15
10
9
14
9
11
15
7
6
6
11
16
7
14
13
10
10
6
11
9
7
11
13
14
9
13
9
9
16
9
15
13
11
13
13
15
16
14
11
7
11
10
0
7
7
14
0
16
11
15
8
6
14
7
13
16
1
16
1
6
0
9
0
6
8
7
0
16
11
11
8
10
15
0
8
1
13
6
0
13
9
13
6
15
7
11
7
1
15
6
9
1
0
9
14
11
16
6
7
7
8
14
9
1
9
14
15
16
15
14
7
0
14
16
10
16
1
7
16
6
1
8
11
7
14
6
6
0
14
16
1
15
14
13
7
7
14
14
0
9
0
6
16
7
10
10
15
13
8
1
16
8
11
14
13
9
10
13
0
14
16
16
7
14
7
6
10
16
14
8
7
8
1
9
13
11
10
1
9
16
14
0
15
10
8
13
1
6
11
14
10
10
0
10
1
11
8
13
16
10
13
14
13
10
14
10
6
14
0
10
10
11
