14
10
14
14
11
15
7
13
1
8
14
16
11
11
13
9
13
9
0
8
15
13
0
11
13
1
6
7
13
13
0
16
10
11
9
11
11
11
9
7
1
10
13
13
7
15
11
0
15
11
0
15
8
16
10
0
11
8
11
1
11
1
15
11
14
0
16
8
11
7
10
13
10
0
14
15
8
1
1
14
9
14
7
10
14
1
11
15
6
10
13
7
7
13
8
1
14
9
9
11
11
0
15
16
11
15
10
10
6
7
7
16
11
9
11
10
8
8
7
10
10
10
6
9
13
13
13
1
0
8
1
1
14
10
6
9
13
10
13
9
10
6
14
7
13
6
15
16
15
11
11
15
8
13
1
6
11
9
1
13
6
15
8
0
10
11
1
8
14
14
7
8
16
11
13
1
10
0
8
0
14
14
10
9
7
16
11
11
1
13
1
6
0
7
7
11
10
6
8
8
7
11
6
14
6
8
14
13
1
15
16
1
6
7
13
9
10
6
8
1
8
16
10
0
15
0
0
15
8
6
7
8
6
14
13
7
13
7
13
9
13
14
6
15
0
0
9
0
7
9
15
15
14
15
10
15
6
9
1
16
14
0
0
6
13
8
1
7
14
8
1
0
9
1
11
13
8
0
15
9
9
0
16
15
14
1
15
11
14
11
10
0
8
10
9
6
1
0
16
13
10
16
0
