9
14
9
15
16
9
7
16
6
0
0
8
16
15
9
13
15
1
11
9
14
8
15
14
0
1
15
7
7
0
8
10
9
14
7
6
13
0
16
15
7
8
1
0
6
9
13
15
1
14
10
8
9
10
9
7
10
10
15
0
13
9
15
7
1
6
0
15
13
14
6
14
14
11
8
11
13
9
11
6
1
11
16
9
1
14
15
1
13
10
11
11
11
13
13
14
7
1
15
16
0
16
13
13
1
14
8
14
9
7
16
14
16
13
9
10
13
1
16
16
7
7
8
9
8
10
14
10
16
13
1
1
16
0
9
15
15
10
13
16
0
9
9
10
7
1
10
13
1
7
15
10
13
13
8
10
11
10
10
8
7
8
13
13
10
10
9
15
16
14
15
6
11
10
1
1
11
8
7
1
9
9
14
13
6
16
0
11
16
0
10
0
9
14
9
16
8
13
10
1
8
11
16
16
10
16
16
6
13
1
8
10
14
16
7
15
11
6
8
7
11
1
13
10
9
13
0
16
0
8
13
15
7
7
14
14
7
6
16
1
11
9
1
14
10
9
0
9
6
6
1
10
14
9
6
15
14
15
9
14
15
6
11
13
6
0
11
6
15
11
6
14
0
7
13
8
14
13
8
6
14
16
15
15
16
6
16
6
13
8
1
14
6
10
1
15
8
10
1
11
15
15
11
