15
0
14
9
7
0
7
14
1
14
0
10
15
8
11
13
14
11
14
16
8
10
13
16
0
10
13
10
8
14
0
13
14
0
9
8
0
10
10
6
16
7
1
16
15
9
13
16
10
9
14
14
11
13
13
13
10
6
15
8
13
16
14
16
1
16
9
11
16
0
7
13
8
0
1
8
6
6
0
13
6
15
0
1
8
6
9
0
15
10
14
15
11
16
10
1
10
13
6
16
8
10
15
1
10
14
11
16
13
11
0
8
14
6
14
8
1
9
1
7
16
11
7
16
16
13
7
6
14
9
0
14
15
14
11
8
9
15
13
7
16
15
14
14
14
14
6
14
14
14
1
0
9
0
1
8
13
13
7
11
0
15
10
15
16
9
16
10
14
11
16
11
13
1
10
11
6
9
14
1
8
9
8
9
16
14
11
9
14
11
1
9
6
1
15
13
0
15
15
15
9
0
10
13
13
11
16
9
11
15
8
15
11
6
0
9
16
6
15
8
1
13
0
10
15
9
1
15
16
0
11
11
14
8
7
16
10
14
15
16
11
14
8
13
1
16
11
11
11
14
9
0
7
16
13
8
6
10
6
8
0
6
8
13
1
6
0
6
10
9
10
6
9
6
9
10
16
7
8
0
14
10
10
13
10
1
7
13
8
11
0
13
7
10
14
6
8
11
14
0
10
10
11
