9
15
8
14
15
9
14
15
13
15
13
14
15
11
10
16
16
11
6
6
7
6
10
9
10
15
15
7
15
14
7
16
14
6
11
14
7
6
8
13
16
0
8
15
9
0
6
1
9
14
11
0
9
0
11
1
15
10
14
14
13
10
11
6
7
0
9
0
16
16
14
0
1
9
0
14
13
11
13
0
11
9
16
1
16
8
13
14
15
0
14
6
10
13
15
6
11
14
13
11
15
15
7
13
0
14
1
1
8
10
10
14
13
7
11
13
8
8
0
13
9
8
10
6
6
10
9
1
15
7
1
11
15
15
13
8
9
16
14
11
11
15
10
16
15
10
1
14
14
9
10
11
15
15
7
0
11
15
7
11
15
0
6
11
6
9
6
13
16
14
1
8
15
8
15
9
16
16
7
11
8
8
6
7
1
10
9
13
14
10
9
16
8
13
0
7
11
13
0
16
9
15
11
16
15
11
8
13
8
13
15
9
0
6
13
11
15
16
1
11
13
7
7
6
7
7
11
14
15
13
10
15
8
0
8
10
6
15
11
0
10
11
15
1
15
0
6
7
10
6
11
13
1
13
9
15
16
7
15
8
13
1
16
10
1
14
13
13
10
13
14
1
6
14
9
11
14
9
8
10
7
1
8
15
8
15
1
6
1
9
9
7
15
6
11
7
7
15
0
16
13
0
1
