15
14
9
11
15
1
0
14
10
9
8
7
15
8
10
15
14
6
14
13
16
11
14
7
13
13
16
15
14
11
8
13
14
6
16
16
6
13
13
13
11
9
15
15
15
6
8
16
10
10
11
15
9
7
6
15
7
8
16
7
15
11
6
15
10
1
16
7
7
10
11
13
8
16
16
9
15
10
11
9
10
0
13
11
13
11
7
11
15
1
14
11
10
13
8
11
16
11
11
7
15
9
14
1
11
1
14
11
11
7
14
8
14
13
1
7
11
13
6
11
0
15
11
0
1
15
14
14
14
16
13
6
11
11
16
14
14
1
14
15
11
16
14
13
7
10
13
15
16
0
1
15
0
1
0
16
10
13
15
7
8
0
15
9
0
8
13
6
16
15
10
13
1
15
0
7
9
10
7
14
8
14
13
14
15
14
15
11
8
11
11
16
14
10
9
16
9
14
16
14
14
13
10
1
8
14
16
9
14
11
10
14
15
11
11
15
6
8
16
6
15
0
15
10
10
7
8
1
16
14
7
1
7
6
10
15
10
16
14
15
10
6
15
13
15
14
14
9
6
11
7
15
8
16
6
14
14
15
13
1
14
11
8
15
13
14
13
11
13
14
14
14
14
1
11
15
7
8
10
10
15
0
1
9
1
0
0
7
14
10
15
13
15
1
0
16
11
10
8
11
11
11
10
