15
6
1
11
7
0
13
6
11
14
0
6
6
16
14
7
1
15
13
6
11
13
0
16
6
8
1
8
9
16
14
1
6
15
15
11
0
8
10
13
14
11
1
9
8
9
16
8
15
6
14
11
1
13
8
7
13
14
1
0
11
9
11
15
1
16
16
7
0
1
15
15
1
16
7
11
6
9
10
13
14
11
10
15
15
8
1
15
9
0
9
6
7
9
16
1
8
8
7
6
8
7
16
16
14
15
15
10
14
11
15
10
9
13
14
9
13
9
16
7
6
9
6
11
16
1
1
16
6
16
10
10
6
7
0
7
9
11
16
1
15
16
14
13
7
6
16
6
11
10
13
0
11
8
6
10
1
8
16
6
15
8
10
6
13
9
6
13
14
1
13
1
9
6
7
16
13
9
1
15
15
11
8
0
8
10
6
16
11
7
7
8
14
8
16
16
11
9
16
9
7
7
15
14
0
1
15
1
11
14
13
8
8
6
1
10
6
6
16
16
15
1
15
10
0
10
0
14
16
10
9
6
16
16
13
10
10
15
1
10
0
16
8
11
14
13
14
10
13
0
6
16
16
16
8
9
0
1
16
0
16
7
9
14
13
13
11
14
1
9
16
14
15
1
11
6
13
16
6
11
6
11
10
13
10
10
11
1
16
16
7
14
13
1
8
13
9
15
15
8
10
10
11
