13
16
13
7
15
13
6
14
7
15
15
1
15
14
0
10
10
0
11
9
16
11
13
10
16
15
11
15
8
11
10
1
13
0
14
9
6
11
15
8
8
9
16
6
15
7
8
16
9
14
13
16
14
11
14
15
15
8
9
11
10
7
8
8
7
11
14
0
13
6
11
1
14
14
7
13
15
7
11
1
7
14
6
10
11
1
7
16
15
1
13
8
0
8
1
15
7
11
11
16
15
15
7
6
15
15
9
15
9
6
8
1
11
0
1
7
11
14
16
10
6
13
8
6
8
11
7
10
15
10
1
11
14
11
13
7
0
15
9
14
11
13
14
7
10
0
13
10
9
16
0
7
15
9
7
1
16
11
8
1
7
14
15
15
0
1
1
14
0
15
8
15
10
0
15
7
13
11
1
13
14
14
11
1
16
11
15
9
8
0
9
16
14
10
10
0
1
6
15
16
16
6
13
7
16
14
16
1
9
11
8
10
14
16
15
15
15
9
15
8
10
11
15
14
10
7
11
1
7
16
16
1
11
7
13
8
14
16
7
10
9
14
7
14
8
7
8
15
6
7
8
10
0
14
6
16
15
15
8
15
14
11
0
16
0
14
8
11
10
10
11
1
14
7
11
0
11
6
10
14
11
16
16
7
9
8
16
7
16
11
15
13
15
1
7
16
11
10
1
15
9
11
15
