1
6
16
14
15
0
13
11
7
14
9
16
15
14
15
15
7
7
1
9
1
16
6
10
15
16
14
15
9
16
15
13
13
14
0
13
15
6
1
15
15
6
16
8
10
6
11
7
9
0
11
15
6
7
6
0
1
7
8
10
6
10
7
11
9
14
14
9
6
14
1
1
7
16
8
16
15
1
15
14
16
13
1
0
10
15
13
11
11
9
9
10
10
1
14
15
13
16
1
16
11
10
13
7
15
13
0
8
8
6
10
14
11
1
15
13
13
0
1
1
9
10
9
11
1
13
16
14
15
11
13
7
16
0
14
7
15
11
16
13
11
10
6
13
11
8
10
6
14
9
9
11
9
14
1
10
10
1
14
11
13
15
9
7
16
16
14
1
0
14
1
13
16
6
14
15
1
8
9
15
8
15
6
9
10
9
11
9
15
6
16
7
8
16
11
14
0
15
10
16
13
7
0
0
11
10
10
9
15
13
16
6
15
11
16
15
8
1
10
8
10
15
16
11
6
13
8
1
14
0
16
0
13
7
14
10
10
8
1
13
7
16
14
15
16
13
16
15
7
16
6
11
8
14
6
7
6
1
11
0
6
14
1
1
7
14
7
0
9
15
8
0
7
6
6
1
13
11
6
1
10
14
9
11
16
11
14
14
9
11
8
0
10
7
10
9
10
15
10
10
10
16
8
