0
16
13
6
1
13
8
14
1
15
16
1
15
14
1
10
10
0
11
9
16
11
13
8
13
15
16
15
8
11
0
1
13
0
15
9
6
11
15
8
16
9
6
6
15
7
7
16
9
14
13
1
14
11
14
15
7
8
9
11
14
7
8
8
7
11
14
7
13
9
11
1
14
14
7
13
15
7
11
8
7
10
0
10
11
1
7
8
15
1
13
8
8
8
8
15
7
11
0
16
15
15
11
6
15
1
1
8
9
6
8
6
11
0
14
7
11
14
16
15
6
11
8
1
8
11
11
16
15
9
15
1
14
11
13
13
0
15
9
14
11
13
14
7
10
0
13
10
9
9
14
7
15
9
7
1
1
11
8
1
7
14
15
15
0
16
10
14
16
15
8
16
10
0
7
7
13
6
1
13
15
14
11
1
10
11
8
1
11
0
15
16
14
10
10
9
1
6
15
16
7
8
13
7
16
14
16
0
9
11
8
10
14
6
10
1
11
9
15
8
10
0
15
11
10
14
11
1
7
15
16
15
11
7
10
8
0
16
7
10
9
14
15
14
8
7
13
10
6
7
13
10
16
14
6
9
15
15
8
10
14
11
0
13
10
14
8
11
8
11
15
16
11
7
11
7
11
6
10
14
11
16
16
7
9
8
16
7
15
11
15
13
15
1
7
16
11
10
1
0
6
11
15
