13
16
13
7
7
13
11
7
10
15
6
1
15
14
0
6
10
0
14
9
6
11
13
10
8
15
11
15
8
11
10
11
6
15
14
8
16
7
15
8
8
9
16
6
15
15
8
16
9
16
13
16
14
11
14
15
8
8
9
11
15
7
15
10
7
11
14
14
0
6
11
1
14
14
7
11
15
10
11
1
14
14
1
10
1
1
7
16
15
1
13
8
8
8
6
1
16
11
11
16
16
15
7
6
10
15
9
15
14
6
8
6
11
0
7
7
14
14
16
14
6
13
8
6
11
0
7
6
15
0
1
11
11
15
13
9
16
15
13
1
11
13
14
7
10
0
13
10
9
13
13
7
15
9
7
1
14
11
8
1
15
8
16
15
0
1
1
11
14
15
9
13
10
0
15
11
0
11
1
13
14
13
11
1
16
11
15
9
8
0
9
13
14
10
6
14
10
6
15
16
16
6
13
11
16
6
16
9
9
11
14
10
14
16
15
15
15
16
15
8
8
11
15
6
10
7
11
1
7
16
16
1
6
6
6
8
6
10
7
11
16
15
13
14
8
7
8
14
6
10
8
10
0
14
6
16
15
15
8
15
6
11
0
16
0
14
8
11
10
10
10
6
14
7
11
0
11
1
10
6
11
16
16
11
9
7
16
8
16
11
15
13
15
1
9
7
6
10
9
16
9
1
15
