6
6
14
1
0
10
13
13
8
10
6
13
15
14
0
16
16
7
9
0
16
14
8
8
9
9
10
13
9
11
7
14
15
15
6
13
8
10
16
15
15
15
13
8
7
10
9
14
1
0
6
9
15
10
11
10
7
11
1
14
9
7
13
13
7
7
0
16
11
9
9
13
9
10
6
6
6
16
15
9
8
1
0
15
14
6
15
11
0
0
0
13
14
9
10
7
10
15
7
14
10
10
0
14
15
15
1
13
7
9
13
13
11
11
6
16
1
1
0
13
1
16
13
11
13
11
14
1
14
11
14
9
15
9
1
7
10
11
13
8
16
13
16
13
11
11
13
7
15
1
7
14
11
14
6
9
7
8
6
15
1
11
6
14
16
11
8
11
11
11
1
8
16
0
8
1
0
10
6
14
1
6
11
14
14
13
11
16
15
16
10
14
11
11
16
11
7
8
14
10
13
1
13
15
13
6
6
15
13
10
13
9
0
0
14
6
13
16
13
0
6
8
14
15
1
16
6
15
13
1
9
1
14
16
8
1
11
8
14
7
6
9
0
11
0
6
14
8
6
7
0
0
10
7
7
0
10
6
10
6
10
1
7
11
0
16
10
0
13
16
13
9
16
6
9
0
13
8
0
10
1
6
16
13
10
13
10
8
14
16
9
1
9
15
16
14
0
1
11
10
0
6
7
