16
16
13
14
15
11
13
14
7
15
16
7
15
1
10
9
10
6
8
13
16
11
13
10
15
7
16
15
8
11
6
6
6
13
13
16
8
11
9
13
14
9
15
14
15
16
11
7
10
13
11
16
15
7
14
15
10
8
9
15
15
16
15
8
7
11
16
0
7
6
11
11
14
9
10
13
15
9
9
1
9
6
6
10
13
6
7
6
15
1
13
10
14
13
8
0
16
11
11
7
15
15
13
6
15
7
1
1
9
14
7
0
14
13
1
7
10
13
16
10
6
15
11
9
1
11
14
14
14
9
1
11
7
11
16
7
0
15
10
15
11
13
14
13
16
10
13
10
15
14
6
7
6
1
0
1
11
11
13
7
7
0
15
6
13
14
14
14
16
15
10
16
1
0
15
7
13
11
7
13
16
14
6
1
13
14
15
9
7
1
14
16
14
10
9
9
7
14
16
0
14
6
13
13
1
14
16
0
9
11
14
1
7
6
11
10
6
9
11
8
15
0
15
11
10
7
15
1
7
13
14
0
11
8
0
15
0
16
14
1
8
14
15
6
15
15
16
11
9
14
1
9
0
16
6
9
11
15
13
14
8
11
9
16
10
14
8
16
13
14
6
14
7
15
6
9
11
6
10
14
1
11
1
9
9
8
0
13
11
11
15
13
15
6
16
15
11
10
1
1
11
16
10
