15
6
15
14
15
11
13
14
10
15
14
8
14
6
16
16
7
6
8
13
15
10
8
10
13
6
16
15
8
11
6
10
14
7
16
10
11
9
15
10
15
9
11
14
15
11
8
16
10
1
14
15
15
6
6
6
7
10
7
15
15
11
11
8
15
1
16
10
10
8
11
11
14
9
9
15
15
9
0
1
10
13
13
10
13
11
7
6
15
0
14
15
14
13
6
15
16
11
15
0
15
11
15
1
15
15
1
11
11
7
15
6
14
16
1
7
0
9
13
10
0
10
13
9
11
11
14
9
10
9
14
13
11
11
16
14
14
15
1
13
11
15
13
7
13
10
13
15
1
8
1
15
14
6
13
11
10
13
15
16
8
14
15
6
11
0
14
6
16
15
10
6
9
16
14
7
13
15
7
9
9
11
13
1
13
14
15
7
10
6
15
16
6
10
9
9
8
6
14
14
14
1
10
13
15
14
16
0
1
11
8
0
10
6
11
15
8
9
16
14
15
0
15
13
10
1
8
11
16
13
11
1
7
6
15
15
16
14
6
14
10
6
15
13
11
0
16
9
14
11
10
15
10
16
15
8
14
15
13
16
14
1
0
16
13
16
6
11
8
14
1
14
7
1
11
13
15
0
10
8
1
1
1
9
14
0
1
15
11
11
16
13
15
0
9
16
11
10
9
11
11
15
10
