6
10
1
1
1
8
6
14
7
14
8
11
14
7
8
16
13
7
6
14
8
10
13
8
15
1
0
6
14
14
9
10
11
10
10
14
8
11
16
16
11
13
1
16
14
15
0
10
13
6
15
16
14
11
16
16
11
11
1
10
14
1
13
7
7
1
9
14
8
15
0
1
16
8
9
13
6
14
9
16
10
11
11
1
1
10
15
14
9
0
10
14
0
13
6
13
14
16
14
13
9
14
14
7
7
16
8
14
16
7
13
6
8
13
8
8
8
6
11
6
10
7
6
16
9
13
11
15
8
8
15
11
8
15
16
6
13
11
15
6
13
1
10
14
15
8
9
10
11
16
15
10
8
6
16
15
7
11
16
6
10
9
15
16
9
11
16
16
1
16
16
11
8
14
6
13
7
10
6
6
7
9
1
14
6
10
13
8
9
16
10
13
0
14
10
6
16
1
13
13
7
14
9
14
10
0
16
14
15
7
11
13
10
10
16
16
14
6
0
6
7
11
11
9
11
11
8
6
8
14
9
10
8
1
0
6
0
14
13
16
7
16
10
14
14
13
6
1
14
9
6
13
13
15
6
16
10
15
6
10
6
0
15
11
15
1
13
13
11
6
16
1
8
9
9
8
15
15
13
13
13
9
1
9
10
13
6
9
16
13
6
0
9
10
6
10
10
10
11
11
6
16
11
