6
14
11
0
13
1
14
14
11
0
1
8
13
15
9
1
15
14
0
7
14
8
15
16
6
8
15
7
7
1
8
8
9
14
10
0
13
0
8
0
7
8
1
0
6
9
13
9
1
14
15
15
16
10
9
7
10
16
15
1
1
14
15
7
10
6
0
15
6
8
14
14
15
11
8
7
13
1
11
6
9
11
11
8
11
15
15
7
6
11
14
9
6
14
6
6
16
14
10
10
0
14
7
10
14
9
8
13
15
7
6
13
0
14
1
10
13
13
13
16
11
16
15
7
6
10
8
13
16
8
1
1
16
0
9
13
10
10
6
15
8
15
0
13
9
11
10
8
8
8
15
10
10
15
8
0
16
14
11
7
14
6
0
13
10
10
9
15
9
1
10
14
14
10
1
16
16
9
7
1
9
9
14
14
6
16
16
6
16
7
10
11
9
1
9
9
8
0
9
9
7
11
8
10
16
9
11
6
13
8
16
10
14
16
1
0
1
6
14
6
11
8
13
10
13
10
14
16
13
10
13
15
7
1
6
8
7
6
16
13
11
8
14
14
6
6
13
7
13
14
0
14
8
11
13
6
1
15
9
14
15
14
16
1
16
7
14
9
6
16
14
14
1
13
16
7
15
13
9
0
13
16
15
15
15
6
9
10
0
6
1
14
6
10
9
9
14
10
13
11
15
15
11
