13
6
7
9
11
7
7
8
10
10
7
7
7
9
9
11
6
13
16
0
0
11
16
0
14
13
9
11
13
10
6
9
8
10
15
9
10
16
10
9
14
16
9
6
13
10
13
8
1
11
6
16
7
8
1
11
10
15
1
0
13
6
7
9
10
13
8
8
11
13
0
10
9
11
9
11
1
15
13
6
11
15
16
16
6
11
9
9
0
11
1
15
14
0
15
10
14
13
10
16
14
16
10
9
8
11
1
8
14
1
6
8
13
11
11
15
16
7
7
11
6
9
6
6
10
10
1
8
15
8
11
15
13
9
7
1
10
6
7
15
15
8
7
0
7
9
15
11
15
13
0
15
10
15
11
0
8
13
8
9
14
7
9
0
7
9
8
11
15
9
15
15
16
13
14
16
14
1
16
9
9
11
10
14
14
6
13
10
9
1
14
0
11
16
1
14
15
9
8
8
9
10
15
8
14
6
7
13
6
6
15
6
1
14
0
9
13
14
10
14
16
1
9
14
7
0
16
1
9
7
0
8
6
0
11
9
10
13
15
7
6
8
9
6
7
8
8
14
6
15
16
10
0
15
6
10
0
1
14
13
11
13
6
8
15
16
14
8
11
1
15
14
11
9
9
9
1
13
6
6
8
8
14
14
11
8
14
8
13
7
15
1
6
13
14
1
7
13
7
13
1
9
1
