6
6
14
1
0
7
13
13
7
11
6
13
15
14
0
16
9
14
9
0
16
15
8
8
9
9
1
13
8
1
7
0
15
15
10
13
8
10
11
15
15
15
0
8
7
10
6
14
1
0
6
8
15
10
11
10
7
11
1
14
9
7
13
13
7
10
0
16
11
6
9
13
9
10
6
6
6
16
8
16
8
8
0
15
14
6
15
11
0
0
6
13
14
9
10
7
10
1
8
14
10
9
8
16
15
15
1
9
7
6
13
6
11
11
9
16
8
1
0
13
1
16
13
14
13
11
14
1
14
11
11
9
8
9
1
7
10
11
13
1
16
0
16
0
11
11
13
7
15
1
7
14
11
14
6
14
7
7
8
7
1
11
6
1
16
13
8
16
11
11
1
8
16
9
8
1
9
1
6
14
1
6
11
14
14
13
11
16
15
16
1
0
11
14
16
11
6
8
8
10
13
1
13
15
13
6
10
15
13
10
13
9
0
16
14
6
15
10
16
6
6
15
14
15
1
16
6
15
13
1
9
1
14
16
8
1
11
15
14
7
6
10
15
11
0
6
14
11
6
7
14
0
9
7
7
0
10
8
10
6
10
15
0
14
0
16
10
0
13
16
13
9
16
6
9
0
13
8
15
16
1
6
15
13
10
13
10
9
1
16
0
1
9
15
16
14
0
1
11
10
0
1
11
