6
1
1
1
6
8
9
9
10
14
8
11
14
7
8
1
13
14
9
11
15
10
6
8
16
1
0
6
14
14
9
10
11
10
10
14
16
11
0
0
6
13
1
16
14
14
0
8
8
10
15
10
14
10
6
9
11
11
14
16
1
1
0
7
8
13
14
8
7
15
7
1
16
15
9
13
6
8
10
16
10
1
11
1
11
9
6
14
9
7
10
14
0
11
8
13
14
10
14
13
11
14
14
7
7
10
11
14
16
7
16
13
14
13
8
8
7
6
1
6
10
7
6
16
9
13
11
15
8
9
15
11
16
15
16
6
9
11
15
6
13
11
10
15
15
8
9
14
11
11
15
10
9
6
8
16
7
11
16
15
10
16
15
16
9
11
16
16
1
16
10
0
14
14
6
13
7
10
11
14
14
9
1
14
6
10
13
8
9
16
6
8
0
14
10
6
15
1
13
14
15
0
9
14
10
9
16
13
15
16
11
13
10
10
16
16
14
14
0
16
7
13
0
0
11
11
10
6
6
14
9
10
8
13
0
7
0
11
13
0
15
10
11
14
14
13
13
1
14
10
9
6
15
15
7
15
7
7
14
13
6
14
15
11
11
1
13
8
9
0
15
1
8
14
1
8
9
15
6
13
13
9
6
8
10
13
6
9
16
11
6
6
13
6
6
13
14
6
11
11
6
14
11
