14
16
13
0
15
11
10
14
8
11
1
14
15
14
8
10
6
14
14
1
16
7
13
10
9
15
16
15
8
11
8
13
13
0
15
9
6
11
16
8
7
9
15
16
15
1
8
13
9
7
10
16
8
7
9
15
7
8
9
11
10
7
0
8
7
11
6
16
13
6
11
1
14
0
15
11
15
11
9
1
7
9
6
10
14
1
11
8
15
7
8
8
7
13
0
8
16
11
11
8
15
15
6
10
14
1
13
8
9
14
8
6
14
0
15
14
10
14
16
15
6
13
16
8
6
11
14
14
1
9
1
6
7
0
13
7
1
15
9
15
11
11
14
1
16
0
13
1
1
14
14
7
15
15
14
1
0
11
6
1
0
0
14
15
8
1
1
14
14
15
6
16
1
0
15
6
16
11
1
13
16
14
11
1
14
1
7
8
8
0
15
16
7
10
16
11
15
1
15
10
1
6
0
7
16
15
9
0
11
11
8
1
7
6
11
13
13
9
16
10
15
0
15
1
10
7
11
1
7
16
16
1
11
8
10
15
0
16
7
10
9
8
7
14
7
1
16
9
9
7
11
10
8
10
7
9
16
15
15
9
14
11
0
16
13
14
15
11
8
13
15
14
14
9
6
0
1
6
6
9
1
16
13
13
13
15
16
7
16
11
15
13
1
8
11
16
11
10
1
15
9
16
15
