15
0
10
0
7
6
7
16
1
7
14
11
15
8
6
7
6
11
8
7
11
16
14
16
8
16
13
7
8
6
1
13
14
0
1
8
0
6
11
13
10
11
1
11
7
9
9
6
10
7
14
6
1
13
13
10
6
14
9
7
8
16
10
16
13
13
16
7
9
0
7
13
11
14
13
10
6
1
0
10
9
15
7
1
11
6
9
13
15
11
10
15
16
14
15
9
9
13
7
7
8
11
15
9
16
1
10
8
7
14
0
7
14
13
14
7
1
9
9
7
16
11
13
8
14
13
7
16
14
11
14
14
15
14
7
8
9
0
13
7
16
8
15
14
7
10
6
1
16
10
9
0
9
15
6
8
13
6
10
11
11
10
10
15
0
14
14
6
6
7
13
11
13
1
8
9
11
16
14
10
8
14
8
6
16
14
14
9
14
14
13
11
6
8
1
8
13
15
15
9
14
7
13
14
7
11
15
9
7
14
16
9
11
14
9
14
6
6
0
11
7
9
16
14
1
7
7
15
9
16
16
6
14
16
7
9
9
9
15
16
1
15
8
11
0
16
11
8
1
14
15
0
7
7
13
8
6
8
1
8
16
16
0
13
9
13
11
11
10
1
16
15
9
8
6
1
13
15
8
11
14
14
10
9
10
1
16
8
6
7
10
0
14
13
16
6
10
11
14
0
13
14
16
