0
16
11
6
15
9
13
14
7
15
1
14
15
14
0
10
6
0
7
16
16
11
13
10
7
9
0
15
8
11
6
1
13
0
15
9
6
11
15
8
13
9
15
11
15
7
8
16
15
14
13
8
14
1
14
15
7
8
9
11
10
7
8
8
7
11
6
15
13
6
11
1
0
0
14
16
15
10
1
14
7
14
6
10
11
11
7
6
15
1
14
7
11
8
8
15
16
0
11
13
15
15
13
6
15
1
1
8
9
14
7
6
14
0
1
14
10
14
16
15
15
14
8
9
10
1
14
14
1
7
1
6
7
11
9
7
1
15
9
15
11
8
14
7
9
0
13
10
1
0
14
7
15
9
7
10
0
11
6
1
1
8
15
14
0
1
1
14
7
15
6
16
1
13
15
7
13
11
1
15
16
14
11
1
1
14
6
9
15
0
15
16
14
10
9
9
8
1
15
1
1
6
13
7
16
14
9
10
9
11
8
10
7
6
11
15
1
9
15
8
15
0
15
11
10
7
11
1
7
16
6
1
11
8
10
10
10
1
7
10
9
13
7
14
8
7
16
9
7
14
9
14
16
16
6
0
15
15
15
15
14
11
0
16
6
14
8
11
8
13
9
14
14
9
0
0
11
15
13
9
1
16
13
7
9
11
16
7
16
11
15
13
1
1
7
16
11
10
1
15
9
16
0
