6
8
1
1
6
8
6
14
10
14
8
8
14
7
8
13
13
0
9
0
14
10
6
8
9
1
0
6
14
14
9
10
11
10
10
8
16
11
15
10
11
13
1
16
15
15
0
8
8
6
15
16
14
10
16
9
11
11
14
9
13
1
11
7
15
10
14
8
7
15
7
1
16
15
9
13
16
14
9
9
10
1
11
1
11
9
6
14
9
7
10
14
0
13
8
13
14
10
16
13
11
14
14
13
7
10
11
14
0
7
13
13
8
13
1
8
7
6
0
6
9
7
6
16
9
13
7
15
8
6
15
11
7
15
13
6
8
11
15
6
13
1
10
14
15
8
9
14
9
11
15
10
9
6
11
16
7
11
16
14
16
16
15
16
9
11
16
16
1
16
10
11
14
14
6
13
7
10
11
14
7
9
1
14
6
10
13
8
9
16
10
8
13
14
10
7
15
1
13
6
8
14
1
14
10
9
8
14
15
16
11
13
10
10
16
16
14
9
0
16
7
11
0
0
11
11
6
6
8
14
9
10
8
13
0
7
6
14
13
0
15
16
11
14
14
13
6
1
14
10
9
7
15
15
7
15
15
15
14
10
6
16
15
11
1
1
13
15
14
8
11
1
8
14
1
8
9
15
13
13
1
9
6
8
10
9
6
9
16
13
9
6
13
10
6
10
10
10
11
11
6
9
11
