6
9
14
1
0
0
13
13
14
11
6
13
8
14
8
16
9
14
11
0
16
13
9
8
14
9
1
13
15
1
7
0
15
15
10
13
8
10
11
15
15
15
14
10
7
10
9
14
1
0
6
8
15
10
7
10
7
6
15
14
16
9
13
13
7
10
8
16
11
6
9
13
9
10
10
10
1
16
8
16
8
8
0
15
14
6
13
11
0
0
6
13
14
13
10
13
6
13
8
14
10
9
8
16
15
15
1
9
7
13
0
13
10
11
16
16
14
13
9
13
13
16
13
13
1
6
6
1
14
11
11
11
8
9
1
7
8
9
0
1
16
0
15
9
11
11
14
7
14
1
7
16
11
11
6
14
7
7
8
7
1
11
6
1
16
13
8
7
11
7
14
8
16
9
8
1
9
1
6
14
15
6
16
14
14
14
11
16
0
0
1
0
14
14
16
11
13
8
8
6
13
1
15
15
13
6
10
11
13
6
13
9
16
16
14
13
10
10
16
6
6
15
14
15
1
16
6
15
13
13
9
1
14
16
8
1
11
15
14
11
8
6
15
11
0
13
14
11
6
0
14
16
9
7
7
11
10
8
10
6
10
15
0
14
0
16
10
0
0
1
16
0
16
6
9
10
13
8
15
13
1
6
15
13
10
10
10
10
1
16
16
13
9
15
15
14
0
1
11
1
0
1
11
