15
15
16
7
13
11
10
14
8
13
6
14
15
14
16
0
6
9
6
0
9
7
13
10
10
10
13
6
6
15
8
0
15
6
7
0
13
11
16
8
7
1
7
14
15
0
0
15
9
7
10
0
6
7
13
1
11
13
0
11
10
7
0
8
1
11
0
9
11
6
11
1
14
7
13
13
10
1
9
10
13
14
13
10
14
11
0
14
7
1
8
8
16
8
0
15
6
11
11
1
10
15
13
11
16
16
13
0
0
14
14
13
16
13
15
0
10
6
15
9
6
8
16
9
13
7
16
15
16
13
8
6
7
11
1
15
0
11
14
11
7
9
14
1
11
7
13
11
1
14
6
15
15
10
14
15
14
15
15
1
7
0
6
1
13
0
15
14
11
11
0
16
1
0
15
13
9
11
6
16
14
13
11
8
9
10
0
14
7
0
0
14
14
10
16
7
1
11
1
1
1
6
0
14
11
8
9
14
11
0
15
11
7
9
11
13
11
9
15
1
7
0
8
6
15
7
11
8
7
0
16
16
13
1
0
15
15
16
15
13
16
8
7
0
7
8
7
1
7
8
11
6
11
10
13
9
11
15
15
9
14
14
15
16
9
15
15
14
0
16
1
14
14
11
6
7
16
13
7
16
15
14
13
13
13
10
10
8
9
14
0
13
13
8
7
16
11
6
1
15
7
16
8
