0
16
13
14
8
13
6
1
7
15
16
1
15
14
0
10
10
0
11
9
14
11
13
10
7
15
16
15
8
11
10
1
13
0
15
9
6
11
15
8
16
9
15
15
15
7
8
16
9
14
13
16
14
8
14
15
7
8
9
11
10
7
8
8
7
11
14
9
13
13
11
1
14
0
7
13
15
7
11
1
7
14
6
11
11
1
7
6
15
1
13
8
8
14
8
15
7
11
11
8
15
15
11
6
15
10
9
8
9
6
8
6
11
0
1
7
11
14
16
15
6
13
8
6
0
11
11
9
15
9
1
11
14
11
13
7
0
15
9
14
11
13
16
1
7
0
13
10
9
9
14
7
15
9
7
1
0
11
8
8
7
14
15
15
0
11
1
14
16
15
14
16
10
0
15
7
13
11
1
13
16
14
11
1
1
11
8
9
8
0
9
16
14
10
13
9
1
6
15
16
1
6
13
7
16
14
16
8
9
11
9
10
14
6
15
15
16
9
15
8
10
0
15
1
10
7
10
1
7
16
16
1
11
8
10
8
0
16
7
10
9
14
7
14
13
8
8
15
6
7
13
10
0
14
13
9
15
15
15
15
10
11
0
16
0
14
15
11
8
9
0
14
14
7
11
0
11
6
10
14
11
16
16
7
9
8
16
7
16
11
15
13
15
1
7
16
11
10
1
15
8
11
15
