11
16
13
11
15
11
13
14
7
6
16
14
15
15
15
9
10
6
11
13
16
11
13
10
7
7
16
15
10
11
6
6
6
13
16
16
9
8
9
0
14
9
15
14
15
16
15
7
1
8
11
16
15
7
14
15
7
8
9
15
15
16
15
8
7
9
7
10
10
8
11
11
14
9
10
13
15
15
9
1
9
13
6
10
11
1
7
6
15
1
14
10
14
13
8
8
9
11
9
1
15
15
9
6
15
1
1
1
9
14
7
0
14
13
1
11
10
13
16
10
6
15
11
9
1
11
14
14
14
9
1
11
7
11
16
10
0
15
10
15
11
1
14
7
6
10
13
10
1
14
6
7
15
1
0
11
13
10
13
14
7
0
15
6
0
0
1
14
16
15
10
16
1
0
11
7
13
11
7
7
16
14
6
1
13
16
15
9
15
1
15
16
14
10
9
9
9
14
16
14
14
6
13
1
1
14
16
6
0
11
14
9
15
16
11
13
14
9
11
8
15
7
15
11
11
7
15
0
7
6
7
1
11
8
10
15
0
16
13
1
9
14
15
6
15
15
16
9
0
11
1
9
0
16
6
9
11
15
13
0
15
11
9
16
13
14
8
11
13
14
14
14
7
1
6
0
11
6
10
14
7
1
7
9
9
8
0
7
11
11
1
13
6
6
16
16
11
10
1
11
11
16
10
