6
6
11
11
9
8
11
16
7
14
9
14
7
0
11
8
11
16
8
7
15
10
8
0
9
16
6
9
14
1
8
10
0
8
16
14
16
11
16
0
9
14
1
14
7
11
13
6
8
6
1
8
14
10
14
1
0
11
14
0
16
11
10
11
0
13
15
1
9
0
14
8
0
15
9
8
14
8
14
9
16
16
14
6
14
9
8
15
14
7
10
9
7
10
7
7
16
0
15
16
10
14
6
7
16
1
10
14
13
1
11
15
8
11
11
9
7
15
7
8
13
14
1
13
10
15
9
11
6
11
15
11
13
1
0
11
11
16
15
11
1
6
6
14
1
9
11
11
13
11
1
8
9
14
15
11
7
11
16
16
15
16
15
9
9
9
7
8
0
15
10
9
0
13
9
13
6
11
6
10
16
15
13
10
11
1
1
8
10
10
14
8
8
14
16
9
15
1
13
10
8
0
10
15
10
16
16
0
0
11
11
13
8
10
16
0
14
14
1
0
13
0
0
1
13
11
16
8
7
9
9
16
16
13
11
13
0
14
11
13
14
16
6
14
11
8
15
13
6
9
9
9
15
6
7
15
7
15
11
10
0
16
0
15
11
13
13
10
8
8
15
14
13
11
1
9
7
15
6
15
6
16
8
8
10
9
14
9
16
11
6
9
10
7
9
0
9
10
11
11
8
6
13
