13
7
10
13
16
14
15
11
0
8
13
0
13
10
1
15
10
14
6
14
10
7
10
6
7
11
10
6
11
10
11
11
9
7
14
13
0
10
15
6
10
10
10
6
14
9
1
9
6
9
16
8
1
9
13
13
14
7
7
1
13
7
8
8
16
6
8
13
7
13
1
7
9
14
1
16
14
13
14
7
8
13
10
15
7
11
13
7
7
14
15
7
8
15
15
10
9
13
13
11
11
15
0
11
16
14
7
15
8
10
11
1
10
6
1
8
0
14
15
13
8
9
13
10
7
15
14
15
8
6
7
14
14
14
15
10
7
10
6
13
14
1
6
10
8
13
13
9
10
14
9
6
9
16
6
10
14
7
15
1
7
11
11
14
6
8
13
14
6
16
1
14
8
9
7
0
8
16
11
1
15
0
10
8
9
13
13
10
7
0
15
13
14
13
1
10
13
16
1
11
14
9
7
0
16
15
1
6
1
6
14
14
14
0
0
6
15
13
10
8
15
9
16
13
11
10
1
1
15
16
1
13
6
6
8
14
7
15
13
7
0
0
9
6
7
13
10
0
16
1
8
8
16
6
15
1
1
9
10
13
9
8
7
11
11
0
13
9
10
6
10
14
11
11
6
11
11
9
15
6
13
15
8
16
16
11
9
13
15
8
1
15
1
7
10
10
8
8
13
16
13
14
8
