0
16
13
6
15
11
13
14
7
15
16
14
15
14
0
10
6
14
7
9
16
11
13
10
7
15
16
15
8
11
6
1
13
0
15
9
6
11
16
8
7
9
15
11
15
1
8
16
9
14
10
16
14
7
1
15
7
8
9
11
10
7
8
8
7
11
6
15
13
6
11
1
14
0
7
11
15
0
9
1
7
14
6
10
11
1
7
6
15
1
8
8
8
8
8
15
16
11
11
16
15
15
13
6
1
1
13
8
9
14
7
6
14
0
1
14
10
14
16
15
6
13
8
9
10
11
14
11
1
9
1
6
7
11
13
7
1
15
9
15
11
13
14
7
16
0
13
10
1
14
14
7
15
15
7
1
0
11
6
1
7
0
15
15
0
1
1
14
16
15
6
16
1
0
15
7
16
11
1
13
16
14
11
1
1
11
6
9
8
0
15
16
14
10
9
9
1
1
15
1
13
6
0
9
16
14
9
0
9
11
8
10
7
6
11
15
6
9
15
8
15
0
15
11
10
7
11
1
7
16
6
7
11
8
10
11
0
16
7
10
9
8
7
14
8
7
16
9
9
7
11
14
8
10
6
9
15
15
15
9
14
11
0
16
11
14
8
11
8
13
15
7
14
9
6
0
11
6
13
9
1
16
13
7
9
11
16
7
16
11
15
13
1
8
7
16
11
10
1
15
9
16
15
