6
13
14
1
8
7
13
13
11
11
6
13
14
14
0
16
13
14
9
0
16
15
8
8
9
9
1
9
8
1
7
0
7
15
10
10
8
10
1
15
15
6
0
13
7
10
6
14
1
0
6
8
15
10
8
10
7
11
1
14
8
7
13
13
7
10
0
10
11
15
9
13
8
10
6
8
0
16
8
16
8
8
0
15
10
6
15
11
0
0
6
13
14
9
10
7
10
1
10
14
10
1
8
0
15
15
1
9
7
6
11
6
11
14
9
13
8
1
0
13
1
16
13
14
13
11
14
1
11
1
11
9
7
0
1
7
10
10
13
6
16
0
16
0
11
11
13
13
13
1
7
14
11
14
6
14
8
7
8
7
1
11
6
6
13
13
8
16
11
11
1
8
16
9
8
1
9
6
6
13
9
6
11
14
13
13
11
16
15
16
16
0
11
14
16
11
6
8
8
10
13
1
13
15
13
9
14
15
13
10
13
9
13
15
14
6
15
10
16
6
6
16
14
15
9
16
11
15
13
1
9
16
14
16
8
16
11
15
14
7
6
10
9
11
0
6
14
9
6
0
13
0
9
7
7
0
11
8
7
1
10
10
0
14
13
16
10
0
13
16
13
9
7
6
9
8
13
8
15
16
1
7
15
13
11
7
10
9
1
16
0
1
9
10
16
14
6
1
11
13
0
16
11
