1
6
16
14
11
0
1
11
11
14
9
0
15
14
7
15
7
10
16
9
1
16
6
6
15
16
14
11
9
14
15
13
16
11
16
13
15
0
1
15
9
6
16
11
16
6
11
7
9
16
11
15
6
7
16
0
1
15
7
10
6
10
7
0
13
14
16
8
6
14
0
1
7
16
10
8
15
1
15
14
16
0
11
0
10
15
13
11
11
9
9
10
10
8
14
15
13
16
1
16
8
10
13
13
9
13
16
8
8
6
10
14
11
13
6
13
13
0
1
1
9
13
9
11
1
13
16
14
15
11
13
7
16
0
14
7
15
0
16
13
7
10
14
13
16
8
10
6
7
9
11
11
9
14
9
10
10
1
14
11
13
15
9
7
16
16
14
13
0
14
8
13
16
16
14
15
7
0
9
15
8
15
6
15
10
9
11
9
16
7
16
9
1
16
11
14
0
15
1
16
13
7
0
7
11
10
8
16
15
8
16
6
15
11
13
15
8
16
10
8
13
15
16
11
10
13
8
16
14
0
15
0
13
7
14
10
10
8
6
6
7
16
14
6
16
13
16
15
7
16
6
11
8
0
9
7
6
8
16
0
6
0
1
1
0
14
7
0
9
15
8
0
7
6
10
1
15
11
6
1
13
9
9
11
16
11
14
14
10
11
8
0
10
10
10
0
10
1
10
10
10
16
16
