0
16
13
14
10
13
6
14
7
15
16
1
15
14
0
10
10
0
13
9
16
11
13
10
7
15
16
15
6
11
10
1
13
0
15
9
6
11
15
8
16
13
15
6
15
7
8
16
9
14
13
16
14
11
14
15
7
8
9
11
10
7
8
8
7
11
14
0
13
13
11
13
14
0
7
13
15
7
11
1
13
14
6
10
11
1
7
6
15
1
13
8
8
8
8
15
7
11
11
16
15
15
11
6
15
1
9
8
9
6
8
6
11
0
1
7
11
14
11
15
6
13
6
6
0
11
11
9
15
9
1
11
14
11
13
7
13
9
9
14
11
13
14
7
10
0
13
10
15
9
14
6
13
9
7
1
10
11
8
1
7
14
15
11
14
1
11
14
16
15
0
6
10
0
15
7
13
11
8
13
16
14
11
1
1
11
10
9
8
0
15
16
11
10
10
9
1
6
16
16
1
6
13
7
16
14
16
0
9
11
8
10
14
1
15
15
6
9
15
8
10
6
15
1
10
7
11
1
7
16
16
1
11
0
10
8
0
16
7
10
9
14
7
14
8
7
8
15
6
7
13
10
0
16
6
9
15
15
15
15
14
11
0
16
0
14
8
11
1
11
1
14
11
14
11
0
11
6
10
14
11
16
16
7
9
8
16
7
16
11
15
13
15
1
7
16
11
10
1
7
9
11
15
