13
16
13
7
7
13
14
14
10
15
6
1
15
14
0
15
10
0
11
9
6
11
13
16
8
15
11
15
8
11
9
11
6
15
14
14
16
7
15
8
8
0
13
6
15
15
8
16
9
16
13
16
14
11
14
15
8
16
9
11
10
7
8
10
7
11
14
14
0
6
11
1
14
13
7
11
15
7
11
16
14
1
6
15
1
1
7
16
15
16
13
8
11
8
6
9
7
11
11
16
1
15
0
6
10
15
9
15
14
6
8
6
11
0
1
7
14
14
16
14
6
13
8
6
10
16
7
6
14
0
13
11
11
15
13
9
0
15
13
1
11
13
14
7
10
0
13
10
9
7
0
9
15
16
7
15
16
1
11
1
15
8
16
8
6
1
1
14
14
15
9
13
10
0
0
7
13
11
1
13
1
13
11
10
16
15
15
9
8
10
16
16
14
10
6
14
10
6
15
16
16
6
13
11
16
6
16
6
9
11
13
16
14
15
15
15
15
16
15
8
8
11
15
14
15
7
11
14
7
16
16
1
6
16
6
8
1
13
11
11
16
14
13
14
10
7
8
11
6
11
8
10
0
14
6
16
15
15
0
15
6
11
0
16
8
11
0
11
10
10
15
16
14
7
11
0
11
1
10
6
11
16
16
11
13
7
16
8
6
8
15
13
15
1
7
7
11
10
9
16
9
16
15
