15
14
9
11
15
1
16
15
10
9
16
7
15
9
8
15
14
6
14
13
16
11
14
13
13
8
16
15
8
14
8
10
14
13
16
16
6
13
13
13
11
9
0
15
9
16
8
16
7
10
11
15
9
7
9
15
7
8
16
11
15
11
6
15
7
1
16
9
10
10
11
13
16
16
16
9
15
8
11
13
10
13
13
7
13
13
7
1
15
9
14
11
14
13
8
11
16
11
11
7
15
9
14
1
11
1
10
11
11
14
14
6
14
13
1
15
11
13
6
11
0
15
11
0
1
11
14
14
14
9
13
6
11
11
16
14
14
1
14
9
7
0
14
15
11
10
13
15
16
0
1
15
0
1
0
16
14
13
15
7
8
0
15
6
0
8
13
6
16
15
10
13
1
15
0
7
9
10
7
9
0
14
13
1
15
14
15
9
8
11
11
16
14
10
9
16
9
14
16
14
14
8
10
1
8
14
16
9
14
11
10
14
15
11
11
15
6
8
16
6
10
0
15
15
10
7
8
1
16
14
7
1
7
6
10
15
6
16
14
15
10
6
15
13
15
14
14
9
11
11
7
15
8
0
6
11
14
15
13
8
14
11
15
8
13
14
13
11
13
14
14
14
7
1
11
15
7
8
10
10
15
0
1
9
7
15
0
7
14
10
15
13
15
1
0
16
11
10
1
11
7
11
10
