15
6
14
11
7
0
16
6
9
8
14
7
7
9
9
7
0
11
6
0
11
8
0
9
14
10
6
7
9
11
14
9
16
10
16
0
14
1
1
6
16
16
1
13
9
10
9
13
10
1
14
9
1
14
13
10
10
15
0
16
6
9
11
15
13
16
10
1
11
7
6
1
13
16
8
8
11
7
0
14
9
15
10
1
15
6
1
11
8
11
9
15
1
13
15
9
14
15
0
6
11
6
16
7
11
0
10
8
13
11
10
9
11
0
14
9
13
9
1
16
16
11
13
14
15
13
15
11
14
11
15
11
10
0
7
8
14
16
16
6
15
8
14
14
7
6
16
1
16
1
7
0
9
9
6
0
7
0
7
11
7
15
10
15
1
8
1
11
6
10
13
10
13
15
16
7
11
7
1
15
6
9
1
0
1
1
10
16
6
1
7
11
14
9
10
10
15
11
11
15
14
7
1
7
16
10
8
8
7
0
11
1
15
16
7
15
6
6
15
14
16
1
15
14
6
7
7
14
6
16
9
0
7
13
7
10
10
15
1
8
16
16
8
11
14
13
1
9
13
0
11
16
16
15
1
14
6
8
16
14
8
7
8
1
9
13
11
16
15
9
16
16
1
8
10
8
0
10
10
11
14
10
14
7
7
1
11
7
14
16
10
13
16
13
10
14
10
16
10
11
14
10
11
