15
0
1
16
7
13
7
14
10
7
14
14
15
8
11
11
10
11
8
16
6
10
14
16
0
16
13
10
8
10
9
9
14
0
1
8
0
15
10
6
9
7
1
16
15
16
13
16
10
9
14
11
11
13
13
13
1
6
9
8
9
16
14
16
1
16
9
11
16
15
7
13
8
0
16
11
6
14
0
6
6
11
7
1
8
6
9
0
15
10
1
15
9
16
11
1
10
13
6
16
8
11
15
9
16
13
11
16
7
15
0
1
14
8
13
8
1
8
9
9
16
11
13
0
16
13
0
6
10
11
6
14
15
14
8
8
9
15
13
6
8
11
6
14
10
16
6
14
14
14
7
0
9
0
1
8
13
13
7
11
13
1
15
15
16
9
16
10
13
14
13
6
13
10
10
11
9
1
14
1
8
9
8
0
16
14
14
9
14
11
1
1
6
9
15
8
15
15
15
9
9
1
10
13
6
11
16
9
7
15
0
8
11
15
11
11
16
6
0
16
1
9
15
14
1
13
1
15
16
0
11
11
14
8
6
16
10
9
15
16
11
15
8
13
1
9
11
8
11
14
13
6
7
7
13
8
6
10
6
8
0
6
0
13
14
6
1
11
14
9
10
15
9
6
11
10
15
7
11
0
14
10
14
13
10
1
16
13
1
11
0
10
14
10
14
6
8
11
14
0
10
8
6
