6
11
10
6
10
16
7
0
13
10
1
8
8
6
8
14
1
14
10
13
10
10
15
8
6
9
9
7
10
6
13
1
6
10
8
13
16
15
9
9
15
6
6
15
10
16
11
1
8
6
10
6
16
10
0
6
11
11
16
7
15
11
1
0
16
15
13
7
6
9
13
11
8
13
0
8
16
14
15
0
1
1
1
15
13
13
15
1
13
9
0
8
0
13
6
10
14
6
8
10
10
13
15
11
7
13
14
9
14
11
6
9
16
1
11
14
13
8
1
1
10
7
8
0
15
6
6
9
16
9
6
7
15
13
11
8
14
14
8
16
15
11
7
15
9
14
13
7
6
15
7
9
8
1
14
6
8
13
13
15
10
0
1
10
14
14
16
9
14
13
1
8
14
15
0
13
14
0
7
14
11
15
9
10
11
16
11
15
9
13
16
16
8
1
6
9
11
16
6
9
7
14
14
11
14
8
13
1
10
8
8
10
0
15
0
11
16
0
9
1
14
15
13
8
0
16
1
1
8
0
14
16
14
16
8
0
1
9
8
14
0
1
11
1
14
6
8
6
1
11
15
9
9
0
10
6
10
16
13
11
8
13
7
13
16
11
16
10
14
1
14
15
0
7
0
8
10
15
1
11
1
9
11
1
7
14
1
16
13
8
15
15
15
9
8
11
16
16
16
10
7
9
8
