15
16
14
14
15
15
16
14
10
6
16
6
15
6
9
16
10
6
16
13
16
10
8
10
1
9
16
15
8
11
6
6
14
13
16
16
6
8
15
13
11
9
15
1
15
16
8
16
10
1
11
15
1
1
10
15
14
8
9
15
15
11
6
8
9
1
16
0
10
10
11
11
14
9
1
13
15
9
16
1
10
13
7
1
13
11
7
6
15
1
1
15
14
13
8
11
16
1
11
7
15
16
13
1
15
1
1
11
11
14
16
6
14
13
1
7
11
10
6
10
0
15
11
9
1
11
14
14
14
9
1
13
11
11
16
14
14
15
10
15
11
16
14
6
16
10
13
15
1
0
1
10
10
1
0
11
10
13
13
7
8
0
15
6
0
0
11
0
16
15
14
13
1
0
14
7
13
11
7
16
6
13
15
1
1
14
15
9
8
6
11
16
14
10
9
9
9
14
16
14
14
6
10
1
8
14
16
14
13
11
10
0
7
6
11
15
6
9
16
8
15
0
15
15
10
7
8
13
16
1
7
1
10
8
10
15
0
16
14
15
10
6
15
6
15
7
16
9
6
11
7
16
11
16
6
9
14
15
13
16
14
11
0
16
0
14
0
11
13
14
14
14
7
1
13
1
11
0
14
10
15
1
1
16
0
0
0
14
16
11
15
13
15
6
9
16
11
10
1
11
6
11
10
