0
16
13
6
15
11
13
14
7
15
16
14
15
16
14
10
6
0
7
9
14
11
13
10
7
15
16
15
7
11
6
1
13
0
15
9
6
8
15
8
7
9
15
11
15
7
8
16
9
15
13
16
14
7
14
15
7
8
9
11
10
7
8
8
10
11
10
15
11
6
11
1
14
8
7
13
13
9
9
1
7
14
6
10
11
1
7
6
15
1
9
6
8
8
16
15
16
11
11
16
15
15
13
6
11
1
8
10
9
14
7
6
14
10
1
14
10
14
16
15
6
13
8
15
0
11
14
14
1
9
1
6
11
11
13
7
1
15
15
15
11
13
14
7
16
0
13
10
1
14
14
7
15
9
7
1
0
11
6
1
7
0
15
6
0
1
1
14
16
15
6
16
10
0
15
7
13
11
1
13
16
10
14
1
1
11
6
9
13
0
15
16
14
10
9
9
1
1
15
1
15
6
13
7
16
14
9
0
9
11
8
10
7
6
11
15
11
9
15
8
1
0
15
11
10
0
11
1
7
16
6
1
11
8
10
15
0
16
7
10
9
13
7
14
8
7
16
9
9
7
11
14
16
10
7
9
15
15
15
15
14
11
0
16
16
14
8
11
8
13
1
14
14
1
1
13
11
9
13
9
1
16
13
8
13
11
16
10
16
11
15
13
1
1
7
16
11
10
1
15
9
16
15
