15
6
6
11
7
0
16
15
9
14
14
7
7
7
6
7
0
11
16
0
11
13
8
16
11
8
0
7
9
8
14
13
16
6
15
13
14
9
13
6
14
16
1
11
8
9
9
6
10
6
14
9
1
13
8
10
10
14
0
11
6
9
11
15
13
16
16
7
11
0
15
1
13
16
7
10
9
7
0
0
7
15
10
1
15
6
1
10
8
11
9
15
10
9
14
1
11
15
7
6
8
11
16
7
14
13
10
10
6
11
13
7
11
13
14
9
13
9
9
16
16
15
13
11
13
13
15
16
14
11
7
11
6
0
7
8
14
0
16
11
15
8
6
9
7
6
16
1
16
1
6
0
9
15
6
8
7
0
16
11
11
8
10
7
0
15
1
13
6
0
13
9
13
6
15
7
13
7
1
15
6
9
1
0
9
10
11
16
6
7
7
8
14
9
1
9
14
15
16
15
14
7
0
14
16
10
16
1
7
16
11
1
8
11
7
14
6
6
0
1
6
1
15
6
13
10
7
14
14
0
9
0
16
16
7
10
10
15
1
8
1
16
8
11
14
13
9
10
13
0
14
16
16
7
14
7
6
8
16
14
15
7
8
1
9
13
11
10
1
9
16
14
0
8
10
8
13
1
6
11
14
10
10
7
10
1
11
1
13
16
8
13
14
13
10
13
10
6
14
0
10
10
11
