14
9
11
7
10
11
13
11
10
14
7
0
1
9
10
16
0
15
0
13
16
8
6
11
14
11
15
13
0
8
1
9
13
7
11
1
13
6
0
13
15
13
14
15
15
9
9
9
10
9
11
10
1
0
8
15
7
6
16
8
9
8
15
1
15
8
1
6
11
0
8
13
10
10
13
9
1
11
8
8
14
8
6
10
11
14
10
7
0
7
13
15
6
6
14
11
11
13
10
7
11
0
13
16
11
0
6
11
6
0
16
6
6
10
9
0
8
15
8
1
0
9
0
0
7
0
0
9
8
10
9
15
13
8
15
10
7
9
0
10
1
1
6
1
10
1
14
8
13
1
0
14
14
13
6
9
10
8
7
8
0
1
15
14
13
13
7
7
0
16
11
16
8
6
0
8
16
0
1
15
9
13
16
8
10
15
13
9
16
6
9
7
9
16
10
7
13
15
13
0
0
13
13
0
6
16
6
16
6
10
1
13
10
9
13
1
9
10
8
0
13
16
9
15
6
15
8
8
10
1
16
1
7
10
0
0
10
7
10
9
14
6
15
9
16
6
14
0
9
16
15
1
10
1
16
8
10
10
15
9
15
8
1
13
8
0
15
9
16
8
15
11
15
8
14
11
11
7
15
7
7
11
6
9
0
16
16
14
10
11
6
16
16
7
13
10
15
15
9
10
10
6
0
