0
16
7
8
15
0
10
14
8
11
1
14
15
8
0
10
6
14
14
9
16
7
13
10
9
16
8
15
8
11
10
13
13
0
15
9
15
11
16
8
7
9
15
11
15
1
8
16
9
9
10
16
8
14
1
15
7
8
9
11
10
7
0
8
7
11
6
16
13
6
11
13
6
0
15
11
15
9
9
1
8
14
6
10
10
9
11
6
15
1
8
8
0
8
0
15
16
11
11
9
15
15
13
6
14
1
9
8
6
11
7
6
14
0
15
14
1
14
13
10
6
14
16
9
10
11
14
14
1
9
1
1
7
0
13
7
1
15
14
15
11
11
14
1
16
0
13
8
1
14
14
7
15
15
14
7
0
11
6
1
7
0
15
15
13
1
1
9
8
15
6
16
1
0
15
6
16
11
1
13
16
11
11
1
14
11
6
8
8
0
10
16
16
10
16
9
15
1
15
1
1
6
15
0
16
15
9
0
9
11
8
16
7
6
11
13
16
10
15
8
15
0
15
11
10
7
11
0
7
9
15
1
13
8
10
15
0
16
7
10
9
8
7
14
7
7
16
9
9
7
11
14
8
10
6
9
16
15
15
9
14
1
0
16
13
14
8
11
8
13
15
10
14
9
6
0
1
6
11
9
1
6
13
13
13
11
16
7
16
11
15
13
10
8
7
16
11
10
1
15
9
16
15
