15
6
6
11
7
0
16
16
9
14
14
7
7
7
6
7
7
11
16
0
11
13
8
16
11
8
0
7
9
14
14
13
16
6
15
0
14
9
13
6
14
16
1
11
8
9
8
6
14
0
14
9
1
13
11
10
8
13
0
11
6
11
0
15
13
16
16
7
11
0
15
1
13
16
7
10
9
7
0
0
7
15
10
1
15
6
1
15
8
11
9
15
10
9
14
1
11
15
9
6
8
11
16
7
14
13
10
10
6
14
13
10
11
13
14
9
13
9
9
16
16
15
13
11
10
13
15
16
14
11
7
11
6
0
7
8
14
0
16
11
13
8
9
9
7
6
11
1
0
16
6
0
9
15
10
8
7
11
16
11
11
8
10
7
0
15
13
13
6
0
13
9
13
6
10
7
13
7
1
8
6
9
14
0
9
10
11
11
6
10
14
9
14
14
1
9
14
15
16
15
14
7
0
14
16
10
16
1
7
16
11
1
8
11
7
14
6
6
0
1
6
1
15
6
13
10
15
14
14
0
9
6
16
16
8
10
10
15
0
8
1
16
8
11
14
13
1
10
13
0
14
16
16
7
8
0
6
8
16
14
0
7
8
1
9
13
11
10
1
9
16
14
0
8
10
8
13
1
6
7
14
15
10
7
14
1
11
1
13
16
8
13
14
13
10
13
10
6
14
0
10
10
11
