8
6
16
14
14
0
13
11
7
14
9
8
15
14
7
15
11
10
16
9
1
16
10
6
8
16
14
14
9
14
7
13
16
16
0
9
15
0
1
15
13
6
16
11
1
6
11
7
9
16
13
10
6
10
16
0
8
15
8
10
6
10
7
11
7
14
14
8
6
14
0
1
7
16
8
16
15
6
7
15
16
0
1
7
10
15
13
11
7
9
9
10
10
8
14
6
13
16
1
16
8
10
13
13
15
13
8
8
8
6
10
0
11
13
10
0
13
0
1
1
9
14
9
11
1
13
16
0
6
11
13
7
16
0
14
7
15
0
14
13
11
0
1
13
16
8
10
6
7
9
11
11
9
16
9
10
10
1
14
11
13
15
9
14
16
16
7
13
0
14
16
13
16
6
14
15
10
7
9
15
8
15
6
15
10
9
11
9
7
6
14
9
8
16
10
0
13
15
16
16
13
7
0
0
0
10
8
16
15
0
16
6
15
11
13
15
8
16
10
8
13
10
10
11
10
13
8
7
14
0
15
0
13
7
14
10
10
8
8
9
7
16
14
15
16
13
16
15
7
16
6
11
8
14
15
7
1
8
1
0
6
14
1
1
0
14
7
14
7
15
8
0
11
0
6
16
9
11
6
14
10
9
9
11
16
11
7
14
10
11
14
0
10
7
10
15
1
11
10
10
10
11
16
