15
6
6
11
7
0
16
15
9
14
14
7
7
11
6
7
15
11
16
0
10
13
8
16
11
8
0
7
9
8
14
13
16
6
15
13
9
9
13
6
14
16
1
11
8
9
9
1
10
6
14
9
16
13
8
15
10
14
0
11
6
9
11
15
13
16
16
0
11
0
15
1
13
16
6
10
9
13
0
0
7
15
10
9
11
6
1
10
8
11
16
15
10
9
14
6
11
15
7
6
8
6
16
16
14
13
10
10
7
9
13
7
11
13
11
1
13
9
9
16
16
15
13
11
13
13
15
16
14
11
7
11
9
0
7
8
14
0
16
11
15
8
6
9
13
6
16
1
16
1
6
0
9
15
16
8
7
0
16
11
11
8
10
7
0
15
1
13
6
0
13
9
13
6
1
7
13
7
1
15
7
9
1
0
9
10
11
11
6
10
7
1
14
9
1
9
14
10
16
15
7
7
0
14
16
10
16
1
7
0
11
1
8
11
7
14
6
6
0
1
6
1
15
6
13
7
7
14
14
0
9
16
8
16
7
10
10
0
1
8
1
16
8
14
14
10
10
10
13
0
1
16
16
7
16
7
6
8
16
14
15
7
8
1
9
13
11
13
1
9
16
14
0
11
10
8
15
1
6
11
14
10
10
11
10
1
11
1
13
16
8
13
14
13
10
13
9
6
8
0
10
10
11
