13
16
13
7
15
13
6
14
10
15
9
1
15
14
0
15
10
0
11
9
14
11
13
10
16
15
11
15
8
11
10
16
13
0
14
9
6
11
15
8
8
9
16
6
15
15
8
16
9
14
13
16
14
11
14
16
15
8
9
11
10
7
8
8
7
11
14
14
13
6
11
1
14
14
7
13
15
7
11
1
7
14
6
10
10
1
7
16
15
1
13
8
8
8
6
15
7
11
8
16
15
15
7
6
15
15
9
15
9
6
8
6
11
0
1
16
11
16
16
14
6
13
14
6
8
0
7
10
15
10
1
11
14
11
13
10
0
13
9
14
11
13
14
7
10
0
13
10
9
16
0
7
15
9
7
1
16
11
8
1
7
8
15
15
0
1
13
14
0
15
8
14
10
0
15
7
13
11
1
13
14
14
11
1
16
11
15
9
8
0
9
16
14
10
10
0
1
6
15
16
16
6
13
11
16
14
16
1
9
11
14
10
14
16
15
15
15
16
15
8
10
11
15
14
10
7
11
1
7
16
16
1
11
7
9
8
13
10
7
10
16
14
7
14
8
7
8
6
6
10
8
10
0
14
6
16
15
15
8
15
7
11
0
16
0
14
8
11
10
10
11
6
14
7
11
0
11
13
10
14
11
16
16
11
9
8
16
8
16
11
15
13
15
1
9
16
11
10
1
15
9
1
7
