15
7
9
14
13
8
15
13
14
11
7
14
15
7
11
16
11
16
11
11
10
10
10
16
9
0
6
13
0
10
0
13
11
9
14
0
6
0
8
14
16
8
11
6
15
0
1
13
15
7
16
16
10
15
9
9
15
1
0
11
13
0
1
16
6
11
15
7
14
11
0
0
9
13
11
6
1
15
0
15
15
14
1
8
10
0
16
6
6
15
16
9
9
7
14
6
9
7
1
0
8
1
7
6
0
6
16
8
6
6
9
14
0
11
11
9
8
11
15
11
15
13
10
13
6
16
15
14
7
16
11
11
7
16
0
11
14
8
14
8
1
13
14
16
14
11
11
11
6
11
11
1
16
11
11
14
16
7
10
7
11
13
1
8
13
10
13
0
6
7
11
13
10
6
1
16
6
6
16
10
7
13
9
7
11
11
16
16
9
14
15
7
11
11
15
13
10
0
14
14
13
13
13
1
1
13
11
6
11
14
7
16
0
16
7
8
6
15
11
9
15
1
9
6
13
7
1
13
7
14
1
7
16
11
1
13
6
6
14
0
13
0
16
9
13
0
8
7
1
15
8
1
6
11
11
1
11
8
0
6
6
14
15
6
16
9
15
0
11
8
10
7
11
8
7
9
10
11
1
1
16
6
8
15
9
8
9
14
13
13
7
15
1
0
7
8
1
16
1
6
6
1
7
