15
6
6
11
16
0
16
6
9
14
14
7
7
9
10
7
0
11
15
0
11
13
10
16
14
10
6
7
9
15
14
13
16
6
16
13
14
1
1
6
16
16
1
13
8
1
9
6
10
11
14
9
1
14
13
10
10
14
0
16
9
9
11
15
13
16
10
10
11
16
6
1
13
16
0
9
11
7
0
14
7
15
10
1
15
6
1
11
8
6
9
15
10
9
14
9
14
15
0
6
11
14
16
7
11
0
10
8
6
11
9
9
11
13
14
9
13
9
9
16
7
11
13
14
13
8
15
16
14
11
7
11
10
0
7
8
14
16
16
11
15
8
6
14
7
6
16
1
16
1
7
0
9
15
6
13
8
0
7
11
11
15
10
15
0
8
1
11
6
0
0
10
13
6
15
7
11
7
1
15
6
9
1
15
15
10
10
16
6
7
7
11
14
9
10
9
14
15
14
15
14
7
0
14
16
10
16
1
7
16
11
1
8
11
7
11
0
6
0
14
16
1
15
14
6
7
7
14
16
16
9
0
7
13
7
10
6
15
1
8
16
16
8
11
14
13
1
9
13
0
11
9
16
7
14
0
6
8
16
14
8
7
8
1
0
13
15
16
15
9
16
10
0
8
10
8
0
1
10
11
14
11
14
7
10
1
11
7
14
16
10
13
14
13
15
14
10
16
16
11
10
10
11
