11
16
13
11
15
14
13
14
7
6
16
7
15
15
0
9
10
6
11
13
16
11
13
11
1
7
13
15
10
11
6
6
13
13
16
16
9
16
9
0
14
13
15
0
15
0
15
7
10
8
11
16
15
16
14
15
10
8
9
15
15
16
15
8
7
11
8
10
10
6
11
16
14
9
10
13
15
8
16
1
9
13
6
10
6
1
8
6
15
1
14
10
14
13
8
0
16
11
8
7
15
15
13
6
15
1
1
14
9
14
7
0
14
13
1
11
10
13
16
10
6
15
11
0
1
11
14
14
14
9
1
14
7
11
16
10
7
16
10
15
8
13
14
7
6
10
13
10
1
1
6
7
15
1
0
11
13
10
13
16
7
0
15
6
11
0
14
14
16
15
10
16
1
0
11
7
13
11
16
7
16
14
6
1
13
14
15
9
15
1
15
16
14
10
11
9
9
14
7
14
14
6
13
1
1
14
16
6
9
11
15
9
15
16
11
13
14
9
11
8
15
7
15
11
13
0
15
0
1
6
7
1
11
8
10
15
0
16
14
15
9
14
15
6
15
15
16
9
9
11
1
11
0
16
6
9
11
15
13
0
14
11
9
16
13
13
8
11
13
14
14
14
7
1
6
10
11
6
10
14
7
1
1
9
6
8
7
7
11
11
11
13
6
6
14
16
11
10
1
16
11
16
10
