15
15
16
7
15
11
10
14
8
11
6
14
15
14
10
0
6
9
6
0
16
7
13
10
10
1
13
6
6
15
8
1
13
6
7
0
6
11
16
8
7
1
0
14
15
0
6
15
9
7
10
16
6
7
10
1
11
13
0
11
10
7
0
8
1
11
9
6
8
6
11
1
14
0
13
13
15
13
9
10
13
14
13
10
14
11
0
14
7
1
8
8
16
8
0
15
16
11
11
1
10
15
13
11
7
16
13
8
9
14
14
16
16
13
15
0
10
6
15
14
6
8
16
9
13
7
16
15
16
13
8
6
7
11
1
15
0
11
14
11
7
9
14
1
11
7
13
11
1
14
6
15
15
10
14
1
14
7
15
1
7
0
6
7
13
0
1
14
11
11
0
16
1
0
9
13
9
11
0
13
14
13
11
8
9
10
0
14
7
0
0
14
14
10
16
7
1
13
1
1
1
6
0
14
11
8
9
6
11
0
15
11
7
9
11
13
9
9
15
1
15
0
15
6
15
7
11
8
7
7
16
16
13
1
0
15
15
16
15
13
16
8
7
14
7
8
7
1
7
8
11
6
11
10
13
9
11
15
15
9
14
11
15
16
0
15
15
14
0
16
7
14
14
11
6
7
16
13
6
16
15
14
13
13
13
1
10
10
9
14
15
10
13
8
7
16
11
6
1
15
9
16
8
