11
0
16
0
14
16
10
13
8
15
1
14
7
14
14
0
6
9
7
10
15
14
13
14
14
10
8
6
7
15
8
1
16
6
14
7
1
0
8
8
7
13
9
6
15
14
15
10
14
8
10
16
16
6
10
1
8
11
8
11
0
7
9
1
0
11
6
16
8
8
9
1
11
16
14
11
11
13
13
8
13
10
13
10
14
1
8
14
8
15
8
8
15
9
0
15
9
14
1
15
9
16
13
16
14
1
1
11
6
13
8
15
16
0
16
16
7
14
13
15
6
9
16
13
13
0
8
13
15
8
13
1
7
6
15
15
14
11
13
14
15
14
14
8
15
16
13
10
1
1
6
6
16
15
16
16
7
9
15
1
7
0
10
8
11
0
7
14
11
13
0
16
1
7
15
10
8
9
0
13
16
16
11
13
9
14
15
15
13
0
11
10
0
11
16
0
14
8
16
16
15
6
0
9
9
8
10
14
14
6
15
16
16
8
14
7
8
16
0
9
9
11
16
7
15
7
16
8
7
0
16
14
13
11
8
16
7
13
13
10
9
8
7
13
0
8
6
11
1
7
11
7
7
11
14
9
14
9
15
1
16
6
16
16
7
14
15
10
6
7
8
1
13
7
6
15
1
6
9
16
6
6
9
11
9
13
15
0
13
10
8
8
15
10
7
16
16
11
14
16
16
16
6
