15
6
6
11
7
16
16
7
9
14
0
7
7
6
6
7
0
11
9
10
11
11
7
16
11
8
0
13
9
8
14
6
11
6
0
13
15
13
13
14
14
16
1
11
8
9
9
6
15
6
14
1
1
13
8
1
10
10
0
15
13
9
11
9
11
16
16
7
13
11
10
14
14
14
7
10
9
7
0
6
7
15
10
8
14
6
7
13
8
11
9
15
10
9
14
1
8
15
7
6
8
16
16
15
14
15
10
10
13
13
13
7
11
13
14
9
13
1
9
16
16
15
0
11
6
1
1
16
14
11
7
10
6
0
7
14
9
0
16
11
15
8
13
13
6
6
16
14
16
13
6
13
9
14
7
8
7
0
16
11
16
8
10
7
0
15
1
13
7
0
13
1
13
6
15
7
13
0
1
15
6
11
1
0
9
10
11
15
11
7
7
0
14
16
11
9
14
15
10
15
14
7
0
14
0
10
9
1
7
7
11
1
8
11
11
14
6
1
0
1
6
13
15
6
13
0
7
14
14
0
11
0
16
16
6
10
10
16
1
7
1
6
8
11
14
13
8
10
9
0
9
7
16
11
14
10
13
8
8
11
8
13
0
10
9
6
1
14
1
9
13
15
14
14
10
8
11
10
16
11
14
6
10
7
10
1
11
1
15
16
8
13
14
13
8
13
1
6
14
0
10
10
11
