13
8
15
15
11
13
9
0
15
16
13
10
16
16
1
1
1
15
13
16
16
0
13
15
16
15
13
0
15
8
9
10
15
1
14
16
10
15
8
7
7
0
8
8
6
10
16
14
0
13
10
1
10
13
0
0
7
14
1
0
0
16
6
13
1
13
9
6
6
13
11
15
0
7
11
6
11
0
1
16
14
7
14
9
8
14
8
0
11
11
0
11
0
16
13
13
9
16
0
13
7
13
16
10
7
10
9
1
1
6
14
0
0
11
10
15
9
13
7
10
14
10
11
0
15
15
9
15
13
15
11
7
14
10
1
14
14
0
6
8
6
13
8
11
15
7
13
9
15
16
0
14
16
15
6
10
0
8
16
15
15
6
15
6
7
14
0
16
1
14
1
11
14
10
11
1
1
1
14
9
13
8
14
1
14
6
6
10
7
15
15
9
15
1
0
1
13
7
6
9
11
8
13
16
6
9
15
1
15
10
11
0
15
10
0
7
7
7
8
6
1
0
1
10
14
11
15
16
1
8
11
8
7
6
14
6
8
9
16
8
14
7
10
0
15
10
9
7
14
0
0
10
0
15
0
8
0
13
11
16
1
13
15
11
8
15
15
6
7
1
6
15
6
6
15
10
0
7
6
7
9
13
14
13
13
15
9
1
10
6
6
1
0
0
15
13
10
8
9
8
16
0
1
