15
7
1
10
15
16
7
11
13
9
8
16
10
14
7
0
9
15
10
0
1
1
10
1
6
1
16
15
14
0
6
1
15
7
11
15
7
1
14
7
9
16
7
16
15
16
8
16
16
10
8
6
10
15
10
8
13
16
8
8
11
9
10
7
13
14
15
13
15
9
1
16
8
9
16
7
10
13
9
13
16
8
9
1
8
7
9
16
1
15
8
0
8
16
1
8
11
6
1
9
9
1
7
10
0
14
13
7
11
6
1
9
0
16
7
9
8
8
11
9
0
15
8
8
6
7
6
16
10
14
0
16
0
16
8
16
8
9
1
14
13
14
10
10
6
10
8
14
8
0
10
1
6
14
0
15
10
0
9
8
0
9
11
16
0
9
6
6
16
13
15
13
8
10
8
16
14
9
1
0
8
7
13
7
8
1
11
11
16
6
15
8
8
16
13
15
16
14
16
15
1
13
8
16
1
16
15
11
9
9
9
10
9
8
0
13
6
11
13
7
7
11
9
7
8
0
8
15
1
9
13
0
15
15
0
1
16
0
8
15
0
13
10
16
6
16
9
14
0
10
9
6
15
11
10
11
1
1
1
13
13
6
9
13
6
13
6
16
15
9
15
9
15
15
11
14
13
1
16
8
13
7
1
15
13
0
0
0
11
8
11
8
0
1
6
16
10
1
10
10
9
0
10
