0
0
11
11
7
15
1
14
16
15
10
13
13
7
15
10
7
10
11
10
14
8
6
0
7
8
14
9
11
11
10
6
11
14
0
0
16
10
7
1
8
11
16
13
11
7
11
14
10
0
1
10
1
7
11
0
1
1
15
15
10
0
0
7
8
7
14
8
10
15
9
14
14
11
11
14
0
6
13
16
15
6
9
14
9
16
10
14
8
0
10
1
14
9
13
1
6
0
13
9
10
1
9
1
15
6
0
7
0
13
11
14
0
9
15
16
13
14
0
1
1
8
11
1
10
9
15
1
13
6
15
11
6
16
14
13
9
0
0
16
13
8
7
13
9
6
11
6
0
1
1
10
13
7
15
1
6
16
14
9
0
8
8
6
6
11
11
14
0
7
9
14
15
7
14
13
8
6
8
0
8
1
6
15
7
15
0
15
10
16
0
7
8
10
0
14
14
15
10
7
16
1
13
14
9
7
15
0
1
14
7
8
11
0
1
1
11
15
8
9
0
11
11
14
9
7
7
1
6
10
11
6
14
10
8
0
16
13
9
10
13
14
9
8
6
10
7
13
13
13
8
1
15
15
8
1
11
13
9
13
6
9
9
11
1
8
15
1
8
15
14
10
7
11
8
9
15
1
16
8
10
0
14
9
7
10
7
6
8
6
1
7
1
10
6
9
7
10
11
8
14
8
15
