14
7
7
15
6
16
10
1
1
9
14
10
7
8
14
10
0
6
7
15
11
8
1
0
11
1
8
0
15
11
16
15
9
6
13
16
16
11
7
13
15
16
13
14
13
10
13
8
8
10
9
11
1
8
11
15
11
11
9
7
11
8
0
11
14
11
1
11
10
8
16
15
6
16
11
14
9
9
16
14
8
10
16
15
7
11
14
1
1
14
0
13
11
10
14
15
11
0
13
14
16
13
11
10
8
1
11
8
15
13
8
8
14
16
1
7
11
14
8
8
11
11
9
15
8
16
11
14
7
10
11
7
15
7
10
11
0
7
11
10
9
11
13
9
14
0
14
16
14
10
8
15
14
7
11
14
13
7
8
1
1
8
1
11
1
9
7
14
0
0
11
14
9
11
13
7
16
14
7
16
1
6
11
14
14
1
9
13
1
16
11
15
10
11
0
10
15
7
13
13
11
13
8
11
13
15
9
9
11
10
10
9
9
16
13
8
7
16
8
1
8
11
15
10
10
13
14
15
7
1
6
9
14
7
6
9
0
10
7
13
13
13
14
14
14
9
6
8
9
7
8
1
8
8
0
7
0
15
14
10
8
9
11
14
9
8
6
15
1
10
11
9
15
16
8
16
15
14
14
11
9
7
13
11
7
15
0
13
16
8
16
11
14
11
8
13
0
14
15
13
0
16
16
