1
6
8
14
14
11
13
11
7
14
9
16
15
7
7
15
10
0
16
9
11
8
16
6
8
14
0
11
7
14
14
13
16
15
0
13
14
15
1
16
13
6
16
11
1
6
11
7
13
16
13
0
6
10
13
7
8
15
0
10
6
10
7
11
7
9
16
9
6
14
0
1
14
16
8
0
15
1
11
6
16
0
1
7
11
15
13
10
8
16
14
10
10
9
14
6
11
16
6
6
8
10
16
13
15
13
15
14
8
6
10
0
14
13
10
13
13
10
1
16
9
7
13
11
9
13
16
9
6
11
7
7
16
0
10
1
15
0
16
13
11
11
8
14
15
8
13
16
7
9
6
11
9
16
6
8
10
0
14
11
13
15
9
14
16
16
1
13
0
14
1
13
16
6
14
15
7
7
1
14
0
15
8
6
9
15
11
0
14
10
16
9
8
11
15
0
13
15
16
16
14
7
0
9
0
10
8
16
15
0
16
6
9
11
6
14
6
16
10
7
13
11
16
9
10
13
8
7
14
0
15
0
13
6
14
10
10
8
8
10
7
16
14
15
6
13
16
9
7
10
7
16
7
14
14
7
1
8
1
14
6
14
1
1
0
14
8
14
8
9
16
0
0
7
6
15
15
11
6
1
10
10
9
11
16
11
7
14
11
11
9
0
14
0
10
14
1
1
14
10
10
14
16
