15
0
6
9
7
14
7
15
1
7
14
14
15
8
11
11
10
15
8
16
8
10
14
16
0
16
13
10
8
14
6
13
14
0
9
8
0
13
10
6
9
7
1
16
15
9
13
16
10
9
11
11
11
13
13
13
1
6
0
13
13
16
14
16
1
16
9
11
16
0
7
13
8
0
16
11
6
14
0
6
6
15
7
1
8
6
9
0
11
10
10
10
11
16
10
1
10
13
6
16
8
11
15
9
1
1
11
16
7
11
0
1
14
6
14
8
1
9
9
7
16
11
13
0
16
13
7
6
14
11
6
14
15
14
8
8
9
15
7
10
14
15
14
14
0
16
6
14
14
14
1
0
7
11
1
8
13
13
7
11
13
15
10
15
16
9
16
10
13
7
13
11
13
1
10
11
9
1
14
1
8
9
8
9
16
14
14
9
14
9
1
1
6
9
11
8
0
15
15
9
9
1
10
13
6
11
16
9
7
15
0
15
11
6
11
11
16
14
0
16
1
7
1
14
15
13
1
15
16
0
11
6
14
8
7
16
10
9
15
16
11
15
8
13
1
16
11
8
11
14
15
0
7
7
13
8
11
10
6
8
0
6
8
13
1
6
1
11
10
9
10
15
9
6
11
10
15
7
8
14
14
10
10
8
10
7
1
13
1
11
0
13
7
10
14
6
8
11
14
0
10
8
6
