15
0
14
9
7
14
7
14
1
7
14
14
15
8
11
11
10
11
15
16
8
11
14
16
0
10
13
10
8
11
1
13
14
0
9
8
0
13
10
6
9
7
1
16
15
9
13
16
10
9
14
11
11
13
9
13
1
6
14
8
14
16
13
16
1
16
9
11
16
0
7
13
8
0
16
11
6
14
0
15
6
15
7
1
8
8
9
0
15
10
1
15
11
16
10
1
10
13
6
16
8
11
15
9
10
14
11
16
7
11
0
8
14
6
14
8
1
9
9
7
16
11
13
9
16
13
7
6
14
11
6
14
15
14
10
14
9
15
8
8
16
0
14
14
0
16
6
14
14
14
1
0
9
11
1
8
13
13
7
11
7
15
10
15
16
9
16
10
13
7
13
11
13
1
10
11
9
1
14
1
8
9
8
9
16
14
11
9
14
11
11
11
6
9
15
8
0
15
15
9
9
1
10
13
6
11
16
9
1
15
7
15
11
6
7
11
16
6
0
16
1
9
1
14
15
13
1
15
16
0
11
15
9
8
7
16
9
9
15
16
11
15
8
6
1
16
11
8
11
8
15
0
7
7
13
8
6
10
6
8
14
6
8
13
1
6
16
11
10
9
10
15
9
6
11
10
15
15
8
0
14
10
10
13
10
1
7
13
7
13
0
13
7
10
14
6
8
11
14
0
10
8
6
