1
6
8
14
14
11
7
11
8
14
14
8
0
7
7
15
10
0
14
9
11
10
7
6
8
16
0
15
15
14
14
13
16
6
15
13
14
9
13
6
13
6
1
11
14
1
14
7
10
16
13
0
6
10
13
7
10
15
0
11
6
10
11
11
13
1
16
7
6
14
0
1
14
16
8
13
15
14
6
6
16
11
1
7
11
6
13
11
8
16
0
10
10
9
14
11
16
8
7
15
8
15
16
7
15
13
10
13
8
9
10
0
11
13
14
9
13
13
8
16
9
7
13
11
9
13
10
7
14
11
7
7
16
0
10
1
14
0
16
13
11
11
15
14
11
8
15
6
7
1
6
11
9
16
6
8
6
0
16
11
13
15
10
15
16
16
1
13
0
14
7
9
16
6
8
7
7
7
16
16
14
0
8
6
9
15
11
0
14
10
16
8
14
8
15
0
16
15
16
16
14
7
0
9
1
10
1
16
7
15
8
15
7
11
7
14
6
16
8
6
13
11
10
11
8
13
7
7
14
0
9
0
6
16
8
10
10
15
1
10
16
16
14
15
14
6
9
10
7
10
7
16
7
7
14
7
10
8
16
14
6
14
1
1
13
14
8
10
9
9
16
0
0
7
9
8
13
11
6
1
14
11
9
11
15
11
7
6
16
1
9
13
14
0
10
14
1
1
14
10
10
14
11
