15
16
16
14
15
11
13
14
10
6
14
8
14
6
1
15
10
6
8
13
15
6
14
10
13
9
16
15
8
11
6
10
14
6
16
16
11
16
15
10
10
9
16
6
15
11
8
16
10
1
11
15
15
16
10
6
7
9
7
15
15
11
11
8
15
1
16
10
10
8
11
11
14
9
9
13
15
9
11
1
10
13
13
10
13
11
7
6
15
13
14
15
14
13
6
7
16
11
11
0
15
16
13
11
15
15
1
11
11
14
16
6
14
13
1
7
14
9
13
10
11
15
14
9
6
11
14
9
10
9
16
13
11
11
16
14
14
15
1
15
11
16
14
7
16
10
13
15
1
8
1
7
10
6
13
11
10
13
15
8
8
15
15
6
9
0
13
6
16
15
10
6
1
0
14
7
13
11
7
9
6
14
15
1
13
14
15
11
10
6
11
16
6
10
9
9
9
14
16
14
14
1
10
1
15
14
16
0
1
11
10
0
10
6
11
15
8
9
16
8
15
0
15
15
10
1
8
1
1
13
15
1
7
8
15
15
0
16
14
15
10
6
15
13
11
7
16
9
14
11
7
9
10
16
15
15
14
15
13
16
14
15
0
16
13
16
0
11
13
14
14
14
7
1
11
1
15
0
10
14
1
1
1
9
0
0
11
15
14
11
15
13
15
6
9
16
11
10
9
11
11
16
10
