15
16
16
14
15
11
13
14
10
6
14
8
14
6
1
15
13
6
1
11
15
6
14
10
13
9
16
15
8
11
6
10
8
13
16
16
11
16
15
10
10
9
16
15
15
7
8
16
10
1
11
15
15
10
10
6
7
8
7
16
15
11
11
8
15
1
16
10
10
8
11
11
14
9
9
13
15
9
11
1
10
13
8
10
13
11
7
6
15
13
14
15
14
13
6
7
16
11
11
0
15
16
13
1
15
15
1
11
11
14
16
6
14
14
1
7
14
13
13
10
8
15
14
9
11
11
14
9
14
9
16
9
11
11
16
9
14
15
1
15
11
16
14
13
16
10
13
15
1
8
1
7
10
6
16
11
10
13
15
8
0
15
11
6
11
0
13
0
16
15
10
6
1
0
14
7
13
14
7
9
6
14
15
1
13
14
15
14
1
6
11
11
6
10
9
9
9
14
16
14
14
1
10
6
8
14
16
0
1
11
10
0
7
6
11
15
8
9
16
8
15
0
15
0
10
1
8
14
1
13
15
1
7
8
15
15
16
16
8
15
10
6
15
13
11
7
16
9
7
11
7
9
14
15
15
9
14
15
13
16
14
11
0
16
13
16
0
11
13
14
14
14
7
10
11
1
15
0
10
13
1
1
1
9
10
0
11
7
14
11
11
1
15
6
9
16
11
10
1
11
11
16
10
