1
15
1
13
10
13
1
10
0
16
13
10
16
9
0
0
8
15
16
1
8
14
6
10
9
10
1
11
9
9
10
0
11
1
6
11
11
10
9
13
7
6
1
15
14
9
6
9
7
7
9
8
16
15
8
11
14
10
11
14
9
16
1
8
9
6
8
0
0
14
7
10
15
15
0
11
10
13
8
16
8
16
10
9
11
9
6
9
9
13
13
6
14
16
14
9
7
8
13
11
9
9
9
10
0
8
11
15
13
0
15
13
6
6
11
0
0
16
10
9
10
11
10
13
14
13
7
11
10
11
11
0
8
10
11
11
6
9
0
9
11
11
1
0
6
0
0
6
11
9
16
9
1
16
9
13
8
8
7
0
13
10
8
1
11
0
6
11
1
0
11
1
6
16
1
0
9
13
14
16
11
14
13
8
13
10
16
9
8
7
1
10
13
9
6
10
0
16
7
16
1
15
15
14
16
0
10
16
15
1
16
1
1
15
1
0
14
8
1
14
13
11
11
7
7
7
11
10
15
10
7
13
15
10
7
10
7
16
14
7
0
14
14
14
11
11
8
11
8
0
11
14
14
11
1
9
10
1
15
0
8
6
6
10
8
1
11
1
11
6
15
1
1
7
9
1
7
8
9
7
10
7
1
1
0
10
14
9
8
14
7
14
13
1
16
13
7
9
14
13
11
15
14
